INFO - BNN_UCI - Running command 'fit_bnn'
INFO - BNN_UCI - Started run with ID "340"
/home/freidanm/repos/pytorch_experiments/experiments_env/src/pysgmcmc/pysgmcmc/data/datasets.py:14: FutureWarning: Method .as_matrix will be removed in a future version. Use .values instead.
  x_train = train_data.as_matrix(feature_columns)
/home/freidanm/repos/pytorch_experiments/experiments_env/src/pysgmcmc/pysgmcmc/data/datasets.py:15: FutureWarning: Method .as_matrix will be removed in a future version. Use .values instead.
  y_train = train_data[label_column].as_matrix()
/home/freidanm/repos/pytorch_experiments/experiments_env/src/pysgmcmc/pysgmcmc/data/datasets.py:17: FutureWarning: Method .as_matrix will be removed in a future version. Use .values instead.
  x_test = test_data.as_matrix(feature_columns)
/home/freidanm/repos/pytorch_experiments/experiments_env/src/pysgmcmc/pysgmcmc/data/datasets.py:18: FutureWarning: Method .as_matrix will be removed in a future version. Use .values instead.
  y_test = test_data[label_column].as_matrix()
INFO - root - Performing 15000 iterations
INFO - BNN_UCI - Result: {'prediction_mean': array([24.88569 , 20.26179 , 11.549749, 51.506702, 50.20273 , 23.089415,
       22.804602, 16.07902 , 24.845755, 41.595722, 22.073637, 17.793795,
       25.188795, 15.714451, 36.312553, 19.72292 , 21.783972, 20.14167 ,
       20.848667, 45.134987, 20.837305, 16.603153, 19.001398, 23.78543 ,
       15.613535, 29.817852, 34.70459 , 20.323719, 21.975355, 20.032328,
       24.689032, 18.69395 , 21.935228, 15.001751, 21.761702, 16.839718,
       11.506802, 28.824593, 24.255821, 43.633965, 19.55576 , 19.75852 ,
       14.240984, 15.217935, 25.528036, 10.164371, 19.430256, 12.904678,
       12.152414, 15.092485, 14.562843], dtype=float32), 'x_train': array([[6.3200e-03, 1.8000e+01, 2.3100e+00, ..., 1.5300e+01, 3.9690e+02,
        4.9800e+00],
       [2.7310e-02, 0.0000e+00, 7.0700e+00, ..., 1.7800e+01, 3.9690e+02,
        9.1400e+00],
       [2.7290e-02, 0.0000e+00, 7.0700e+00, ..., 1.7800e+01, 3.9283e+02,
        4.0300e+00],
       ...,
       [6.0760e-02, 0.0000e+00, 1.1930e+01, ..., 2.1000e+01, 3.9690e+02,
        5.6400e+00],
       [1.0959e-01, 0.0000e+00, 1.1930e+01, ..., 2.1000e+01, 3.9345e+02,
        6.4800e+00],
       [4.7410e-02, 0.0000e+00, 1.1930e+01, ..., 2.1000e+01, 3.9690e+02,
        7.8800e+00]]), 'y_train': array([24. , 21.6, 34.7, 33.4, 36.2, 28.7, 22.9, 27.1, 16.5, 18.9, 15. ,
       18.9, 21.7, 20.4, 18.2, 19.9, 23.1, 17.5, 20.2, 18.2, 13.6, 19.6,
       15.2, 14.5, 15.6, 13.9, 16.6, 14.8, 18.4, 21. , 12.7, 14.5, 13.2,
       13.5, 18.9, 20. , 21. , 24.7, 30.8, 34.9, 26.6, 25.3, 24.7, 21.2,
       19.3, 20. , 16.6, 14.4, 19.4, 19.7, 25. , 18.9, 35.4, 24.7, 31.6,
       23.3, 19.6, 16. , 22.2, 25. , 33. , 23.5, 22. , 17.4, 20.9, 24.2,
       21.7, 23.4, 24.1, 21.4, 20. , 20.8, 21.2, 20.3, 28. , 23.9, 24.8,
       22.9, 23.9, 26.6, 22.5, 22.2, 23.6, 28.7, 22.6, 22. , 22.9, 28.4,
       38.7, 43.8, 33.2, 27.5, 26.5, 18.6, 20.1, 19.5, 20.4, 19.8, 19.4,
       21.7, 18.8, 18.7, 18.3, 21.2, 19.2, 19.3, 22. , 20.3, 20.5, 21.4,
       15.7, 16.2, 18. , 14.3, 19.2, 19.6, 23. , 18.4, 15.6, 18.1, 17.4,
       17.1, 13.3, 14. , 14.4, 13.4, 15.6, 11.8, 15.6, 14.6, 17.8, 15.4,
       21.5, 19.6, 15.3, 19.4, 15.6, 13.1, 41.3, 24.3, 23.3, 27. , 50. ,
       50. , 50. , 22.7, 25. , 23.8, 23.8, 22.3, 17.4, 19.1, 23.1, 23.6,
       29.4, 23.2, 24.6, 29.9, 37.2, 39.8, 36.2, 37.9, 32.5, 26.4, 50. ,
       32. , 29.8, 34.9, 37. , 30.5, 36.4, 31.1, 29.1, 50. , 30.3, 34.6,
       34.9, 32.9, 24.1, 42.3, 48.5, 50. , 22.6, 24.4, 22.5, 20. , 21.7,
       19.3, 22.4, 28.1, 23.7, 25. , 23.3, 28.7, 21.5, 23. , 26.7, 21.7,
       27.5, 30.1, 50. , 37.6, 31.6, 46.7, 31.5, 24.3, 31.7, 41.7, 48.3,
       29. , 24. , 31.5, 23.7, 23.3, 22. , 20.1, 22.2, 23.7, 17.6, 18.5,
       24.3, 20.5, 24.5, 26.2, 24.4, 24.8, 29.6, 42.8, 21.9, 20.9, 44. ,
       50. , 36. , 30.1, 33.8, 43.1, 48.8, 31. , 36.5, 22.8, 30.7, 43.5,
       20.7, 21.1, 25.2, 24.4, 32.4, 32. , 33.2, 33.1, 29.1, 45.4, 35.4,
       32.2, 22. , 20.1, 23.2, 22.3, 24.8, 28.5, 37.3, 27.9, 23.9, 21.7,
       28.6, 27.1, 22.5, 29. , 24.8, 22. , 26.4, 33.1, 36.1, 28.4, 33.4,
       28.2, 22.8, 20.3, 16.1, 22.1, 19.4, 21.6, 23.8, 17.8, 19.8, 23.1,
       21. , 23.8, 20.4, 18.5, 23. , 22.2, 19.3, 22.6, 19.8, 17.1, 22.2,
       20.7, 21.1, 19.5, 18.5, 20.6, 19. , 18.7, 32.7, 16.5, 23.9, 31.2,
       17.5, 23.1, 24.5, 26.6, 22.9, 24.1, 18.6, 30.1, 20.6, 21.7, 22.7,
       22.6, 25. , 20.8, 21.9, 27.5, 21.9, 23.1, 50. , 50. , 50. , 50. ,
       50. , 13.8, 15. , 13.9, 13.3, 13.1, 10.2, 10.4, 10.9, 11.3,  8.8,
        7.2, 10.5,  7.4, 10.2, 11.5, 15.1, 23.2,  9.7, 13.8, 12.7, 13.1,
       12.5,  8.5,  5. ,  6.3,  5.6,  7.2, 12.1,  8.3,  8.5,  5. , 11.9,
       27.9, 17.2, 27.5, 15. , 17.2, 17.9, 16.3,  7. ,  7.2,  7.5,  8.4,
       16.7, 14.2, 20.8, 13.4, 11.7, 10.2, 10.9, 11. ,  9.5, 14.5, 14.1,
       16.1, 14.3, 11.7, 13.4,  9.6,  8.7,  8.4, 12.8, 10.5, 17.1, 18.4,
       15.4, 10.8, 11.8, 14.9, 12.6, 14.1, 13. , 15.2, 16.1, 17.8, 14.9,
       14.1, 12.7, 13.5, 14.9, 20. , 16.4, 17.7, 19.5, 21.4, 19.9, 19. ,
       19.1, 19.1, 20.1, 19.9, 19.6, 23.2, 29.8, 13.8, 13.3, 12. , 14.6,
       21.4, 23. , 23.7, 25. , 21.8, 20.6, 21.2, 19.1, 20.6, 15.2,  7. ,
        8.1, 13.6, 20.1, 21.8, 24.5, 23.1, 19.7, 18.3, 21.2, 17.5, 16.8,
       22.4, 23.9, 22. , 11.9]), 'y_test': array([25. , 21.4, 10.4, 50. , 50. , 22.8, 18.5, 19.9, 24.6, 46. , 23.4,
       16.7, 22.6, 17.8, 33.3, 18.7, 20.3, 18.2, 20.5, 44.8, 19.4, 17.2,
       16.2, 23.1, 13.4, 29.6, 35.1, 19.3, 16.8, 24.4, 25. , 19.5, 20.6,
       13.8, 19.4, 17.3,  8.8, 35.2, 22.8, 50. , 18.8, 20.2, 13.1, 17. ,
       25.1,  8.3, 20.4, 13.8, 12.3, 17.8, 20.6]), 'prediction_std': array([0.7744357 , 0.8099094 , 0.95676005, 0.7622305 , 0.7522618 ,
       0.5489471 , 0.4249883 , 1.4971956 , 0.6945327 , 0.8304464 ,
       0.4195679 , 0.99900764, 0.89211494, 1.97972   , 0.871592  ,
       0.48727828, 0.44185877, 0.44652742, 0.45332658, 1.1280497 ,
       0.39882216, 0.5964794 , 0.30709922, 0.69531316, 0.7055957 ,
       0.8637786 , 0.8207569 , 0.27899653, 0.43732318, 0.76543874,
       0.51592356, 0.33070952, 0.5689282 , 1.4192028 , 0.4737258 ,
       0.55599755, 0.9161354 , 1.075283  , 0.66610205, 1.9398729 ,
       0.5885976 , 1.0282167 , 0.3307619 , 0.83949095, 0.8476902 ,
       0.96941423, 0.40088335, 1.1503737 , 0.6088748 , 0.39898005,
       0.44001916], dtype=float32), 'packages': [['atomicwrites', '1.1.5'], ['attrs', '18.1.0'], ['backcall', '0.1.0'], ['coverage', '4.5.1'], ['cycler', '0.10.0'], ['decorator', '4.3.0'], ['docopt', '0.6.2'], ['hashfs', '0.7.0'], ['hypothesis', '3.57.0'], ['ipykernel', '4.8.2'], ['ipython', '6.4.0'], ['ipython-genutils', '0.2.0'], ['jedi', '0.12.0'], ['jsonpickle', '0.9.6'], ['jsonschema', '2.6.0'], ['jupyter-client', '5.2.3'], ['jupyter-core', '4.4.0'], ['kiwisolver', '1.0.1'], ['Lasagne', '0.1'], ['matplotlib', '2.2.2'], ['more-itertools', '4.2.0'], ['mpmath', '1.0.0'], ['munch', '2.3.2'], ['nbformat', '4.4.0'], ['nbval', '0.9.1'], ['numpy', '1.14.3'], ['pandas', '0.23.0'], ['parso', '0.2.1'], ['pexpect', '4.6.0'], ['pickleshare', '0.7.4'], ['Pillow', '5.1.0'], ['pip', '10.0.1'], ['pkg-resources', '0.0.0'], ['pluggy', '0.6.0'], ['prompt-toolkit', '1.0.15'], ['ptyprocess', '0.5.2'], ['py', '1.5.3'], ['py-cpuinfo', '4.0.0'], ['Pygments', '2.2.0'], ['pymongo', '3.6.1'], ['pyparsing', '2.2.0'], ['pysgmcmc', '0.0.1'], ['pytest', '3.6.0'], ['python-dateutil', '2.7.3'], ['pytz', '2018.4'], ['pyzmq', '17.0.0'], ['sacred', '0.7.3'], ['scandir', '1.7'], ['scikit-learn', '0.19.1'], ['scipy', '1.1.0'], ['seaborn', '0.8.1'], ['setuptools', '39.2.0'], ['simplegeneric', '0.8.1'], ['six', '1.11.0'], ['SQLAlchemy', '1.2.8'], ['sympy', '1.1.1'], ['Theano', '0.8.0'], ['tinydb', '3.9.0.post1'], ['tinydb-serialization', '1.0.4'], ['torch', '0.4.0'], ['torchvision', '0.2.1'], ['tornado', '5.0.2'], ['tqdm', '4.23.4'], ['traitlets', '4.3.2'], ['wcwidth', '0.1.7'], ['wheel', '0.31.1'], ['wrapt', '1.10.11']], 'x_test': array([[3.41090e-01, 0.00000e+00, 7.38000e+00, 0.00000e+00, 4.93000e-01,
        6.41500e+00, 4.01000e+01, 4.72110e+00, 5.00000e+00, 2.87000e+02,
        1.96000e+01, 3.96900e+02, 6.12000e+00],
       [1.15040e-01, 0.00000e+00, 2.89000e+00, 0.00000e+00, 4.45000e-01,
        6.16300e+00, 6.96000e+01, 3.49520e+00, 2.00000e+00, 2.76000e+02,
        1.80000e+01, 3.91830e+02, 1.13400e+01],
       [2.59406e+01, 0.00000e+00, 1.81000e+01, 0.00000e+00, 6.79000e-01,
        5.30400e+00, 8.91000e+01, 1.64750e+00, 2.40000e+01, 6.66000e+02,
        2.02000e+01, 1.27360e+02, 2.66400e+01],
       [5.78340e-01, 2.00000e+01, 3.97000e+00, 0.00000e+00, 5.75000e-01,
        8.29700e+00, 6.70000e+01, 2.42160e+00, 5.00000e+00, 2.64000e+02,
        1.30000e+01, 3.84540e+02, 7.44000e+00],
       [2.01019e+00, 0.00000e+00, 1.95800e+01, 0.00000e+00, 6.05000e-01,
        7.92900e+00, 9.62000e+01, 2.04590e+00, 5.00000e+00, 4.03000e+02,
        1.47000e+01, 3.69300e+02, 3.70000e+00],
       [9.16400e-02, 0.00000e+00, 1.08100e+01, 0.00000e+00, 4.13000e-01,
        6.06500e+00, 7.80000e+00, 5.28730e+00, 4.00000e+00, 3.05000e+02,
        1.92000e+01, 3.90910e+02, 5.52000e+00],
       [1.42310e-01, 0.00000e+00, 1.00100e+01, 0.00000e+00, 5.47000e-01,
        6.25400e+00, 8.42000e+01, 2.25650e+00, 6.00000e+00, 4.32000e+02,
        1.78000e+01, 3.88740e+02, 1.04500e+01],
       [3.83684e+00, 0.00000e+00, 1.81000e+01, 0.00000e+00, 7.70000e-01,
        6.25100e+00, 9.11000e+01, 2.29550e+00, 2.40000e+01, 6.66000e+02,
        2.02000e+01, 3.50650e+02, 1.41900e+01],
       [1.91860e-01, 0.00000e+00, 7.38000e+00, 0.00000e+00, 4.93000e-01,
        6.43100e+00, 1.47000e+01, 5.41590e+00, 5.00000e+00, 2.87000e+02,
        1.96000e+01, 3.93680e+02, 5.08000e+00],
       [6.12900e-02, 2.00000e+01, 3.33000e+00, 1.00000e+00, 4.42900e-01,
        7.64500e+00, 4.97000e+01, 5.21190e+00, 5.00000e+00, 2.16000e+02,
        1.49000e+01, 3.77070e+02, 3.01000e+00],
       [4.98100e-02, 2.10000e+01, 5.64000e+00, 0.00000e+00, 4.39000e-01,
        5.99800e+00, 2.14000e+01, 6.81470e+00, 4.00000e+00, 2.43000e+02,
        1.68000e+01, 3.96900e+02, 8.43000e+00],
       [4.87141e+00, 0.00000e+00, 1.81000e+01, 0.00000e+00, 6.14000e-01,
        6.48400e+00, 9.36000e+01, 2.30530e+00, 2.40000e+01, 6.66000e+02,
        2.02000e+01, 3.96210e+02, 1.86800e+01],
       [8.44700e-02, 0.00000e+00, 4.05000e+00, 0.00000e+00, 5.10000e-01,
        5.85900e+00, 6.87000e+01, 2.70190e+00, 5.00000e+00, 2.96000e+02,
        1.66000e+01, 3.93230e+02, 9.64000e+00],
       [8.98296e+00, 0.00000e+00, 1.81000e+01, 1.00000e+00, 7.70000e-01,
        6.21200e+00, 9.74000e+01, 2.12220e+00, 2.40000e+01, 6.66000e+02,
        2.02000e+01, 3.77730e+02, 1.76000e+01],
       [4.01100e-02, 8.00000e+01, 1.52000e+00, 0.00000e+00, 4.04000e-01,
        7.28700e+00, 3.41000e+01, 7.30900e+00, 2.00000e+00, 3.29000e+02,
        1.26000e+01, 3.96900e+02, 4.08000e+00],
       [1.49320e-01, 2.50000e+01, 5.13000e+00, 0.00000e+00, 4.53000e-01,
        5.74100e+00, 6.62000e+01, 7.22540e+00, 8.00000e+00, 2.84000e+02,
        1.97000e+01, 3.95110e+02, 1.31500e+01],
       [1.41030e-01, 0.00000e+00, 1.39200e+01, 0.00000e+00, 4.37000e-01,
        5.79000e+00, 5.80000e+01, 6.32000e+00, 4.00000e+00, 2.89000e+02,
        1.60000e+01, 3.96900e+02, 1.58400e+01],
       [4.30100e-02, 8.00000e+01, 1.91000e+00, 0.00000e+00, 4.13000e-01,
        5.66300e+00, 2.19000e+01, 1.05857e+01, 4.00000e+00, 3.34000e+02,
        2.20000e+01, 3.82800e+02, 8.05000e+00],
       [4.33700e-02, 2.10000e+01, 5.64000e+00, 0.00000e+00, 4.39000e-01,
        6.11500e+00, 6.30000e+01, 6.81470e+00, 4.00000e+00, 2.43000e+02,
        1.68000e+01, 3.93970e+02, 9.43000e+00],
       [3.15330e-01, 0.00000e+00, 6.20000e+00, 0.00000e+00, 5.04000e-01,
        8.26600e+00, 7.83000e+01, 2.89440e+00, 8.00000e+00, 3.07000e+02,
        1.74000e+01, 3.85050e+02, 4.14000e+00],
       [4.37900e-02, 8.00000e+01, 3.37000e+00, 0.00000e+00, 3.98000e-01,
        5.78700e+00, 3.11000e+01, 6.61150e+00, 4.00000e+00, 3.37000e+02,
        1.61000e+01, 3.96900e+02, 1.02400e+01],
       [6.16200e-02, 0.00000e+00, 4.39000e+00, 0.00000e+00, 4.42000e-01,
        5.89800e+00, 5.23000e+01, 8.01360e+00, 3.00000e+00, 3.52000e+02,
        1.88000e+01, 3.64610e+02, 1.26700e+01],
       [2.53560e-01, 0.00000e+00, 9.90000e+00, 0.00000e+00, 5.44000e-01,
        5.70500e+00, 7.77000e+01, 3.94500e+00, 4.00000e+00, 3.04000e+02,
        1.84000e+01, 3.96420e+02, 1.15000e+01],
       [1.81590e-01, 0.00000e+00, 7.38000e+00, 0.00000e+00, 4.93000e-01,
        6.37600e+00, 5.43000e+01, 4.54040e+00, 5.00000e+00, 2.87000e+02,
        1.96000e+01, 3.96900e+02, 6.87000e+00],
       [6.71772e+00, 0.00000e+00, 1.81000e+01, 0.00000e+00, 7.13000e-01,
        6.74900e+00, 9.26000e+01, 2.32360e+00, 2.40000e+01, 6.66000e+02,
        2.02000e+01, 3.20000e-01, 1.74400e+01],
       [6.04700e-02, 0.00000e+00, 2.46000e+00, 0.00000e+00, 4.88000e-01,
        6.15300e+00, 6.88000e+01, 3.27970e+00, 3.00000e+00, 1.93000e+02,
        1.78000e+01, 3.87110e+02, 1.31500e+01],
       [2.10380e-01, 2.00000e+01, 3.33000e+00, 0.00000e+00, 4.42900e-01,
        6.81200e+00, 3.22000e+01, 4.10070e+00, 5.00000e+00, 2.16000e+02,
        1.49000e+01, 3.96900e+02, 4.85000e+00],
       [2.11610e-01, 0.00000e+00, 8.56000e+00, 0.00000e+00, 5.20000e-01,
        6.13700e+00, 8.74000e+01, 2.71470e+00, 5.00000e+00, 3.84000e+02,
        2.09000e+01, 3.94470e+02, 1.34400e+01],
       [4.22239e+00, 0.00000e+00, 1.81000e+01, 1.00000e+00, 7.70000e-01,
        5.80300e+00, 8.90000e+01, 1.90470e+00, 2.40000e+01, 6.66000e+02,
        2.02000e+01, 3.53040e+02, 1.46400e+01],
       [1.35870e-01, 0.00000e+00, 1.05900e+01, 1.00000e+00, 4.89000e-01,
        6.06400e+00, 5.91000e+01, 4.23920e+00, 4.00000e+00, 2.77000e+02,
        1.86000e+01, 3.81320e+02, 1.46600e+01],
       [2.87500e-02, 2.80000e+01, 1.50400e+01, 0.00000e+00, 4.64000e-01,
        6.21100e+00, 2.89000e+01, 3.66590e+00, 4.00000e+00, 2.70000e+02,
        1.82000e+01, 3.96330e+02, 6.21000e+00],
       [1.32620e-01, 0.00000e+00, 8.56000e+00, 0.00000e+00, 5.20000e-01,
        5.85100e+00, 9.67000e+01, 2.10690e+00, 5.00000e+00, 3.84000e+02,
        2.09000e+01, 3.94050e+02, 1.64700e+01],
       [4.29400e-02, 2.80000e+01, 1.50400e+01, 0.00000e+00, 4.64000e-01,
        6.24900e+00, 7.73000e+01, 3.61500e+00, 4.00000e+00, 2.70000e+02,
        1.82000e+01, 3.96900e+02, 1.05900e+01],
       [2.37934e+00, 0.00000e+00, 1.95800e+01, 0.00000e+00, 8.71000e-01,
        6.13000e+00, 1.00000e+02, 1.41910e+00, 5.00000e+00, 4.03000e+02,
        1.47000e+01, 1.72910e+02, 2.78000e+01],
       [3.46600e-02, 3.50000e+01, 6.06000e+00, 0.00000e+00, 4.37900e-01,
        6.03100e+00, 2.33000e+01, 6.64070e+00, 1.00000e+00, 3.04000e+02,
        1.69000e+01, 3.62250e+02, 7.83000e+00],
       [1.50380e-01, 0.00000e+00, 2.56500e+01, 0.00000e+00, 5.81000e-01,
        5.85600e+00, 9.70000e+01, 1.94440e+00, 2.00000e+00, 1.88000e+02,
        1.91000e+01, 3.70310e+02, 2.54100e+01],
       [7.35341e+01, 0.00000e+00, 1.81000e+01, 0.00000e+00, 6.79000e-01,
        5.95700e+00, 1.00000e+02, 1.80260e+00, 2.40000e+01, 6.66000e+02,
        2.02000e+01, 1.64500e+01, 2.06200e+01],
       [2.21880e-01, 2.00000e+01, 6.96000e+00, 1.00000e+00, 4.64000e-01,
        7.69100e+00, 5.18000e+01, 4.36650e+00, 3.00000e+00, 2.23000e+02,
        1.86000e+01, 3.90770e+02, 6.58000e+00],
       [1.00840e-01, 0.00000e+00, 1.00100e+01, 0.00000e+00, 5.47000e-01,
        6.71500e+00, 8.16000e+01, 2.67750e+00, 6.00000e+00, 4.32000e+02,
        1.78000e+01, 3.95590e+02, 1.01600e+01],
       [1.50100e-02, 9.00000e+01, 1.21000e+00, 1.00000e+00, 4.01000e-01,
        7.92300e+00, 2.48000e+01, 5.88500e+00, 1.00000e+00, 1.98000e+02,
        1.36000e+01, 3.95520e+02, 3.16000e+00],
       [9.84900e-02, 0.00000e+00, 2.56500e+01, 0.00000e+00, 5.81000e-01,
        5.87900e+00, 9.58000e+01, 2.00630e+00, 2.00000e+00, 1.88000e+02,
        1.91000e+01, 3.79380e+02, 1.75800e+01],
       [5.82115e+00, 0.00000e+00, 1.81000e+01, 0.00000e+00, 7.13000e-01,
        6.51300e+00, 8.99000e+01, 2.80160e+00, 2.40000e+01, 6.66000e+02,
        2.02000e+01, 3.93820e+02, 1.02900e+01],
       [1.15172e+00, 0.00000e+00, 8.14000e+00, 0.00000e+00, 5.38000e-01,
        5.70100e+00, 9.50000e+01, 3.78720e+00, 4.00000e+00, 3.07000e+02,
        2.10000e+01, 3.58770e+02, 1.83500e+01],
       [1.41385e+00, 0.00000e+00, 1.95800e+01, 1.00000e+00, 8.71000e-01,
        6.12900e+00, 9.60000e+01, 1.74940e+00, 5.00000e+00, 4.03000e+02,
        1.47000e+01, 3.21020e+02, 1.51200e+01],
       [5.20580e-01, 0.00000e+00, 6.20000e+00, 1.00000e+00, 5.07000e-01,
        6.63100e+00, 7.65000e+01, 4.14800e+00, 8.00000e+00, 3.07000e+02,
        1.74000e+01, 3.88450e+02, 9.54000e+00],
       [1.58603e+01, 0.00000e+00, 1.81000e+01, 0.00000e+00, 6.79000e-01,
        5.89600e+00, 9.54000e+01, 1.90960e+00, 2.40000e+01, 6.66000e+02,
        2.02000e+01, 7.68000e+00, 2.43900e+01],
       [1.30580e-01, 0.00000e+00, 1.00100e+01, 0.00000e+00, 5.47000e-01,
        5.87200e+00, 7.31000e+01, 2.47750e+00, 6.00000e+00, 4.32000e+02,
        1.78000e+01, 3.38630e+02, 1.53700e+01],
       [1.84982e+01, 0.00000e+00, 1.81000e+01, 0.00000e+00, 6.68000e-01,
        4.13800e+00, 1.00000e+02, 1.13700e+00, 2.40000e+01, 6.66000e+02,
        2.02000e+01, 3.96900e+02, 3.79700e+01],
       [7.99248e+00, 0.00000e+00, 1.81000e+01, 0.00000e+00, 7.00000e-01,
        5.52000e+00, 1.00000e+02, 1.53310e+00, 2.40000e+01, 6.66000e+02,
        2.02000e+01, 3.96900e+02, 2.45600e+01],
       [5.44520e-01, 0.00000e+00, 2.18900e+01, 0.00000e+00, 6.24000e-01,
        6.15100e+00, 9.79000e+01, 1.66870e+00, 4.00000e+00, 4.37000e+02,
        2.12000e+01, 3.96900e+02, 1.84600e+01],
       [4.52700e-02, 0.00000e+00, 1.19300e+01, 0.00000e+00, 5.73000e-01,
        6.12000e+00, 7.67000e+01, 2.28750e+00, 1.00000e+00, 2.73000e+02,
        2.10000e+01, 3.96900e+02, 9.08000e+00]])}
INFO - BNN_UCI - Completed after 0:01:14
