INFO - BNN_UCI - Running command 'fit_bnn'
INFO - BNN_UCI - Started run with ID "314"
/home/freidanm/repos/pytorch_experiments/experiments_env/src/pysgmcmc/pysgmcmc/data/datasets.py:14: FutureWarning: Method .as_matrix will be removed in a future version. Use .values instead.
  x_train = train_data.as_matrix(feature_columns)
/home/freidanm/repos/pytorch_experiments/experiments_env/src/pysgmcmc/pysgmcmc/data/datasets.py:15: FutureWarning: Method .as_matrix will be removed in a future version. Use .values instead.
  y_train = train_data[label_column].as_matrix()
/home/freidanm/repos/pytorch_experiments/experiments_env/src/pysgmcmc/pysgmcmc/data/datasets.py:17: FutureWarning: Method .as_matrix will be removed in a future version. Use .values instead.
  x_test = test_data.as_matrix(feature_columns)
/home/freidanm/repos/pytorch_experiments/experiments_env/src/pysgmcmc/pysgmcmc/data/datasets.py:18: FutureWarning: Method .as_matrix will be removed in a future version. Use .values instead.
  y_test = test_data[label_column].as_matrix()
INFO - root - Performing 15000 iterations
INFO - BNN_UCI - Result: {'x_train': array([[6.3200e-03, 1.8000e+01, 2.3100e+00, ..., 1.5300e+01, 3.9690e+02,
        4.9800e+00],
       [2.7310e-02, 0.0000e+00, 7.0700e+00, ..., 1.7800e+01, 3.9690e+02,
        9.1400e+00],
       [2.7290e-02, 0.0000e+00, 7.0700e+00, ..., 1.7800e+01, 3.9283e+02,
        4.0300e+00],
       ...,
       [6.0760e-02, 0.0000e+00, 1.1930e+01, ..., 2.1000e+01, 3.9690e+02,
        5.6400e+00],
       [1.0959e-01, 0.0000e+00, 1.1930e+01, ..., 2.1000e+01, 3.9345e+02,
        6.4800e+00],
       [4.7410e-02, 0.0000e+00, 1.1930e+01, ..., 2.1000e+01, 3.9690e+02,
        7.8800e+00]]), 'prediction_std': array([1.1699083 , 1.4348328 , 1.1257715 , 2.0291352 , 1.0879923 ,
       2.3852704 , 2.4132326 , 1.0588529 , 2.250331  , 1.5466981 ,
       1.4174161 , 0.96211576, 1.8941243 , 0.9489703 , 0.9574726 ,
       1.7031507 , 1.2141314 , 1.0927329 , 0.95586145, 1.9377156 ,
       1.5874177 , 1.2850741 , 1.4043827 , 1.0059128 , 1.6692679 ,
       1.9645389 , 1.3574127 , 1.3371046 , 1.5906985 , 1.3872442 ,
       2.1842074 , 2.5370307 , 0.9869641 , 1.6454271 , 1.047078  ,
       1.2137156 , 0.91383404, 1.135701  , 2.0392563 , 2.2668152 ,
       2.1176336 , 1.2576982 , 1.0665469 , 1.1105735 , 1.0351245 ,
       1.8080704 , 1.8536191 , 0.8372552 , 1.8717242 , 1.3039472 ,
       1.5034498 ], dtype=float32), 'y_train': array([24. , 21.6, 34.7, 33.4, 36.2, 28.7, 22.9, 27.1, 16.5, 18.9, 15. ,
       18.9, 21.7, 20.4, 18.2, 19.9, 23.1, 17.5, 20.2, 18.2, 13.6, 19.6,
       15.2, 15.6, 13.9, 16.6, 14.8, 18.4, 21. , 12.7, 14.5, 13.2, 13.5,
       20. , 30.8, 34.9, 26.6, 25.3, 24.7, 19.3, 20. , 16.6, 14.4, 19.4,
       19.7, 20.5, 18.9, 35.4, 24.7, 31.6, 23.3, 19.6, 18.7, 16. , 22.2,
       25. , 33. , 23.5, 19.4, 22. , 17.4, 20.9, 24.2, 21.7, 22.8, 23.4,
       24.1, 21.4, 20. , 20.8, 21.2, 28. , 23.9, 24.8, 22.9, 23.9, 26.6,
       22.5, 22.2, 23.6, 28.7, 22.6, 22. , 22.9, 20.6, 28.4, 21.4, 38.7,
       43.8, 33.2, 27.5, 26.5, 18.6, 19.3, 20.1, 19.5, 20.4, 19.4, 21.7,
       22.8, 18.8, 18.7, 18.5, 18.3, 21.2, 19.2, 20.4, 19.3, 22. , 20.3,
       20.5, 17.3, 18.8, 21.4, 15.7, 16.2, 18. , 14.3, 19.2, 19.6, 23. ,
       18.4, 15.6, 18.1, 17.1, 13.3, 17.8, 14. , 14.4, 13.4, 15.6, 11.8,
       13.8, 15.6, 14.6, 17.8, 15.4, 21.5, 19.6, 15.3, 19.4, 17. , 15.6,
       24.3, 23.3, 27. , 50. , 50. , 50. , 25. , 50. , 23.8, 23.8, 22.3,
       17.4, 19.1, 23.1, 23.6, 22.6, 29.4, 23.2, 24.6, 29.9, 37.2, 39.8,
       36.2, 37.9, 32.5, 26.4, 29.6, 50. , 32. , 29.8, 37. , 30.5, 36.4,
       31.1, 29.1, 50. , 33.3, 30.3, 34.6, 34.9, 24.1, 42.3, 48.5, 50. ,
       24.4, 22.5, 24.4, 20. , 21.7, 19.3, 22.4, 28.1, 23.7, 25. , 28.7,
       21.5, 23. , 26.7, 21.7, 27.5, 30.1, 50. , 37.6, 31.6, 31.5, 24.3,
       31.7, 41.7, 48.3, 29. , 24. , 25.1, 31.5, 23.7, 23.3, 22. , 20.1,
       22.2, 23.7, 17.6, 18.5, 24.3, 20.5, 24.5, 26.2, 24.4, 24.8, 29.6,
       42.8, 21.9, 20.9, 44. , 50. , 30.1, 33.8, 43.1, 48.8, 31. , 22.8,
       30.7, 50. , 43.5, 20.7, 25.2, 24.4, 35.2, 32.4, 32. , 33.2, 33.1,
       29.1, 35.1, 35.4, 46. , 50. , 32.2, 20.1, 23.2, 22.3, 24.8, 28.5,
       27.9, 23.9, 21.7, 28.6, 27.1, 20.3, 22.5, 29. , 24.8, 22. , 26.4,
       33.1, 36.1, 28.4, 33.4, 28.2, 20.3, 16.1, 22.1, 19.4, 23.8, 16.2,
       17.8, 19.8, 23.1, 21. , 23.8, 23.1, 20.4, 18.5, 25. , 24.6, 23. ,
       22.2, 19.3, 17.1, 19.4, 22.2, 20.7, 21.1, 19.5, 18.5, 20.6, 19. ,
       32.7, 16.5, 23.9, 31.2, 17.5, 17.2, 24.5, 26.6, 22.9, 24.1, 18.6,
       30.1, 18.2, 17.8, 21.7, 22.7, 22.6, 25. , 19.9, 20.8, 21.9, 21.9,
       23.1, 50. , 50. , 50. , 50. , 13.8, 15. , 13.1, 10.2, 10.4, 10.9,
       11.3, 12.3,  8.8,  7.2, 10.5,  7.4, 10.2, 11.5, 15.1,  9.7, 13.8,
       12.7, 13.1, 12.5,  8.5,  5. ,  6.3,  7.2, 12.1,  8.3,  8.5,  5. ,
       11.9, 27.9, 17.2, 27.5, 17.9, 16.3,  7. ,  7.2,  7.5, 10.4,  8.8,
        8.4, 16.7, 14.2, 20.8, 13.4, 11.7,  8.3, 10.2, 10.9, 11. ,  9.5,
       14.1, 16.1, 14.3, 13.4,  9.6,  8.7,  8.4, 12.8, 10.5, 17.1, 18.4,
       15.4, 10.8, 11.8, 14.9, 12.6, 14.1, 13. , 13.4, 15.2, 16.1, 17.8,
       14.9, 14.1, 12.7, 13.5, 14.9, 20. , 16.4, 17.7, 19.5, 20.2, 21.4,
       19.9, 19. , 19.1, 20.1, 19.9, 19.6, 23.2, 29.8, 13.8, 13.3, 16.7,
       12. , 14.6, 21.4, 23. , 23.7, 25. , 21.8, 20.6, 19.1, 20.6, 15.2,
        7. ,  8.1, 13.6, 20.1, 21.8, 24.5, 23.1, 21.2, 17.5, 16.8, 22.4,
       20.6, 23.9, 22. , 11.9]), 'y_test': array([22.6, 36.5, 19.5, 50. , 14.5, 11.7, 27.5, 22. , 19.1, 32.9, 19.8,
       17.4, 15. , 18.7, 19.8, 13.9, 18.9, 25. , 24.7, 20.6, 21.2, 17.2,
        5.6, 21. , 14.5, 13.3, 23.4, 22.6, 36. , 21.6, 22.7, 22.8, 13.1,
       46.7, 23.1, 16.8, 25. , 13.1, 41.3, 21.1, 45.4, 37.3, 21.2, 18.3,
       19.7, 23.3, 44.8, 20.3, 34.9, 23.2, 13.8]), 'packages': [['atomicwrites', '1.1.5'], ['attrs', '18.1.0'], ['backcall', '0.1.0'], ['coverage', '4.5.1'], ['cycler', '0.10.0'], ['decorator', '4.3.0'], ['docopt', '0.6.2'], ['hashfs', '0.7.0'], ['hypothesis', '3.57.0'], ['ipykernel', '4.8.2'], ['ipython', '6.4.0'], ['ipython-genutils', '0.2.0'], ['jedi', '0.12.0'], ['jsonpickle', '0.9.6'], ['jsonschema', '2.6.0'], ['jupyter-client', '5.2.3'], ['jupyter-core', '4.4.0'], ['kiwisolver', '1.0.1'], ['Lasagne', '0.1'], ['matplotlib', '2.2.2'], ['more-itertools', '4.2.0'], ['mpmath', '1.0.0'], ['munch', '2.3.2'], ['nbformat', '4.4.0'], ['nbval', '0.9.1'], ['numpy', '1.14.3'], ['pandas', '0.23.0'], ['parso', '0.2.1'], ['pexpect', '4.6.0'], ['pickleshare', '0.7.4'], ['Pillow', '5.1.0'], ['pip', '10.0.1'], ['pkg-resources', '0.0.0'], ['pluggy', '0.6.0'], ['prompt-toolkit', '1.0.15'], ['ptyprocess', '0.5.2'], ['py', '1.5.3'], ['py-cpuinfo', '4.0.0'], ['Pygments', '2.2.0'], ['pymongo', '3.6.1'], ['pyparsing', '2.2.0'], ['pysgmcmc', '0.0.1'], ['pytest', '3.6.0'], ['python-dateutil', '2.7.3'], ['pytz', '2018.4'], ['pyzmq', '17.0.0'], ['sacred', '0.7.3'], ['scandir', '1.7'], ['scikit-learn', '0.19.1'], ['scipy', '1.1.0'], ['seaborn', '0.8.1'], ['setuptools', '39.2.0'], ['simplegeneric', '0.8.1'], ['six', '1.11.0'], ['SQLAlchemy', '1.2.8'], ['sympy', '1.1.1'], ['Theano', '0.8.0'], ['tinydb', '3.9.0.post1'], ['tinydb-serialization', '1.0.4'], ['torch', '0.4.0'], ['torchvision', '0.2.1'], ['tornado', '5.0.2'], ['tqdm', '4.23.4'], ['traitlets', '4.3.2'], ['wcwidth', '0.1.7'], ['wheel', '0.31.1'], ['wrapt', '1.10.11']], 'prediction_mean': array([24.97788 , 35.05137 , 18.19793 , 30.349861, 14.512547, 13.968918,
       24.046438, 22.894184, 16.077974, 34.646973, 21.981089, 16.803555,
       11.77313 , 19.469921, 22.037954, 11.089615, 21.315828, 25.622406,
       21.717255, 20.43004 , 24.157825, 13.037148,  9.994992, 19.71833 ,
       15.679785, 12.160861, 22.07825 , 25.207758, 35.956383, 25.534634,
       22.39417 , 31.046644, 14.382901, 43.495255, 25.37527 , 23.314919,
       25.41685 , 14.994963, 38.581158, 24.793901, 40.017715, 31.228119,
       21.801914, 17.317001, 16.550669, 22.479784, 47.683083, 20.129745,
       37.841133, 13.562662, 13.425237], dtype=float32), 'x_test': array([[6.72400e-02, 0.00000e+00, 3.24000e+00, 0.00000e+00, 4.60000e-01,
        6.33300e+00, 1.72000e+01, 5.21460e+00, 4.00000e+00, 4.30000e+02,
        1.69000e+01, 3.75210e+02, 7.34000e+00],
       [5.50070e-01, 2.00000e+01, 3.97000e+00, 0.00000e+00, 6.47000e-01,
        7.20600e+00, 9.16000e+01, 1.93010e+00, 5.00000e+00, 2.64000e+02,
        1.30000e+01, 3.87890e+02, 8.10000e+00],
       [1.71200e-01, 0.00000e+00, 8.56000e+00, 0.00000e+00, 5.20000e-01,
        5.83600e+00, 9.19000e+01, 2.21100e+00, 5.00000e+00, 3.84000e+02,
        2.09000e+01, 3.95670e+02, 1.86600e+01],
       [9.23230e+00, 0.00000e+00, 1.81000e+01, 0.00000e+00, 6.31000e-01,
        6.21600e+00, 1.00000e+02, 1.16910e+00, 2.40000e+01, 6.66000e+02,
        2.02000e+01, 3.66150e+02, 9.53000e+00],
       [9.88430e-01, 0.00000e+00, 8.14000e+00, 0.00000e+00, 5.38000e-01,
        5.81300e+00, 1.00000e+02, 4.09520e+00, 4.00000e+00, 3.07000e+02,
        2.10000e+01, 3.94540e+02, 1.98800e+01],
       [1.39134e+01, 0.00000e+00, 1.81000e+01, 0.00000e+00, 7.13000e-01,
        6.20800e+00, 9.50000e+01, 2.22220e+00, 2.40000e+01, 6.66000e+02,
        2.02000e+01, 1.00630e+02, 1.51700e+01],
       [4.55587e+00, 0.00000e+00, 1.81000e+01, 0.00000e+00, 7.18000e-01,
        3.56100e+00, 8.79000e+01, 1.61320e+00, 2.40000e+01, 6.66000e+02,
        2.02000e+01, 3.54700e+02, 7.12000e+00],
       [1.09600e-02, 5.50000e+01, 2.25000e+00, 0.00000e+00, 3.89000e-01,
        6.45300e+00, 3.19000e+01, 7.30730e+00, 1.00000e+00, 3.00000e+02,
        1.53000e+01, 3.94720e+02, 8.23000e+00],
       [1.55757e+01, 0.00000e+00, 1.81000e+01, 0.00000e+00, 5.80000e-01,
        5.92600e+00, 7.10000e+01, 2.90840e+00, 2.40000e+01, 6.66000e+02,
        2.02000e+01, 3.68740e+02, 1.81300e+01],
       [1.77800e-02, 9.50000e+01, 1.47000e+00, 0.00000e+00, 4.03000e-01,
        7.13500e+00, 1.39000e+01, 7.65340e+00, 3.00000e+00, 4.02000e+02,
        1.70000e+01, 3.84300e+02, 4.45000e+00],
       [4.54400e-02, 0.00000e+00, 3.24000e+00, 0.00000e+00, 4.60000e-01,
        6.14400e+00, 3.22000e+01, 5.87360e+00, 4.00000e+00, 4.30000e+02,
        1.69000e+01, 3.68570e+02, 9.09000e+00],
       [3.22640e-01, 0.00000e+00, 2.18900e+01, 0.00000e+00, 6.24000e-01,
        5.94200e+00, 9.35000e+01, 1.96690e+00, 4.00000e+00, 4.37000e+02,
        2.12000e+01, 3.78250e+02, 1.69000e+01],
       [5.11358e+01, 0.00000e+00, 1.81000e+01, 0.00000e+00, 5.97000e-01,
        5.75700e+00, 1.00000e+02, 1.41300e+00, 2.40000e+01, 6.66000e+02,
        2.02000e+01, 2.60000e+00, 1.01100e+01],
       [6.15100e-02, 0.00000e+00, 5.19000e+00, 0.00000e+00, 5.15000e-01,
        5.96800e+00, 5.85000e+01, 4.81220e+00, 5.00000e+00, 2.24000e+02,
        2.02000e+01, 3.96900e+02, 9.29000e+00],
       [1.28020e-01, 0.00000e+00, 8.56000e+00, 0.00000e+00, 5.20000e-01,
        6.47400e+00, 9.71000e+01, 2.43290e+00, 5.00000e+00, 3.84000e+02,
        2.09000e+01, 3.95240e+02, 1.22700e+01],
       [1.52880e+01, 0.00000e+00, 1.81000e+01, 0.00000e+00, 6.71000e-01,
        6.64900e+00, 9.33000e+01, 1.34490e+00, 2.40000e+01, 6.66000e+02,
        2.02000e+01, 3.63020e+02, 2.32400e+01],
       [6.41700e-02, 0.00000e+00, 5.96000e+00, 0.00000e+00, 4.99000e-01,
        5.93300e+00, 6.82000e+01, 3.36030e+00, 5.00000e+00, 2.79000e+02,
        1.92000e+01, 3.96900e+02, 9.68000e+00],
       [5.36000e-02, 2.10000e+01, 5.64000e+00, 0.00000e+00, 4.39000e-01,
        6.51100e+00, 2.11000e+01, 6.81470e+00, 4.00000e+00, 2.43000e+02,
        1.68000e+01, 3.96900e+02, 5.28000e+00],
       [1.75050e-01, 0.00000e+00, 5.96000e+00, 0.00000e+00, 4.99000e-01,
        5.96600e+00, 3.02000e+01, 3.84730e+00, 5.00000e+00, 2.79000e+02,
        1.92000e+01, 3.93430e+02, 1.01300e+01],
       [1.06590e-01, 8.00000e+01, 1.91000e+00, 0.00000e+00, 4.13000e-01,
        5.93600e+00, 1.95000e+01, 1.05857e+01, 4.00000e+00, 3.34000e+02,
        2.20000e+01, 3.76040e+02, 5.57000e+00],
       [3.67367e+00, 0.00000e+00, 1.81000e+01, 0.00000e+00, 5.83000e-01,
        6.31200e+00, 5.19000e+01, 3.99170e+00, 2.40000e+01, 6.66000e+02,
        2.02000e+01, 3.88620e+02, 1.05800e+01],
       [1.40507e+01, 0.00000e+00, 1.81000e+01, 0.00000e+00, 5.97000e-01,
        6.65700e+00, 1.00000e+02, 1.52750e+00, 2.40000e+01, 6.66000e+02,
        2.02000e+01, 3.50500e+01, 2.12200e+01],
       [2.50461e+01, 0.00000e+00, 1.81000e+01, 0.00000e+00, 6.93000e-01,
        5.98700e+00, 1.00000e+02, 1.58880e+00, 2.40000e+01, 6.66000e+02,
        2.02000e+01, 3.96900e+02, 2.67700e+01],
       [8.01400e-02, 0.00000e+00, 5.96000e+00, 0.00000e+00, 4.99000e-01,
        5.85000e+00, 4.15000e+01, 3.93420e+00, 5.00000e+00, 2.79000e+02,
        1.92000e+01, 3.96900e+02, 8.77000e+00],
       [8.49213e+00, 0.00000e+00, 1.81000e+01, 0.00000e+00, 5.84000e-01,
        6.34800e+00, 8.61000e+01, 2.05270e+00, 2.40000e+01, 6.66000e+02,
        2.02000e+01, 8.34500e+01, 1.76400e+01],
       [9.82349e+00, 0.00000e+00, 1.81000e+01, 0.00000e+00, 6.71000e-01,
        6.79400e+00, 9.88000e+01, 1.35800e+00, 2.40000e+01, 6.66000e+02,
        2.02000e+01, 3.96900e+02, 2.12400e+01],
       [4.98100e-02, 2.10000e+01, 5.64000e+00, 0.00000e+00, 4.39000e-01,
        5.99800e+00, 2.14000e+01, 6.81470e+00, 4.00000e+00, 2.43000e+02,
        1.68000e+01, 3.96900e+02, 8.43000e+00],
       [1.36420e-01, 0.00000e+00, 1.05900e+01, 0.00000e+00, 4.89000e-01,
        5.89100e+00, 2.23000e+01, 3.94540e+00, 4.00000e+00, 2.77000e+02,
        1.86000e+01, 3.96900e+02, 1.08700e+01],
       [6.63510e-01, 2.00000e+01, 3.97000e+00, 0.00000e+00, 6.47000e-01,
        7.33300e+00, 1.00000e+02, 1.89460e+00, 5.00000e+00, 2.64000e+02,
        1.30000e+01, 3.83290e+02, 7.79000e+00],
       [2.69380e-01, 0.00000e+00, 9.90000e+00, 0.00000e+00, 5.44000e-01,
        6.26600e+00, 8.28000e+01, 3.26280e+00, 4.00000e+00, 3.04000e+02,
        1.84000e+01, 3.93390e+02, 7.90000e+00],
       [2.24236e+00, 0.00000e+00, 1.95800e+01, 0.00000e+00, 6.05000e-01,
        5.85400e+00, 9.18000e+01, 2.42200e+00, 5.00000e+00, 4.03000e+02,
        1.47000e+01, 3.95110e+02, 1.16400e+01],
       [4.92980e-01, 0.00000e+00, 9.90000e+00, 0.00000e+00, 5.44000e-01,
        6.63500e+00, 8.25000e+01, 3.31750e+00, 4.00000e+00, 3.04000e+02,
        1.84000e+01, 3.96900e+02, 4.54000e+00],
       [2.44668e+00, 0.00000e+00, 1.95800e+01, 0.00000e+00, 8.71000e-01,
        5.27200e+00, 9.40000e+01, 1.73640e+00, 5.00000e+00, 4.03000e+02,
        1.47000e+01, 8.86300e+01, 1.61400e+01],
       [2.98190e-01, 0.00000e+00, 6.20000e+00, 0.00000e+00, 5.04000e-01,
        7.68600e+00, 1.70000e+01, 3.37510e+00, 8.00000e+00, 3.07000e+02,
        1.74000e+01, 3.77510e+02, 3.92000e+00],
       [1.87000e-02, 8.50000e+01, 4.15000e+00, 0.00000e+00, 4.29000e-01,
        6.51600e+00, 2.77000e+01, 8.53530e+00, 4.00000e+00, 3.51000e+02,
        1.79000e+01, 3.92430e+02, 6.36000e+00],
       [4.22239e+00, 0.00000e+00, 1.81000e+01, 1.00000e+00, 7.70000e-01,
        5.80300e+00, 8.90000e+01, 1.90470e+00, 2.40000e+01, 6.66000e+02,
        2.02000e+01, 3.53040e+02, 1.46400e+01],
       [2.87500e-02, 2.80000e+01, 1.50400e+01, 0.00000e+00, 4.64000e-01,
        6.21100e+00, 2.89000e+01, 3.66590e+00, 4.00000e+00, 2.70000e+02,
        1.82000e+01, 3.96330e+02, 6.21000e+00],
       [1.15172e+00, 0.00000e+00, 8.14000e+00, 0.00000e+00, 5.38000e-01,
        5.70100e+00, 9.50000e+01, 3.78720e+00, 4.00000e+00, 3.07000e+02,
        2.10000e+01, 3.58770e+02, 1.83500e+01],
       [1.22358e+00, 0.00000e+00, 1.95800e+01, 0.00000e+00, 6.05000e-01,
        6.94300e+00, 9.74000e+01, 1.87730e+00, 5.00000e+00, 4.03000e+02,
        1.47000e+01, 3.63430e+02, 4.59000e+00],
       [2.99160e-01, 2.00000e+01, 6.96000e+00, 0.00000e+00, 4.64000e-01,
        5.85600e+00, 4.21000e+01, 4.42900e+00, 3.00000e+00, 2.23000e+02,
        1.86000e+01, 3.88650e+02, 1.30000e+01],
       [3.57800e-02, 2.00000e+01, 3.33000e+00, 0.00000e+00, 4.42900e-01,
        7.82000e+00, 6.45000e+01, 4.69470e+00, 5.00000e+00, 2.16000e+02,
        1.49000e+01, 3.87310e+02, 3.76000e+00],
       [7.88600e-02, 8.00000e+01, 4.95000e+00, 0.00000e+00, 4.11000e-01,
        7.14800e+00, 2.77000e+01, 5.11670e+00, 4.00000e+00, 2.45000e+02,
        1.92000e+01, 3.96900e+02, 3.56000e+00],
       [1.22690e-01, 0.00000e+00, 6.91000e+00, 0.00000e+00, 4.48000e-01,
        6.06900e+00, 4.00000e+01, 5.72090e+00, 3.00000e+00, 2.33000e+02,
        1.79000e+01, 3.89390e+02, 9.55000e+00],
       [2.68380e-01, 0.00000e+00, 9.69000e+00, 0.00000e+00, 5.85000e-01,
        5.79400e+00, 7.06000e+01, 2.89270e+00, 6.00000e+00, 3.91000e+02,
        1.92000e+01, 3.96900e+02, 1.41000e+01],
       [2.89600e-01, 0.00000e+00, 9.69000e+00, 0.00000e+00, 5.85000e-01,
        5.39000e+00, 7.29000e+01, 2.79860e+00, 6.00000e+00, 3.91000e+02,
        1.92000e+01, 3.96900e+02, 2.11400e+01],
       [4.56000e-02, 0.00000e+00, 1.38900e+01, 1.00000e+00, 5.50000e-01,
        5.88800e+00, 5.60000e+01, 3.11210e+00, 5.00000e+00, 2.76000e+02,
        1.64000e+01, 3.92800e+02, 1.35100e+01],
       [3.15330e-01, 0.00000e+00, 6.20000e+00, 0.00000e+00, 5.04000e-01,
        8.26600e+00, 7.83000e+01, 2.89440e+00, 8.00000e+00, 3.07000e+02,
        1.74000e+01, 3.85050e+02, 4.14000e+00],
       [8.38700e-02, 0.00000e+00, 1.28300e+01, 0.00000e+00, 4.37000e-01,
        5.87400e+00, 3.66000e+01, 4.50260e+00, 5.00000e+00, 3.98000e+02,
        1.87000e+01, 3.96060e+02, 9.10000e+00],
       [8.37000e-02, 4.50000e+01, 3.44000e+00, 0.00000e+00, 4.37000e-01,
        7.18500e+00, 3.89000e+01, 4.56670e+00, 5.00000e+00, 3.98000e+02,
        1.52000e+01, 3.96900e+02, 5.39000e+00],
       [5.29305e+00, 0.00000e+00, 1.81000e+01, 0.00000e+00, 7.00000e-01,
        6.05100e+00, 8.25000e+01, 2.16780e+00, 2.40000e+01, 6.66000e+02,
        2.02000e+01, 3.78380e+02, 1.87600e+01],
       [1.84982e+01, 0.00000e+00, 1.81000e+01, 0.00000e+00, 6.68000e-01,
        4.13800e+00, 1.00000e+02, 1.13700e+00, 2.40000e+01, 6.66000e+02,
        2.02000e+01, 3.96900e+02, 3.79700e+01]])}
INFO - BNN_UCI - Completed after 0:03:36
