INFO - BNN_UCI - Running command 'fit_bnn'
INFO - BNN_UCI - Started run with ID "322"
/home/freidanm/repos/pytorch_experiments/experiments_env/src/pysgmcmc/pysgmcmc/data/datasets.py:14: FutureWarning: Method .as_matrix will be removed in a future version. Use .values instead.
  x_train = train_data.as_matrix(feature_columns)
/home/freidanm/repos/pytorch_experiments/experiments_env/src/pysgmcmc/pysgmcmc/data/datasets.py:15: FutureWarning: Method .as_matrix will be removed in a future version. Use .values instead.
  y_train = train_data[label_column].as_matrix()
/home/freidanm/repos/pytorch_experiments/experiments_env/src/pysgmcmc/pysgmcmc/data/datasets.py:17: FutureWarning: Method .as_matrix will be removed in a future version. Use .values instead.
  x_test = test_data.as_matrix(feature_columns)
/home/freidanm/repos/pytorch_experiments/experiments_env/src/pysgmcmc/pysgmcmc/data/datasets.py:18: FutureWarning: Method .as_matrix will be removed in a future version. Use .values instead.
  y_test = test_data[label_column].as_matrix()
INFO - root - Performing 15000 iterations
INFO - BNN_UCI - Result: {'x_test': array([[8.30800e-02, 0.00000e+00, 2.46000e+00, 0.00000e+00, 4.88000e-01,
        5.60400e+00, 8.98000e+01, 2.98790e+00, 3.00000e+00, 1.93000e+02,
        1.78000e+01, 3.91000e+02, 1.39800e+01],
       [4.59000e-02, 5.25000e+01, 5.32000e+00, 0.00000e+00, 4.05000e-01,
        6.31500e+00, 4.56000e+01, 7.31720e+00, 6.00000e+00, 2.93000e+02,
        1.66000e+01, 3.96900e+02, 7.60000e+00],
       [3.53700e-02, 3.40000e+01, 6.09000e+00, 0.00000e+00, 4.33000e-01,
        6.59000e+00, 4.04000e+01, 5.49170e+00, 7.00000e+00, 3.29000e+02,
        1.61000e+01, 3.95750e+02, 9.50000e+00],
       [5.11358e+01, 0.00000e+00, 1.81000e+01, 0.00000e+00, 5.97000e-01,
        5.75700e+00, 1.00000e+02, 1.41300e+00, 2.40000e+01, 6.66000e+02,
        2.02000e+01, 2.60000e+00, 1.01100e+01],
       [2.19770e-01, 0.00000e+00, 6.91000e+00, 0.00000e+00, 4.48000e-01,
        5.60200e+00, 6.20000e+01, 6.08770e+00, 3.00000e+00, 2.33000e+02,
        1.79000e+01, 3.96900e+02, 1.62000e+01],
       [1.17470e-01, 1.25000e+01, 7.87000e+00, 0.00000e+00, 5.24000e-01,
        6.00900e+00, 8.29000e+01, 6.22670e+00, 5.00000e+00, 3.11000e+02,
        1.52000e+01, 3.96900e+02, 1.32700e+01],
       [7.87500e-02, 4.50000e+01, 3.44000e+00, 0.00000e+00, 4.37000e-01,
        6.78200e+00, 4.11000e+01, 3.78860e+00, 5.00000e+00, 3.98000e+02,
        1.52000e+01, 3.93870e+02, 6.68000e+00],
       [1.42502e+00, 0.00000e+00, 1.95800e+01, 0.00000e+00, 8.71000e-01,
        6.51000e+00, 1.00000e+02, 1.76590e+00, 5.00000e+00, 4.03000e+02,
        1.47000e+01, 3.64310e+02, 7.39000e+00],
       [8.25260e-01, 2.00000e+01, 3.97000e+00, 0.00000e+00, 6.47000e-01,
        7.32700e+00, 9.45000e+01, 2.07880e+00, 5.00000e+00, 2.64000e+02,
        1.30000e+01, 3.93420e+02, 1.12500e+01],
       [6.04700e-02, 0.00000e+00, 2.46000e+00, 0.00000e+00, 4.88000e-01,
        6.15300e+00, 6.88000e+01, 3.27970e+00, 3.00000e+00, 1.93000e+02,
        1.78000e+01, 3.87110e+02, 1.31500e+01],
       [3.87100e-02, 5.25000e+01, 5.32000e+00, 0.00000e+00, 4.05000e-01,
        6.20900e+00, 3.13000e+01, 7.31720e+00, 6.00000e+00, 2.93000e+02,
        1.66000e+01, 3.96900e+02, 7.14000e+00],
       [6.88800e-02, 0.00000e+00, 2.46000e+00, 0.00000e+00, 4.88000e-01,
        6.14400e+00, 6.22000e+01, 2.59790e+00, 3.00000e+00, 1.93000e+02,
        1.78000e+01, 3.96900e+02, 9.45000e+00],
       [3.68940e-01, 2.20000e+01, 5.86000e+00, 0.00000e+00, 4.31000e-01,
        8.25900e+00, 8.40000e+00, 8.90670e+00, 7.00000e+00, 3.30000e+02,
        1.91000e+01, 3.96900e+02, 3.54000e+00],
       [6.56650e-01, 2.00000e+01, 3.97000e+00, 0.00000e+00, 6.47000e-01,
        6.84200e+00, 1.00000e+02, 2.01070e+00, 5.00000e+00, 2.64000e+02,
        1.30000e+01, 3.91930e+02, 6.90000e+00],
       [9.51200e-02, 0.00000e+00, 1.28300e+01, 0.00000e+00, 4.37000e-01,
        6.28600e+00, 4.50000e+01, 4.50260e+00, 5.00000e+00, 3.98000e+02,
        1.87000e+01, 3.83230e+02, 8.94000e+00],
       [5.47900e-02, 3.30000e+01, 2.18000e+00, 0.00000e+00, 4.72000e-01,
        6.61600e+00, 5.81000e+01, 3.37000e+00, 7.00000e+00, 2.22000e+02,
        1.84000e+01, 3.93360e+02, 8.93000e+00],
       [9.76170e-01, 0.00000e+00, 2.18900e+01, 0.00000e+00, 6.24000e-01,
        5.75700e+00, 9.84000e+01, 2.34600e+00, 4.00000e+00, 4.37000e+02,
        2.12000e+01, 2.62760e+02, 1.73100e+01],
       [1.65660e+00, 0.00000e+00, 1.95800e+01, 0.00000e+00, 8.71000e-01,
        6.12200e+00, 9.73000e+01, 1.61800e+00, 5.00000e+00, 4.03000e+02,
        1.47000e+01, 3.72800e+02, 1.41000e+01],
       [8.82900e-02, 1.25000e+01, 7.87000e+00, 0.00000e+00, 5.24000e-01,
        6.01200e+00, 6.66000e+01, 5.56050e+00, 5.00000e+00, 3.11000e+02,
        1.52000e+01, 3.95600e+02, 1.24300e+01],
       [3.83684e+00, 0.00000e+00, 1.81000e+01, 0.00000e+00, 7.70000e-01,
        6.25100e+00, 9.11000e+01, 2.29550e+00, 2.40000e+01, 6.66000e+02,
        2.02000e+01, 3.50650e+02, 1.41900e+01],
       [3.35900e-02, 7.50000e+01, 2.95000e+00, 0.00000e+00, 4.28000e-01,
        7.02400e+00, 1.58000e+01, 5.40110e+00, 3.00000e+00, 2.52000e+02,
        1.83000e+01, 3.95620e+02, 1.98000e+00],
       [2.63548e+00, 0.00000e+00, 9.90000e+00, 0.00000e+00, 5.44000e-01,
        4.97300e+00, 3.78000e+01, 2.51940e+00, 4.00000e+00, 3.04000e+02,
        1.84000e+01, 3.50450e+02, 1.26400e+01],
       [3.58090e-01, 0.00000e+00, 6.20000e+00, 1.00000e+00, 5.07000e-01,
        6.95100e+00, 8.85000e+01, 2.86170e+00, 8.00000e+00, 3.07000e+02,
        1.74000e+01, 3.91700e+02, 9.71000e+00],
       [4.26131e+00, 0.00000e+00, 1.81000e+01, 0.00000e+00, 7.70000e-01,
        6.11200e+00, 8.13000e+01, 2.50910e+00, 2.40000e+01, 6.66000e+02,
        2.02000e+01, 3.90740e+02, 1.26700e+01],
       [5.29305e+00, 0.00000e+00, 1.81000e+01, 0.00000e+00, 7.00000e-01,
        6.05100e+00, 8.25000e+01, 2.16780e+00, 2.40000e+01, 6.66000e+02,
        2.02000e+01, 3.78380e+02, 1.87600e+01],
       [1.44550e-01, 1.25000e+01, 7.87000e+00, 0.00000e+00, 5.24000e-01,
        6.17200e+00, 9.61000e+01, 5.95050e+00, 5.00000e+00, 3.11000e+02,
        1.52000e+01, 3.96900e+02, 1.91500e+01],
       [1.69020e-01, 0.00000e+00, 2.56500e+01, 0.00000e+00, 5.81000e-01,
        5.98600e+00, 8.84000e+01, 1.99290e+00, 2.00000e+00, 1.88000e+02,
        1.91000e+01, 3.85020e+02, 1.48100e+01],
       [1.23247e+00, 0.00000e+00, 8.14000e+00, 0.00000e+00, 5.38000e-01,
        6.14200e+00, 9.17000e+01, 3.97690e+00, 4.00000e+00, 3.07000e+02,
        2.10000e+01, 3.96900e+02, 1.87200e+01],
       [7.50300e-02, 3.30000e+01, 2.18000e+00, 0.00000e+00, 4.72000e-01,
        7.42000e+00, 7.19000e+01, 3.09920e+00, 7.00000e+00, 2.22000e+02,
        1.84000e+01, 3.96900e+02, 6.47000e+00],
       [8.66400e-02, 4.50000e+01, 3.44000e+00, 0.00000e+00, 4.37000e-01,
        7.17800e+00, 2.63000e+01, 6.47980e+00, 5.00000e+00, 3.98000e+02,
        1.52000e+01, 3.90490e+02, 2.87000e+00],
       [1.49320e-01, 2.50000e+01, 5.13000e+00, 0.00000e+00, 4.53000e-01,
        5.74100e+00, 6.62000e+01, 7.22540e+00, 8.00000e+00, 2.84000e+02,
        1.97000e+01, 3.95110e+02, 1.31500e+01],
       [2.98190e-01, 0.00000e+00, 6.20000e+00, 0.00000e+00, 5.04000e-01,
        7.68600e+00, 1.70000e+01, 3.37510e+00, 8.00000e+00, 3.07000e+02,
        1.74000e+01, 3.77510e+02, 3.92000e+00],
       [8.22100e-02, 2.20000e+01, 5.86000e+00, 0.00000e+00, 4.31000e-01,
        6.95700e+00, 6.80000e+00, 8.90670e+00, 7.00000e+00, 3.30000e+02,
        1.91000e+01, 3.86090e+02, 3.53000e+00],
       [1.01530e-01, 0.00000e+00, 1.28300e+01, 0.00000e+00, 4.37000e-01,
        6.27900e+00, 7.45000e+01, 4.05220e+00, 5.00000e+00, 3.98000e+02,
        1.87000e+01, 3.73660e+02, 1.19700e+01],
       [3.70500e-02, 2.00000e+01, 3.33000e+00, 0.00000e+00, 4.42900e-01,
        6.96800e+00, 3.72000e+01, 5.24470e+00, 5.00000e+00, 2.16000e+02,
        1.49000e+01, 3.92230e+02, 4.59000e+00],
       [1.96500e-02, 8.00000e+01, 1.76000e+00, 0.00000e+00, 3.85000e-01,
        6.23000e+00, 3.15000e+01, 9.08920e+00, 1.00000e+00, 2.41000e+02,
        1.82000e+01, 3.41600e+02, 1.29300e+01],
       [4.20300e-02, 2.80000e+01, 1.50400e+01, 0.00000e+00, 4.64000e-01,
        6.44200e+00, 5.36000e+01, 3.66590e+00, 4.00000e+00, 2.70000e+02,
        1.82000e+01, 3.95010e+02, 8.16000e+00],
       [2.10380e-01, 2.00000e+01, 3.33000e+00, 0.00000e+00, 4.42900e-01,
        6.81200e+00, 3.22000e+01, 4.10070e+00, 5.00000e+00, 2.16000e+02,
        1.49000e+01, 3.96900e+02, 4.85000e+00],
       [3.67822e+00, 0.00000e+00, 1.81000e+01, 0.00000e+00, 7.70000e-01,
        5.36200e+00, 9.62000e+01, 2.10360e+00, 2.40000e+01, 6.66000e+02,
        2.02000e+01, 3.80790e+02, 1.01900e+01],
       [8.26500e-02, 0.00000e+00, 1.39200e+01, 0.00000e+00, 4.37000e-01,
        6.12700e+00, 1.84000e+01, 5.50270e+00, 4.00000e+00, 2.89000e+02,
        1.60000e+01, 3.96900e+02, 8.58000e+00],
       [1.33598e+01, 0.00000e+00, 1.81000e+01, 0.00000e+00, 6.93000e-01,
        5.88700e+00, 9.47000e+01, 1.78210e+00, 2.40000e+01, 6.66000e+02,
        2.02000e+01, 3.96900e+02, 1.63500e+01],
       [3.93200e-02, 0.00000e+00, 3.41000e+00, 0.00000e+00, 4.89000e-01,
        6.40500e+00, 7.39000e+01, 3.09210e+00, 2.00000e+00, 2.70000e+02,
        1.78000e+01, 3.93550e+02, 8.20000e+00],
       [1.95390e-01, 0.00000e+00, 1.08100e+01, 0.00000e+00, 4.13000e-01,
        6.24500e+00, 6.20000e+00, 5.28730e+00, 4.00000e+00, 3.05000e+02,
        1.92000e+01, 3.77170e+02, 7.54000e+00],
       [1.84982e+01, 0.00000e+00, 1.81000e+01, 0.00000e+00, 6.68000e-01,
        4.13800e+00, 1.00000e+02, 1.13700e+00, 2.40000e+01, 6.66000e+02,
        2.02000e+01, 3.96900e+02, 3.79700e+01],
       [8.38700e-02, 0.00000e+00, 1.28300e+01, 0.00000e+00, 4.37000e-01,
        5.87400e+00, 3.66000e+01, 4.50260e+00, 5.00000e+00, 3.98000e+02,
        1.87000e+01, 3.96060e+02, 9.10000e+00],
       [7.97800e-02, 4.00000e+01, 6.41000e+00, 0.00000e+00, 4.47000e-01,
        6.48200e+00, 3.21000e+01, 4.14030e+00, 4.00000e+00, 2.54000e+02,
        1.76000e+01, 3.96900e+02, 7.19000e+00],
       [2.25971e+01, 0.00000e+00, 1.81000e+01, 0.00000e+00, 7.00000e-01,
        5.00000e+00, 8.95000e+01, 1.51840e+00, 2.40000e+01, 6.66000e+02,
        2.02000e+01, 3.96900e+02, 3.19900e+01],
       [3.23700e-02, 0.00000e+00, 2.18000e+00, 0.00000e+00, 4.58000e-01,
        6.99800e+00, 4.58000e+01, 6.06220e+00, 3.00000e+00, 2.22000e+02,
        1.87000e+01, 3.94630e+02, 2.94000e+00],
       [1.71200e-01, 0.00000e+00, 8.56000e+00, 0.00000e+00, 5.20000e-01,
        5.83600e+00, 9.19000e+01, 2.21100e+00, 5.00000e+00, 3.84000e+02,
        2.09000e+01, 3.95670e+02, 1.86600e+01],
       [7.01300e-02, 0.00000e+00, 1.38900e+01, 0.00000e+00, 5.50000e-01,
        6.64200e+00, 8.51000e+01, 3.42110e+00, 5.00000e+00, 2.76000e+02,
        1.64000e+01, 3.92780e+02, 9.69000e+00],
       [4.52700e-02, 0.00000e+00, 1.19300e+01, 0.00000e+00, 5.73000e-01,
        6.12000e+00, 7.67000e+01, 2.28750e+00, 1.00000e+00, 2.73000e+02,
        2.10000e+01, 3.96900e+02, 9.08000e+00]]), 'prediction_std': array([0.7213531 , 0.74297386, 0.61071473, 1.0078366 , 0.45699748,
       0.41514757, 0.6692894 , 0.97129786, 0.51848614, 0.5781601 ,
       0.7381308 , 0.37089458, 0.91493005, 0.49744076, 0.976283  ,
       0.6148333 , 0.96202266, 0.5650902 , 0.45142415, 0.52650434,
       0.6253072 , 0.6424753 , 0.931521  , 0.5636669 , 0.9002863 ,
       0.4704042 , 0.47759664, 0.72033435, 0.7316454 , 0.8653141 ,
       0.49753186, 1.0439074 , 0.66609466, 0.9719695 , 0.87115556,
       1.1785975 , 0.6679072 , 0.68735874, 0.8703305 , 1.0614611 ,
       0.8930623 , 0.55891216, 0.5210944 , 0.7629477 , 0.6154207 ,
       0.42662057, 0.64388925, 0.57058203, 0.42725465, 0.6042785 ,
       0.47341946], dtype=float32), 'prediction_mean': array([23.842766, 22.827238, 27.786703, 18.225698, 20.100452, 21.340208,
       29.988607, 30.914791, 33.90738 , 25.942533, 23.595629, 24.851048,
       37.46241 , 33.168903, 22.253277, 26.767319, 15.889984, 21.355742,
       23.089558, 18.115128, 34.27754 , 20.072859, 31.590494, 21.336895,
       12.771145, 18.595886, 20.205383, 16.71537 , 33.509304, 39.941383,
       16.092024, 40.693096, 26.569458, 19.390661, 34.04345 , 18.309109,
       26.382027, 34.30063 , 31.407074, 23.969557,  9.99962 , 23.126148,
       23.8602  , 10.816494, 20.899103, 27.192398,  7.599972, 34.72222 ,
       19.890667, 23.654007, 16.456573], dtype=float32), 'y_train': array([24. , 21.6, 34.7, 36.2, 28.7, 16.5, 18.9, 15. , 21.7, 20.4, 18.2,
       19.9, 23.1, 17.5, 20.2, 18.2, 13.6, 19.6, 14.5, 15.6, 13.9, 16.6,
       14.8, 18.4, 21. , 12.7, 14.5, 13.2, 13.1, 13.5, 18.9, 20. , 21. ,
       24.7, 30.8, 26.6, 25.3, 24.7, 21.2, 19.3, 20. , 16.6, 14.4, 19.7,
       20.5, 25. , 23.4, 18.9, 35.4, 24.7, 31.6, 23.3, 19.6, 16. , 22.2,
       25. , 33. , 23.5, 19.4, 22. , 17.4, 20.9, 24.2, 21.7, 22.8, 24.1,
       20.8, 21.2, 28. , 23.9, 24.8, 22.9, 23.9, 26.6, 22.5, 22.2, 23.6,
       28.7, 22.6, 25. , 20.6, 28.4, 21.4, 38.7, 43.8, 33.2, 27.5, 26.5,
       18.6, 19.3, 20.1, 19.5, 20.4, 19.8, 19.4, 21.7, 22.8, 18.8, 18.7,
       18.5, 18.3, 21.2, 19.2, 20.4, 19.3, 22. , 20.3, 20.5, 17.3, 18.8,
       15.7, 16.2, 18. , 14.3, 19.2, 19.6, 23. , 18.4, 18.1, 17.4, 17.1,
       13.3, 17.8, 14. , 14.4, 13.4, 15.6, 11.8, 13.8, 15.6, 14.6, 17.8,
       15.4, 19.6, 15.3, 19.4, 17. , 15.6, 13.1, 41.3, 24.3, 27. , 50. ,
       50. , 50. , 22.7, 25. , 50. , 23.8, 23.8, 22.3, 17.4, 19.1, 23.1,
       23.6, 22.6, 29.4, 23.2, 24.6, 29.9, 37.2, 39.8, 37.9, 32.5, 50. ,
       29.8, 34.9, 37. , 30.5, 31.1, 29.1, 50. , 33.3, 30.3, 34.6, 34.9,
       32.9, 24.1, 42.3, 48.5, 50. , 22.6, 24.4, 22.5, 24.4, 20. , 21.7,
       19.3, 22.4, 28.1, 23.7, 25. , 23.3, 21.5, 23. , 21.7, 27.5, 30.1,
       44.8, 50. , 37.6, 31.6, 31.5, 24.3, 31.7, 41.7, 48.3, 29. , 24. ,
       25.1, 31.5, 23.7, 23.3, 22. , 20.1, 22.2, 23.7, 17.6, 18.5, 24.3,
       20.5, 24.5, 26.2, 24.4, 24.8, 21.9, 20.9, 44. , 50. , 36. , 33.8,
       43.1, 48.8, 36.5, 22.8, 30.7, 50. , 43.5, 20.7, 21.1, 25.2, 24.4,
       35.2, 32.4, 32. , 33.2, 33.1, 45.4, 46. , 50. , 32.2, 22. , 24.8,
       28.5, 37.3, 27.9, 21.7, 28.6, 27.1, 20.3, 22.5, 29. , 24.8, 26.4,
       33.1, 36.1, 28.2, 22.8, 20.3, 22.1, 19.4, 21.6, 23.8, 16.2, 17.8,
       19.8, 23.1, 21. , 23.8, 23.1, 20.4, 18.5, 25. , 24.6, 23. , 22.2,
       19.3, 22.6, 19.8, 17.1, 19.4, 22.2, 20.7, 21.1, 19.5, 18.5, 20.6,
       19. , 18.7, 32.7, 16.5, 23.9, 31.2, 17.5, 17.2, 23.1, 24.5, 26.6,
       22.9, 24.1, 18.6, 30.1, 18.2, 20.6, 17.8, 21.7, 22.7, 25. , 16.8,
       21.9, 27.5, 21.9, 23.1, 50. , 50. , 50. , 50. , 50. , 13.8, 15. ,
       13.9, 13.3, 13.1, 10.2, 10.4, 10.9, 11.3, 12.3,  8.8,  7.2, 10.5,
       10.2, 11.5, 15.1,  9.7, 13.8, 13.1, 12.5,  8.5,  5. ,  6.3,  5.6,
        7.2, 12.1,  8.3,  8.5,  5. , 11.9, 27.9, 17.2, 27.5, 17.2, 17.9,
       16.3,  7. ,  7.2,  7.5, 10.4,  8.8,  8.4, 16.7, 14.2, 20.8, 13.4,
       11.7,  8.3, 10.2, 10.9, 11. ,  9.5, 14.5, 14.1, 16.1, 14.3, 11.7,
       13.4,  9.6,  8.7,  8.4, 12.8, 10.5, 17.1, 18.4, 15.4, 10.8, 11.8,
       14.9, 12.6, 14.1, 13. , 13.4, 15.2, 16.1, 17.8, 14.9, 14.1, 12.7,
       13.5, 14.9, 20. , 16.4, 17.7, 19.5, 20.2, 21.4, 19.9, 19. , 19.1,
       19.1, 20.1, 19.9, 19.6, 23.2, 29.8, 13.8, 13.3, 16.7, 12. , 14.6,
       21.4, 23. , 23.7, 25. , 21.8, 20.6, 21.2, 19.1, 20.6, 15.2,  7. ,
        8.1, 13.6, 20.1, 21.8, 24.5, 23.1, 19.7, 18.3, 21.2, 17.5, 16.8,
       22.4, 23.9, 22. , 11.9]), 'x_train': array([[6.3200e-03, 1.8000e+01, 2.3100e+00, ..., 1.5300e+01, 3.9690e+02,
        4.9800e+00],
       [2.7310e-02, 0.0000e+00, 7.0700e+00, ..., 1.7800e+01, 3.9690e+02,
        9.1400e+00],
       [2.7290e-02, 0.0000e+00, 7.0700e+00, ..., 1.7800e+01, 3.9283e+02,
        4.0300e+00],
       ...,
       [6.0760e-02, 0.0000e+00, 1.1930e+01, ..., 2.1000e+01, 3.9690e+02,
        5.6400e+00],
       [1.0959e-01, 0.0000e+00, 1.1930e+01, ..., 2.1000e+01, 3.9345e+02,
        6.4800e+00],
       [4.7410e-02, 0.0000e+00, 1.1930e+01, ..., 2.1000e+01, 3.9690e+02,
        7.8800e+00]]), 'packages': [['atomicwrites', '1.1.5'], ['attrs', '18.1.0'], ['backcall', '0.1.0'], ['coverage', '4.5.1'], ['cycler', '0.10.0'], ['decorator', '4.3.0'], ['docopt', '0.6.2'], ['hashfs', '0.7.0'], ['hypothesis', '3.57.0'], ['ipykernel', '4.8.2'], ['ipython', '6.4.0'], ['ipython-genutils', '0.2.0'], ['jedi', '0.12.0'], ['jsonpickle', '0.9.6'], ['jsonschema', '2.6.0'], ['jupyter-client', '5.2.3'], ['jupyter-core', '4.4.0'], ['kiwisolver', '1.0.1'], ['Lasagne', '0.1'], ['matplotlib', '2.2.2'], ['more-itertools', '4.2.0'], ['mpmath', '1.0.0'], ['munch', '2.3.2'], ['nbformat', '4.4.0'], ['nbval', '0.9.1'], ['numpy', '1.14.3'], ['pandas', '0.23.0'], ['parso', '0.2.1'], ['pexpect', '4.6.0'], ['pickleshare', '0.7.4'], ['Pillow', '5.1.0'], ['pip', '10.0.1'], ['pkg-resources', '0.0.0'], ['pluggy', '0.6.0'], ['prompt-toolkit', '1.0.15'], ['ptyprocess', '0.5.2'], ['py', '1.5.3'], ['py-cpuinfo', '4.0.0'], ['Pygments', '2.2.0'], ['pymongo', '3.6.1'], ['pyparsing', '2.2.0'], ['pysgmcmc', '0.0.1'], ['pytest', '3.6.0'], ['python-dateutil', '2.7.3'], ['pytz', '2018.4'], ['pyzmq', '17.0.0'], ['sacred', '0.7.3'], ['scandir', '1.7'], ['scikit-learn', '0.19.1'], ['scipy', '1.1.0'], ['seaborn', '0.8.1'], ['setuptools', '39.2.0'], ['simplegeneric', '0.8.1'], ['six', '1.11.0'], ['SQLAlchemy', '1.2.8'], ['sympy', '1.1.1'], ['Theano', '0.8.0'], ['tinydb', '3.9.0.post1'], ['tinydb-serialization', '1.0.4'], ['torch', '0.4.0'], ['torchvision', '0.2.1'], ['tornado', '5.0.2'], ['tqdm', '4.23.4'], ['traitlets', '4.3.2'], ['wcwidth', '0.1.7'], ['wheel', '0.31.1'], ['wrapt', '1.10.11']], 'y_test': array([26.4, 22.3, 22. , 15. , 19.4, 18.9, 32. , 23.3, 31. , 29.6, 23.2,
       36.2, 42.8, 30.1, 21.4, 28.4, 15.6, 21.5, 22.9, 19.9, 34.9, 16.1,
       26.7, 22.6, 23.2, 27.1, 21.4, 15.2, 33.4, 36.4, 18.7, 46.7, 29.6,
       20. , 35.4, 20.1, 22.9, 35.1, 20.8, 23.9, 12.7, 22. , 23.4, 13.8,
       20.3, 29.1,  7.4, 33.4, 19.5, 28.7, 20.6])}
INFO - BNN_UCI - Completed after 0:01:20
