INFO - BNN_UCI - Running command 'fit_bnn'
INFO - BNN_UCI - Started run with ID "389"
/home/freidanm/repos/pytorch_experiments/experiments_env/src/pysgmcmc/pysgmcmc/data/datasets.py:14: FutureWarning: Method .as_matrix will be removed in a future version. Use .values instead.
  x_train = train_data.as_matrix(feature_columns)
/home/freidanm/repos/pytorch_experiments/experiments_env/src/pysgmcmc/pysgmcmc/data/datasets.py:15: FutureWarning: Method .as_matrix will be removed in a future version. Use .values instead.
  y_train = train_data[label_column].as_matrix()
/home/freidanm/repos/pytorch_experiments/experiments_env/src/pysgmcmc/pysgmcmc/data/datasets.py:17: FutureWarning: Method .as_matrix will be removed in a future version. Use .values instead.
  x_test = test_data.as_matrix(feature_columns)
/home/freidanm/repos/pytorch_experiments/experiments_env/src/pysgmcmc/pysgmcmc/data/datasets.py:18: FutureWarning: Method .as_matrix will be removed in a future version. Use .values instead.
  y_test = test_data[label_column].as_matrix()
INFO - root - Performing 15000 iterations
INFO - BNN_UCI - Result: {'y_test': array([25. , 20. , 17.1, 17.8,  8.4, 19.3, 48.3, 29.8, 18.3, 50. , 23.7,
       26.6, 24.7, 24.4, 23.8, 17.8, 28.2, 22.1, 31.5, 25. , 16.8, 22.2,
       28.1, 17. , 24.8, 19.4, 18.9, 17.1,  5. , 37.6, 13.8, 22. , 16.7,
       28.4, 19.2, 19.8, 23.3, 10.2, 31.1, 11.3, 26.6, 23.7, 15.6,  8.5,
       31.5, 22.2, 20.4, 21.7, 14.5, 23.1, 13.1]), 'x_test': array([[3.41090e-01, 0.00000e+00, 7.38000e+00, 0.00000e+00, 4.93000e-01,
        6.41500e+00, 4.01000e+01, 4.72110e+00, 5.00000e+00, 2.87000e+02,
        1.96000e+01, 3.96900e+02, 6.12000e+00],
       [1.88360e-01, 0.00000e+00, 6.91000e+00, 0.00000e+00, 4.48000e-01,
        5.78600e+00, 3.33000e+01, 5.10040e+00, 3.00000e+00, 2.33000e+02,
        1.79000e+01, 3.96900e+02, 1.41500e+01],
       [5.02300e-02, 3.50000e+01, 6.06000e+00, 0.00000e+00, 4.37900e-01,
        5.70600e+00, 2.84000e+01, 6.64070e+00, 1.00000e+00, 3.04000e+02,
        1.69000e+01, 3.94020e+02, 1.24300e+01],
       [2.33099e+00, 0.00000e+00, 1.95800e+01, 0.00000e+00, 8.71000e-01,
        5.18600e+00, 9.38000e+01, 1.52960e+00, 5.00000e+00, 4.03000e+02,
        1.47000e+01, 3.56990e+02, 2.83200e+01],
       [1.18123e+01, 0.00000e+00, 1.81000e+01, 0.00000e+00, 7.18000e-01,
        6.82400e+00, 7.65000e+01, 1.79400e+00, 2.40000e+01, 6.66000e+02,
        2.02000e+01, 4.84500e+01, 2.27400e+01],
       [3.75780e-01, 0.00000e+00, 1.05900e+01, 1.00000e+00, 4.89000e-01,
        5.40400e+00, 8.86000e+01, 3.66500e+00, 4.00000e+00, 2.77000e+02,
        1.86000e+01, 3.95240e+02, 2.39800e+01],
       [3.31470e-01, 0.00000e+00, 6.20000e+00, 0.00000e+00, 5.07000e-01,
        8.24700e+00, 7.04000e+01, 3.65190e+00, 8.00000e+00, 3.07000e+02,
        1.74000e+01, 3.78950e+02, 3.95000e+00],
       [1.25790e-01, 4.50000e+01, 3.44000e+00, 0.00000e+00, 4.37000e-01,
        6.55600e+00, 2.91000e+01, 4.56670e+00, 5.00000e+00, 3.98000e+02,
        1.52000e+01, 3.82840e+02, 4.56000e+00],
       [2.68380e-01, 0.00000e+00, 9.69000e+00, 0.00000e+00, 5.85000e-01,
        5.79400e+00, 7.06000e+01, 2.89270e+00, 6.00000e+00, 3.91000e+02,
        1.92000e+01, 3.96900e+02, 1.41000e+01],
       [6.11540e-01, 2.00000e+01, 3.97000e+00, 0.00000e+00, 6.47000e-01,
        8.70400e+00, 8.69000e+01, 1.80100e+00, 5.00000e+00, 2.64000e+02,
        1.30000e+01, 3.89700e+02, 5.12000e+00],
       [5.70818e+00, 0.00000e+00, 1.81000e+01, 0.00000e+00, 5.32000e-01,
        6.75000e+00, 7.49000e+01, 3.33170e+00, 2.40000e+01, 6.66000e+02,
        2.02000e+01, 3.93070e+02, 7.74000e+00],
       [5.73500e-02, 0.00000e+00, 4.49000e+00, 0.00000e+00, 4.49000e-01,
        6.63000e+00, 5.61000e+01, 4.43770e+00, 3.00000e+00, 2.47000e+02,
        1.85000e+01, 3.92300e+02, 6.53000e+00],
       [2.05500e-02, 8.50000e+01, 7.40000e-01, 0.00000e+00, 4.10000e-01,
        6.38300e+00, 3.57000e+01, 9.18760e+00, 2.00000e+00, 3.13000e+02,
        1.73000e+01, 3.96900e+02, 5.77000e+00],
       [1.35870e-01, 0.00000e+00, 1.05900e+01, 1.00000e+00, 4.89000e-01,
        6.06400e+00, 5.91000e+01, 4.23920e+00, 4.00000e+00, 2.77000e+02,
        1.86000e+01, 3.81320e+02, 1.46600e+01],
       [1.67600e-01, 0.00000e+00, 7.38000e+00, 0.00000e+00, 4.93000e-01,
        6.42600e+00, 5.23000e+01, 4.54040e+00, 5.00000e+00, 2.87000e+02,
        1.96000e+01, 3.96900e+02, 7.20000e+00],
       [5.44520e-01, 0.00000e+00, 2.18900e+01, 0.00000e+00, 6.24000e-01,
        6.15100e+00, 9.79000e+01, 1.66870e+00, 4.00000e+00, 4.37000e+02,
        2.12000e+01, 3.96900e+02, 1.84600e+01],
       [4.93200e-02, 3.30000e+01, 2.18000e+00, 0.00000e+00, 4.72000e-01,
        6.84900e+00, 7.03000e+01, 3.18270e+00, 7.00000e+00, 2.22000e+02,
        1.84000e+01, 3.96900e+02, 7.53000e+00],
       [7.90410e-01, 0.00000e+00, 9.90000e+00, 0.00000e+00, 5.44000e-01,
        6.12200e+00, 5.28000e+01, 2.64030e+00, 4.00000e+00, 3.04000e+02,
        1.84000e+01, 3.96900e+02, 5.98000e+00],
       [4.41780e-01, 0.00000e+00, 6.20000e+00, 0.00000e+00, 5.04000e-01,
        6.55200e+00, 2.14000e+01, 3.37510e+00, 8.00000e+00, 3.07000e+02,
        1.74000e+01, 3.80340e+02, 3.76000e+00],
       [2.92400e+00, 0.00000e+00, 1.95800e+01, 0.00000e+00, 6.05000e-01,
        6.10100e+00, 9.30000e+01, 2.28340e+00, 5.00000e+00, 4.03000e+02,
        1.47000e+01, 2.40160e+02, 9.81000e+00],
       [2.24380e-01, 0.00000e+00, 9.69000e+00, 0.00000e+00, 5.85000e-01,
        6.02700e+00, 7.97000e+01, 2.49820e+00, 6.00000e+00, 3.91000e+02,
        1.92000e+01, 3.96900e+02, 1.43300e+01],
       [7.15100e-02, 0.00000e+00, 4.49000e+00, 0.00000e+00, 4.49000e-01,
        6.12100e+00, 5.68000e+01, 3.74760e+00, 3.00000e+00, 2.47000e+02,
        1.85000e+01, 3.95150e+02, 8.44000e+00],
       [1.40520e-01, 0.00000e+00, 1.05900e+01, 0.00000e+00, 4.89000e-01,
        6.37500e+00, 3.23000e+01, 3.94540e+00, 4.00000e+00, 2.77000e+02,
        1.86000e+01, 3.85810e+02, 9.38000e+00],
       [1.41385e+00, 0.00000e+00, 1.95800e+01, 1.00000e+00, 8.71000e-01,
        6.12900e+00, 9.60000e+01, 1.74940e+00, 5.00000e+00, 4.03000e+02,
        1.47000e+01, 3.21020e+02, 1.51200e+01],
       [2.14090e-01, 2.20000e+01, 5.86000e+00, 0.00000e+00, 4.31000e-01,
        6.43800e+00, 8.90000e+00, 7.39670e+00, 7.00000e+00, 3.30000e+02,
        1.91000e+01, 3.77070e+02, 3.59000e+00],
       [2.14918e+00, 0.00000e+00, 1.95800e+01, 0.00000e+00, 8.71000e-01,
        5.70900e+00, 9.85000e+01, 1.62320e+00, 5.00000e+00, 4.03000e+02,
        1.47000e+01, 2.61950e+02, 1.57900e+01],
       [6.41700e-02, 0.00000e+00, 5.96000e+00, 0.00000e+00, 4.99000e-01,
        5.93300e+00, 6.82000e+01, 3.36030e+00, 5.00000e+00, 2.79000e+02,
        1.92000e+01, 3.96900e+02, 9.68000e+00],
       [9.72418e+00, 0.00000e+00, 1.81000e+01, 0.00000e+00, 7.40000e-01,
        6.40600e+00, 9.72000e+01, 2.06510e+00, 2.40000e+01, 6.66000e+02,
        2.02000e+01, 3.85960e+02, 1.95200e+01],
       [6.79208e+01, 0.00000e+00, 1.81000e+01, 0.00000e+00, 6.93000e-01,
        5.68300e+00, 1.00000e+02, 1.42540e+00, 2.40000e+01, 6.66000e+02,
        2.02000e+01, 3.84970e+02, 2.29800e+01],
       [3.82140e-01, 0.00000e+00, 6.20000e+00, 0.00000e+00, 5.04000e-01,
        8.04000e+00, 8.65000e+01, 3.21570e+00, 8.00000e+00, 3.07000e+02,
        1.74000e+01, 3.87380e+02, 3.13000e+00],
       [8.05579e+00, 0.00000e+00, 1.81000e+01, 0.00000e+00, 5.84000e-01,
        5.42700e+00, 9.54000e+01, 2.42980e+00, 2.40000e+01, 6.66000e+02,
        2.02000e+01, 3.52580e+02, 1.81400e+01],
       [6.89900e-02, 0.00000e+00, 2.56500e+01, 0.00000e+00, 5.81000e-01,
        5.87000e+00, 6.97000e+01, 2.25770e+00, 2.00000e+00, 1.88000e+02,
        1.91000e+01, 3.89150e+02, 1.43700e+01],
       [1.10874e+01, 0.00000e+00, 1.81000e+01, 0.00000e+00, 7.18000e-01,
        6.41100e+00, 1.00000e+02, 1.85890e+00, 2.40000e+01, 6.66000e+02,
        2.02000e+01, 3.18750e+02, 1.50200e+01],
       [5.47900e-02, 3.30000e+01, 2.18000e+00, 0.00000e+00, 4.72000e-01,
        6.61600e+00, 5.81000e+01, 3.37000e+00, 7.00000e+00, 2.22000e+02,
        1.84000e+01, 3.93360e+02, 8.93000e+00],
       [1.50980e-01, 0.00000e+00, 1.00100e+01, 0.00000e+00, 5.47000e-01,
        6.02100e+00, 8.26000e+01, 2.74740e+00, 6.00000e+00, 4.32000e+02,
        1.78000e+01, 3.94510e+02, 1.03000e+01],
       [4.54400e-02, 0.00000e+00, 3.24000e+00, 0.00000e+00, 4.60000e-01,
        6.14400e+00, 3.22000e+01, 5.87360e+00, 4.00000e+00, 4.30000e+02,
        1.69000e+01, 3.68570e+02, 9.09000e+00],
       [4.56000e-02, 0.00000e+00, 1.38900e+01, 1.00000e+00, 5.50000e-01,
        5.88800e+00, 5.60000e+01, 3.11210e+00, 5.00000e+00, 2.76000e+02,
        1.64000e+01, 3.92800e+02, 1.35100e+01],
       [1.78667e+01, 0.00000e+00, 1.81000e+01, 0.00000e+00, 6.71000e-01,
        6.22300e+00, 1.00000e+02, 1.38610e+00, 2.40000e+01, 6.66000e+02,
        2.02000e+01, 3.93740e+02, 2.17800e+01],
       [2.18700e-02, 6.00000e+01, 2.93000e+00, 0.00000e+00, 4.01000e-01,
        6.80000e+00, 9.90000e+00, 6.21960e+00, 1.00000e+00, 2.65000e+02,
        1.56000e+01, 3.93370e+02, 5.03000e+00],
       [9.18702e+00, 0.00000e+00, 1.81000e+01, 0.00000e+00, 7.00000e-01,
        5.53600e+00, 1.00000e+02, 1.58040e+00, 2.40000e+01, 6.66000e+02,
        2.02000e+01, 3.96900e+02, 2.36000e+01],
       [2.89900e-02, 4.00000e+01, 1.25000e+00, 0.00000e+00, 4.29000e-01,
        6.93900e+00, 3.45000e+01, 8.79210e+00, 1.00000e+00, 3.35000e+02,
        1.97000e+01, 3.89850e+02, 5.89000e+00],
       [1.27570e-01, 3.00000e+01, 4.93000e+00, 0.00000e+00, 4.28000e-01,
        6.39300e+00, 7.80000e+00, 7.03550e+00, 6.00000e+00, 3.00000e+02,
        1.66000e+01, 3.74710e+02, 5.19000e+00],
       [4.09740e+00, 0.00000e+00, 1.95800e+01, 0.00000e+00, 8.71000e-01,
        5.46800e+00, 1.00000e+02, 1.41180e+00, 5.00000e+00, 4.03000e+02,
        1.47000e+01, 3.96900e+02, 2.64200e+01],
       [4.15292e+01, 0.00000e+00, 1.81000e+01, 0.00000e+00, 6.93000e-01,
        5.53100e+00, 8.54000e+01, 1.60740e+00, 2.40000e+01, 6.66000e+02,
        2.02000e+01, 3.29460e+02, 2.73800e+01],
       [5.11830e-01, 0.00000e+00, 6.20000e+00, 0.00000e+00, 5.07000e-01,
        7.35800e+00, 7.16000e+01, 4.14800e+00, 8.00000e+00, 3.07000e+02,
        1.74000e+01, 3.90070e+02, 4.73000e+00],
       [2.41030e-01, 0.00000e+00, 7.38000e+00, 0.00000e+00, 4.93000e-01,
        6.08300e+00, 4.37000e+01, 5.41590e+00, 5.00000e+00, 2.87000e+02,
        1.96000e+01, 3.96900e+02, 1.27900e+01],
       [1.30580e-01, 0.00000e+00, 1.00100e+01, 0.00000e+00, 5.47000e-01,
        5.87200e+00, 7.31000e+01, 2.47750e+00, 6.00000e+00, 4.32000e+02,
        1.78000e+01, 3.38630e+02, 1.53700e+01],
       [8.19900e-02, 0.00000e+00, 1.39200e+01, 0.00000e+00, 4.37000e-01,
        6.00900e+00, 4.23000e+01, 5.50270e+00, 4.00000e+00, 2.89000e+02,
        1.60000e+01, 3.96900e+02, 1.04000e+01],
       [8.49213e+00, 0.00000e+00, 1.81000e+01, 0.00000e+00, 5.84000e-01,
        6.34800e+00, 8.61000e+01, 2.05270e+00, 2.40000e+01, 6.66000e+02,
        2.02000e+01, 8.34500e+01, 1.76400e+01],
       [1.35222e+01, 0.00000e+00, 1.81000e+01, 0.00000e+00, 6.31000e-01,
        3.86300e+00, 1.00000e+02, 1.51060e+00, 2.40000e+01, 6.66000e+02,
        2.02000e+01, 1.31420e+02, 1.33300e+01],
       [8.71675e+00, 0.00000e+00, 1.81000e+01, 0.00000e+00, 6.93000e-01,
        6.47100e+00, 9.88000e+01, 1.72570e+00, 2.40000e+01, 6.66000e+02,
        2.02000e+01, 3.91980e+02, 1.71200e+01]]), 'y_train': array([24. , 21.6, 34.7, 33.4, 36.2, 28.7, 22.9, 27.1, 16.5, 18.9, 15. ,
       18.9, 21.7, 20.4, 18.2, 19.9, 23.1, 17.5, 20.2, 18.2, 13.6, 19.6,
       15.2, 14.5, 15.6, 13.9, 16.6, 14.8, 18.4, 21. , 12.7, 14.5, 13.2,
       13.1, 13.5, 20. , 21. , 24.7, 30.8, 34.9, 26.6, 25.3, 24.7, 21.2,
       19.3, 16.6, 14.4, 19.4, 19.7, 20.5, 25. , 23.4, 18.9, 35.4, 31.6,
       23.3, 19.6, 18.7, 16. , 22.2, 25. , 33. , 23.5, 19.4, 22. , 17.4,
       20.9, 24.2, 21.7, 22.8, 23.4, 24.1, 21.4, 20. , 20.8, 21.2, 20.3,
       28. , 23.9, 24.8, 22.9, 23.9, 22.5, 23.6, 28.7, 22.6, 22. , 22.9,
       25. , 20.6, 28.4, 21.4, 38.7, 43.8, 33.2, 27.5, 26.5, 18.6, 19.3,
       20.1, 19.5, 19.5, 20.4, 19.8, 19.4, 21.7, 22.8, 18.8, 18.7, 18.5,
       18.3, 21.2, 19.3, 20.3, 20.5, 17.3, 18.8, 21.4, 15.7, 16.2, 18. ,
       14.3, 19.2, 19.6, 23. , 18.4, 15.6, 18.1, 17.4, 17.1, 13.3, 14. ,
       14.4, 13.4, 11.8, 13.8, 15.6, 14.6, 15.4, 21.5, 19.6, 15.3, 15.6,
       13.1, 41.3, 24.3, 23.3, 27. , 50. , 50. , 50. , 22.7, 50. , 23.8,
       23.8, 22.3, 17.4, 19.1, 23.1, 23.6, 22.6, 29.4, 23.2, 24.6, 29.9,
       37.2, 39.8, 36.2, 37.9, 32.5, 26.4, 29.6, 50. , 32. , 34.9, 37. ,
       30.5, 36.4, 29.1, 50. , 33.3, 30.3, 34.6, 34.9, 32.9, 24.1, 42.3,
       48.5, 50. , 22.6, 24.4, 22.5, 20. , 21.7, 22.4, 23.7, 25. , 28.7,
       21.5, 23. , 26.7, 21.7, 27.5, 30.1, 44.8, 50. , 31.6, 46.7, 24.3,
       31.7, 41.7, 29. , 24. , 25.1, 23.7, 23.3, 22. , 20.1, 22.2, 17.6,
       18.5, 24.3, 20.5, 24.5, 26.2, 24.4, 29.6, 42.8, 21.9, 20.9, 44. ,
       36. , 30.1, 33.8, 43.1, 48.8, 31. , 36.5, 22.8, 30.7, 50. , 43.5,
       20.7, 21.1, 25.2, 24.4, 35.2, 32.4, 32. , 33.2, 33.1, 29.1, 35.1,
       45.4, 35.4, 46. , 50. , 32.2, 22. , 20.1, 23.2, 22.3, 24.8, 28.5,
       37.3, 27.9, 23.9, 28.6, 27.1, 20.3, 22.5, 29. , 24.8, 22. , 26.4,
       33.1, 36.1, 33.4, 22.8, 20.3, 16.1, 19.4, 21.6, 23.8, 16.2, 17.8,
       19.8, 23.1, 21. , 23.1, 20.4, 18.5, 24.6, 23. , 19.3, 22.6, 19.4,
       22.2, 20.7, 21.1, 19.5, 18.5, 20.6, 19. , 18.7, 32.7, 16.5, 23.9,
       31.2, 17.5, 17.2, 23.1, 24.5, 22.9, 24.1, 18.6, 30.1, 18.2, 20.6,
       17.8, 21.7, 22.7, 22.6, 25. , 19.9, 20.8, 16.8, 21.9, 27.5, 21.9,
       50. , 50. , 50. , 50. , 50. , 13.8, 13.8, 15. , 13.9, 13.3, 13.1,
       10.4, 10.9, 12.3,  8.8,  7.2, 10.5,  7.4, 10.2, 11.5, 15.1, 23.2,
        9.7, 13.8, 12.7, 12.5,  8.5,  5. ,  6.3,  5.6,  7.2, 12.1,  8.3,
       11.9, 27.9, 17.2, 27.5, 15. , 17.2, 17.9, 16.3,  7. ,  7.2,  7.5,
       10.4,  8.8, 14.2, 20.8, 13.4, 11.7,  8.3, 10.2, 10.9, 11. ,  9.5,
       14.1, 16.1, 14.3, 11.7, 13.4,  9.6,  8.7,  8.4, 12.8, 10.5, 18.4,
       15.4, 10.8, 11.8, 14.9, 12.6, 14.1, 13. , 13.4, 15.2, 16.1, 17.8,
       14.9, 14.1, 12.7, 13.5, 14.9, 20. , 16.4, 17.7, 19.5, 20.2, 21.4,
       19.9, 19. , 19.1, 19.1, 20.1, 19.9, 19.6, 23.2, 29.8, 13.3, 16.7,
       12. , 14.6, 21.4, 23. , 25. , 21.8, 20.6, 21.2, 19.1, 20.6, 15.2,
        7. ,  8.1, 13.6, 20.1, 21.8, 24.5, 23.1, 19.7, 21.2, 17.5, 22.4,
       20.6, 23.9, 22. , 11.9]), 'x_train': array([[6.3200e-03, 1.8000e+01, 2.3100e+00, ..., 1.5300e+01, 3.9690e+02,
        4.9800e+00],
       [2.7310e-02, 0.0000e+00, 7.0700e+00, ..., 1.7800e+01, 3.9690e+02,
        9.1400e+00],
       [2.7290e-02, 0.0000e+00, 7.0700e+00, ..., 1.7800e+01, 3.9283e+02,
        4.0300e+00],
       ...,
       [6.0760e-02, 0.0000e+00, 1.1930e+01, ..., 2.1000e+01, 3.9690e+02,
        5.6400e+00],
       [1.0959e-01, 0.0000e+00, 1.1930e+01, ..., 2.1000e+01, 3.9345e+02,
        6.4800e+00],
       [4.7410e-02, 0.0000e+00, 1.1930e+01, ..., 2.1000e+01, 3.9690e+02,
        7.8800e+00]]), 'packages': [['atomicwrites', '1.1.5'], ['attrs', '18.1.0'], ['backcall', '0.1.0'], ['coverage', '4.5.1'], ['cycler', '0.10.0'], ['decorator', '4.3.0'], ['docopt', '0.6.2'], ['hashfs', '0.7.0'], ['hypothesis', '3.57.0'], ['ipykernel', '4.8.2'], ['ipython', '6.4.0'], ['ipython-genutils', '0.2.0'], ['jedi', '0.12.0'], ['jsonpickle', '0.9.6'], ['jsonschema', '2.6.0'], ['jupyter-client', '5.2.3'], ['jupyter-core', '4.4.0'], ['kiwisolver', '1.0.1'], ['Lasagne', '0.1'], ['matplotlib', '2.2.2'], ['more-itertools', '4.2.0'], ['mpmath', '1.0.0'], ['munch', '2.3.2'], ['nbformat', '4.4.0'], ['nbval', '0.9.1'], ['numpy', '1.14.3'], ['pandas', '0.23.0'], ['parso', '0.2.1'], ['pexpect', '4.6.0'], ['pickleshare', '0.7.4'], ['Pillow', '5.1.0'], ['pip', '10.0.1'], ['pkg-resources', '0.0.0'], ['pluggy', '0.6.0'], ['prompt-toolkit', '1.0.15'], ['ptyprocess', '0.5.2'], ['py', '1.5.3'], ['py-cpuinfo', '4.0.0'], ['Pygments', '2.2.0'], ['pymongo', '3.6.1'], ['pyparsing', '2.2.0'], ['pysgmcmc', '0.0.1'], ['pytest', '3.6.0'], ['python-dateutil', '2.7.3'], ['pytz', '2018.4'], ['pyzmq', '17.0.0'], ['sacred', '0.7.3'], ['scandir', '1.7'], ['scikit-learn', '0.19.1'], ['scipy', '1.1.0'], ['seaborn', '0.8.1'], ['setuptools', '39.2.0'], ['simplegeneric', '0.8.1'], ['six', '1.11.0'], ['SQLAlchemy', '1.2.8'], ['sympy', '1.1.1'], ['Theano', '0.8.0'], ['tinydb', '3.9.0.post1'], ['tinydb-serialization', '1.0.4'], ['torch', '0.4.0'], ['torchvision', '0.2.1'], ['tornado', '5.0.2'], ['tqdm', '4.23.4'], ['traitlets', '4.3.2'], ['wcwidth', '0.1.7'], ['wheel', '0.31.1'], ['wrapt', '1.10.11']], 'prediction_mean': array([24.191406 , 20.46101  , 18.17346  , 12.632477 , 10.709793 ,
       20.810818 , 44.7621   , 30.596027 , 18.989853 , 49.32544  ,
       23.888939 , 29.534668 , 23.171715 , 22.00672  , 24.208698 ,
       16.2086   , 31.3437   , 22.988258 , 31.742914 , 25.144943 ,
       19.27683  , 23.625746 , 26.3817   , 19.123697 , 24.669273 ,
       16.411388 , 21.107834 , 13.812025 , 11.798117 , 37.840107 ,
       18.363276 , 21.14891  , 13.196005 , 30.062428 , 18.576    ,
       19.347761 , 24.80912  ,  6.243494 , 29.802681 , 10.106301 ,
       27.052235 , 24.569666 , 14.076138 , 10.758587 , 31.0702   ,
       18.400005 , 17.376123 , 22.78308  , 14.483764 , 12.6423855,
       12.169931 ], dtype=float32), 'prediction_std': array([1.1991144 , 0.8171841 , 1.0076928 , 0.7453355 , 1.2319822 ,
       0.97358215, 0.9094063 , 1.7847731 , 0.8669415 , 1.2066735 ,
       1.5166019 , 1.1708996 , 0.97319263, 0.8429054 , 0.9595739 ,
       0.8775295 , 1.1297796 , 1.3336701 , 2.169887  , 1.0509766 ,
       0.92953473, 1.2671524 , 0.9817481 , 1.0949584 , 1.2916248 ,
       1.133345  , 1.0187178 , 0.92374176, 1.2624483 , 1.1746311 ,
       1.5260156 , 1.0381938 , 1.112657  , 1.4170022 , 0.89151186,
       0.94348615, 1.2462056 , 1.0821916 , 1.2447425 , 1.0678544 ,
       1.4398845 , 1.6457077 , 0.6570847 , 1.3264165 , 1.7196553 ,
       0.89755064, 0.8239993 , 1.1442375 , 1.1808295 , 0.9620011 ,
       1.080035  ], dtype=float32)}
INFO - BNN_UCI - Completed after 0:21:12
