INFO - BNN_UCI - Running command 'fit_bnn'
INFO - BNN_UCI - Started run with ID "359"
/home/freidanm/repos/pytorch_experiments/experiments_env/src/pysgmcmc/pysgmcmc/data/datasets.py:14: FutureWarning: Method .as_matrix will be removed in a future version. Use .values instead.
  x_train = train_data.as_matrix(feature_columns)
/home/freidanm/repos/pytorch_experiments/experiments_env/src/pysgmcmc/pysgmcmc/data/datasets.py:15: FutureWarning: Method .as_matrix will be removed in a future version. Use .values instead.
  y_train = train_data[label_column].as_matrix()
/home/freidanm/repos/pytorch_experiments/experiments_env/src/pysgmcmc/pysgmcmc/data/datasets.py:17: FutureWarning: Method .as_matrix will be removed in a future version. Use .values instead.
  x_test = test_data.as_matrix(feature_columns)
/home/freidanm/repos/pytorch_experiments/experiments_env/src/pysgmcmc/pysgmcmc/data/datasets.py:18: FutureWarning: Method .as_matrix will be removed in a future version. Use .values instead.
  y_test = test_data[label_column].as_matrix()
INFO - root - Performing 15000 iterations
INFO - BNN_UCI - Result: {'y_train': array([24. , 34.7, 33.4, 36.2, 22.9, 18.9, 15. , 18.9, 21.7, 20.4, 18.2,
       19.9, 23.1, 17.5, 20.2, 18.2, 13.6, 19.6, 15.2, 14.5, 15.6, 13.9,
       16.6, 18.4, 21. , 14.5, 13.2, 13.1, 18.9, 21. , 30.8, 34.9, 26.6,
       25.3, 24.7, 21.2, 19.3, 20. , 16.6, 25. , 23.4, 18.9, 35.4, 24.7,
       31.6, 23.3, 18.7, 16. , 22.2, 25. , 33. , 23.5, 19.4, 17.4, 20.9,
       24.2, 21.7, 22.8, 24.1, 21.4, 20. , 20.8, 21.2, 20.3, 28. , 24.8,
       22.9, 26.6, 22.5, 22.2, 23.6, 28.7, 22.6, 22. , 22.9, 25. , 20.6,
       28.4, 21.4, 38.7, 43.8, 33.2, 27.5, 26.5, 18.6, 19.3, 20.1, 19.5,
       19.5, 20.4, 19.8, 19.4, 21.7, 22.8, 18.8, 18.7, 18.5, 18.3, 21.2,
       19.2, 20.4, 19.3, 22. , 20.3, 20.5, 17.3, 18.8, 15.7, 16.2, 18. ,
       14.3, 19.2, 19.6, 23. , 18.4, 15.6, 18.1, 17.4, 13.3, 17.8, 14. ,
       14.4, 13.4, 15.6, 11.8, 13.8, 15.6, 14.6, 17.8, 15.4, 21.5, 19.6,
       15.3, 19.4, 17. , 13.1, 41.3, 24.3, 23.3, 27. , 50. , 50. , 50. ,
       22.7, 25. , 50. , 23.8, 23.8, 22.3, 17.4, 23.1, 23.6, 22.6, 29.4,
       23.2, 24.6, 29.9, 37.2, 39.8, 36.2, 37.9, 32.5, 26.4, 29.6, 50. ,
       32. , 34.9, 37. , 30.5, 36.4, 31.1, 29.1, 50. , 33.3, 30.3, 34.6,
       34.9, 32.9, 42.3, 48.5, 50. , 22.6, 24.4, 22.5, 24.4, 20. , 19.3,
       22.4, 28.1, 23.7, 25. , 23.3, 28.7, 21.5, 26.7, 21.7, 27.5, 30.1,
       50. , 37.6, 31.6, 46.7, 31.5, 24.3, 31.7, 48.3, 24. , 25.1, 31.5,
       23.7, 23.3, 22. , 20.1, 22.2, 23.7, 17.6, 18.5, 24.3, 20.5, 24.5,
       26.2, 24.4, 24.8, 29.6, 42.8, 21.9, 44. , 50. , 36. , 33.8, 43.1,
       48.8, 31. , 36.5, 22.8, 30.7, 50. , 43.5, 20.7, 21.1, 25.2, 24.4,
       35.2, 32.4, 32. , 33.2, 33.1, 29.1, 35.1, 45.4, 35.4, 46. , 50. ,
       32.2, 22. , 20.1, 23.2, 24.8, 28.5, 37.3, 27.9, 23.9, 21.7, 28.6,
       27.1, 20.3, 22.5, 24.8, 22. , 26.4, 33.1, 36.1, 28.4, 33.4, 28.2,
       22.8, 20.3, 22.1, 19.4, 21.6, 23.8, 17.8, 19.8, 23.1, 21. , 23.8,
       23.1, 20.4, 18.5, 25. , 24.6, 23. , 22.2, 19.3, 22.6, 19.8, 17.1,
       19.4, 20.7, 21.1, 19.5, 18.5, 20.6, 19. , 18.7, 32.7, 16.5, 23.9,
       31.2, 17.5, 17.2, 24.5, 26.6, 22.9, 24.1, 18.6, 30.1, 18.2, 20.6,
       17.8, 21.7, 22.7, 22.6, 19.9, 20.8, 16.8, 21.9, 21.9, 23.1, 50. ,
       50. , 50. , 50. , 13.8, 13.8, 15. , 13.3, 13.1, 10.2, 10.9, 11.3,
       12.3,  8.8,  7.2, 10.5,  7.4, 10.2, 11.5, 15.1,  9.7, 13.8, 12.7,
       13.1, 12.5,  5. ,  6.3,  5.6,  7.2, 12.1,  8.3,  8.5,  5. , 27.9,
       27.5, 15. , 17.2, 16.3,  7. ,  7.2,  7.5, 10.4,  8.8,  8.4, 16.7,
       14.2, 20.8, 13.4, 11.7,  8.3, 10.2, 10.9, 11. ,  9.5, 14.5, 14.1,
       16.1, 14.3, 11.7,  9.6,  8.7,  8.4, 12.8, 10.5, 17.1, 18.4, 15.4,
       10.8, 11.8, 14.9, 12.6, 14.1, 13. , 13.4, 15.2, 16.1, 17.8, 14.9,
       14.1, 13.5, 14.9, 20. , 16.4, 19.5, 20.2, 21.4, 19.9, 19. , 19.1,
       19.1, 20.1, 19.9, 19.6, 23.2, 29.8, 13.8, 13.3, 16.7, 12. , 14.6,
       21.4, 23.7, 25. , 21.8, 20.6, 21.2, 19.1, 20.6, 15.2,  7. ,  8.1,
       13.6, 20.1, 21.8, 24.5, 23.1, 19.7, 18.3, 21.2, 17.5, 16.8, 22.4,
       20.6, 23.9, 22. , 11.9]), 'y_test': array([12.7, 44.8, 27.5, 17.7, 23.9, 41.7, 28.7, 14.4,  8.5, 13.9, 25. ,
       23. , 29. , 30.1, 24.7, 17.2, 22.2, 17.1, 50. , 16.2, 19.6, 13.5,
       21.6, 24.1, 23. , 20.5, 15.6, 23.2, 23.4, 22.3, 29.8, 22. , 17.9,
       13.4, 14.8, 10.4, 12.7, 19.1, 19.4, 27.1, 29. , 21.4, 21.7, 16.1,
       20. , 23.9, 20.9, 23.1, 16.5, 19.7, 11.9]), 'prediction_std': array([0.8623682 , 0.9183018 , 2.1402404 , 0.73904777, 0.8595763 ,
       0.984635  , 1.2602859 , 0.85706973, 0.9972126 , 0.8622524 ,
       0.97174364, 0.66755927, 0.70887613, 1.0120039 , 0.7291096 ,
       1.0216856 , 0.8355607 , 0.5922171 , 0.74880856, 0.71096736,
       0.8918584 , 1.0345589 , 0.9756276 , 1.0365267 , 0.45674378,
       1.341347  , 1.4069045 , 0.88332677, 0.65075386, 0.9781486 ,
       1.3582727 , 0.7121455 , 1.0638007 , 0.8100386 , 0.8425224 ,
       1.2914742 , 0.81234175, 0.946617  , 0.6151214 , 0.8237258 ,
       1.311765  , 0.6338907 , 0.45508254, 0.912558  , 0.71144277,
       0.85238963, 1.1724374 , 0.92929196, 1.3728299 , 0.64077044,
       1.1801279 ], dtype=float32), 'prediction_mean': array([15.520411 , 47.112362 , 27.691269 , 20.300524 , 24.222658 ,
       46.035255 , 24.709534 , 15.253443 , 13.025466 , 12.258124 ,
       23.490835 , 19.489536 , 29.21362  , 29.291227 , 23.324482 ,
       12.930063 , 21.072533 , 19.669367 , 48.72799  , 18.498287 ,
       20.556791 , 16.069378 , 23.162018 , 20.329542 , 24.571234 ,
       22.363111 , 14.373524 , 15.9373665, 23.723614 , 23.184462 ,
       29.433216 , 20.780169 , 12.18614  , 10.7195   , 13.744133 ,
        4.553419 , 13.042732 , 19.018295 , 19.597992 , 17.688555 ,
       34.938988 , 20.318684 , 21.770166 , 23.502663 , 20.81857  ,
       23.687675 , 19.09891  , 24.684492 , 15.501842 , 22.653492 ,
       12.113475 ], dtype=float32), 'packages': [['atomicwrites', '1.1.5'], ['attrs', '18.1.0'], ['backcall', '0.1.0'], ['coverage', '4.5.1'], ['cycler', '0.10.0'], ['decorator', '4.3.0'], ['docopt', '0.6.2'], ['hashfs', '0.7.0'], ['hypothesis', '3.57.0'], ['ipykernel', '4.8.2'], ['ipython', '6.4.0'], ['ipython-genutils', '0.2.0'], ['jedi', '0.12.0'], ['jsonpickle', '0.9.6'], ['jsonschema', '2.6.0'], ['jupyter-client', '5.2.3'], ['jupyter-core', '4.4.0'], ['kiwisolver', '1.0.1'], ['Lasagne', '0.1'], ['matplotlib', '2.2.2'], ['more-itertools', '4.2.0'], ['mpmath', '1.0.0'], ['munch', '2.3.2'], ['nbformat', '4.4.0'], ['nbval', '0.9.1'], ['numpy', '1.14.3'], ['pandas', '0.23.0'], ['parso', '0.2.1'], ['pexpect', '4.6.0'], ['pickleshare', '0.7.4'], ['Pillow', '5.1.0'], ['pip', '10.0.1'], ['pkg-resources', '0.0.0'], ['pluggy', '0.6.0'], ['prompt-toolkit', '1.0.15'], ['ptyprocess', '0.5.2'], ['py', '1.5.3'], ['py-cpuinfo', '4.0.0'], ['Pygments', '2.2.0'], ['pymongo', '3.6.1'], ['pyparsing', '2.2.0'], ['pysgmcmc', '0.0.1'], ['pytest', '3.6.0'], ['python-dateutil', '2.7.3'], ['pytz', '2018.4'], ['pyzmq', '17.0.0'], ['sacred', '0.7.3'], ['scandir', '1.7'], ['scikit-learn', '0.19.1'], ['scipy', '1.1.0'], ['seaborn', '0.8.1'], ['setuptools', '39.2.0'], ['simplegeneric', '0.8.1'], ['six', '1.11.0'], ['SQLAlchemy', '1.2.8'], ['sympy', '1.1.1'], ['Theano', '0.8.0'], ['tinydb', '3.9.0.post1'], ['tinydb-serialization', '1.0.4'], ['torch', '0.4.0'], ['torchvision', '0.2.1'], ['tornado', '5.0.2'], ['tqdm', '4.23.4'], ['traitlets', '4.3.2'], ['wcwidth', '0.1.7'], ['wheel', '0.31.1'], ['wrapt', '1.10.11']], 'x_test': array([[4.66883e+00, 0.00000e+00, 1.81000e+01, 0.00000e+00, 7.13000e-01,
        5.97600e+00, 8.79000e+01, 2.58060e+00, 2.40000e+01, 6.66000e+02,
        2.02000e+01, 1.04800e+01, 1.90100e+01],
       [3.15330e-01, 0.00000e+00, 6.20000e+00, 0.00000e+00, 5.04000e-01,
        8.26600e+00, 7.83000e+01, 2.89440e+00, 8.00000e+00, 3.07000e+02,
        1.74000e+01, 3.85050e+02, 4.14000e+00],
       [4.55587e+00, 0.00000e+00, 1.81000e+01, 0.00000e+00, 7.18000e-01,
        3.56100e+00, 8.79000e+01, 1.61320e+00, 2.40000e+01, 6.66000e+02,
        2.02000e+01, 3.54700e+02, 7.12000e+00],
       [3.69311e+00, 0.00000e+00, 1.81000e+01, 0.00000e+00, 7.13000e-01,
        6.37600e+00, 8.84000e+01, 2.56710e+00, 2.40000e+01, 6.66000e+02,
        2.02000e+01, 3.91430e+02, 1.46500e+01],
       [4.46200e-02, 2.50000e+01, 4.86000e+00, 0.00000e+00, 4.26000e-01,
        6.61900e+00, 7.04000e+01, 5.40070e+00, 4.00000e+00, 2.81000e+02,
        1.90000e+01, 3.95630e+02, 7.22000e+00],
       [5.75290e-01, 0.00000e+00, 6.20000e+00, 0.00000e+00, 5.07000e-01,
        8.33700e+00, 7.33000e+01, 3.83840e+00, 8.00000e+00, 3.07000e+02,
        1.74000e+01, 3.85910e+02, 2.47000e+00],
       [2.98500e-02, 0.00000e+00, 2.18000e+00, 0.00000e+00, 4.58000e-01,
        6.43000e+00, 5.87000e+01, 6.06220e+00, 3.00000e+00, 2.22000e+02,
        1.87000e+01, 3.94120e+02, 5.21000e+00],
       [2.53870e-01, 0.00000e+00, 6.91000e+00, 0.00000e+00, 4.48000e-01,
        5.39900e+00, 9.53000e+01, 5.87000e+00, 3.00000e+00, 2.33000e+02,
        1.79000e+01, 3.96900e+02, 3.08100e+01],
       [7.67202e+00, 0.00000e+00, 1.81000e+01, 0.00000e+00, 6.93000e-01,
        5.74700e+00, 9.89000e+01, 1.63340e+00, 2.40000e+01, 6.66000e+02,
        2.02000e+01, 3.93100e+02, 1.99200e+01],
       [1.52880e+01, 0.00000e+00, 1.81000e+01, 0.00000e+00, 6.71000e-01,
        6.64900e+00, 9.33000e+01, 1.34490e+00, 2.40000e+01, 6.66000e+02,
        2.02000e+01, 3.63020e+02, 2.32400e+01],
       [4.54192e+00, 0.00000e+00, 1.81000e+01, 0.00000e+00, 7.70000e-01,
        6.39800e+00, 8.80000e+01, 2.51820e+00, 2.40000e+01, 6.66000e+02,
        2.02000e+01, 3.74560e+02, 7.79000e+00],
       [5.82401e+00, 0.00000e+00, 1.81000e+01, 0.00000e+00, 5.32000e-01,
        6.24200e+00, 6.47000e+01, 3.42420e+00, 2.40000e+01, 6.66000e+02,
        2.02000e+01, 3.96900e+02, 1.07400e+01],
       [4.47910e-01, 0.00000e+00, 6.20000e+00, 1.00000e+00, 5.07000e-01,
        6.72600e+00, 6.65000e+01, 3.65190e+00, 8.00000e+00, 3.07000e+02,
        1.74000e+01, 3.60200e+02, 8.05000e+00],
       [6.56650e-01, 2.00000e+01, 3.97000e+00, 0.00000e+00, 6.47000e-01,
        6.84200e+00, 1.00000e+02, 2.01070e+00, 5.00000e+00, 2.64000e+02,
        1.30000e+01, 3.91930e+02, 6.90000e+00],
       [1.75050e-01, 0.00000e+00, 5.96000e+00, 0.00000e+00, 4.99000e-01,
        5.96600e+00, 3.02000e+01, 3.84730e+00, 5.00000e+00, 2.79000e+02,
        1.92000e+01, 3.93430e+02, 1.01300e+01],
       [7.40389e+00, 0.00000e+00, 1.81000e+01, 0.00000e+00, 5.97000e-01,
        5.61700e+00, 9.79000e+01, 1.45470e+00, 2.40000e+01, 6.66000e+02,
        2.02000e+01, 3.14640e+02, 2.64000e+01],
       [5.08300e-02, 0.00000e+00, 5.19000e+00, 0.00000e+00, 5.15000e-01,
        6.31600e+00, 3.81000e+01, 6.45840e+00, 5.00000e+00, 2.24000e+02,
        2.02000e+01, 3.89710e+02, 5.68000e+00],
       [3.52330e-01, 0.00000e+00, 2.18900e+01, 0.00000e+00, 6.24000e-01,
        6.45400e+00, 9.84000e+01, 1.84980e+00, 4.00000e+00, 4.37000e+02,
        2.12000e+01, 3.94080e+02, 1.45900e+01],
       [6.53876e+00, 0.00000e+00, 1.81000e+01, 1.00000e+00, 6.31000e-01,
        7.01600e+00, 9.75000e+01, 1.20240e+00, 2.40000e+01, 6.66000e+02,
        2.02000e+01, 3.92050e+02, 2.96000e+00],
       [2.53560e-01, 0.00000e+00, 9.90000e+00, 0.00000e+00, 5.44000e-01,
        5.70500e+00, 7.77000e+01, 3.94500e+00, 4.00000e+00, 3.04000e+02,
        1.84000e+01, 3.96420e+02, 1.15000e+01],
       [1.03280e-01, 2.50000e+01, 5.13000e+00, 0.00000e+00, 4.53000e-01,
        5.92700e+00, 4.72000e+01, 6.93200e+00, 8.00000e+00, 2.84000e+02,
        1.97000e+01, 3.96900e+02, 9.22000e+00],
       [1.61282e+00, 0.00000e+00, 8.14000e+00, 0.00000e+00, 5.38000e-01,
        6.09600e+00, 9.69000e+01, 3.75980e+00, 4.00000e+00, 3.07000e+02,
        2.10000e+01, 2.48310e+02, 2.03400e+01],
       [2.73100e-02, 0.00000e+00, 7.07000e+00, 0.00000e+00, 4.69000e-01,
        6.42100e+00, 7.89000e+01, 4.96710e+00, 2.00000e+00, 2.42000e+02,
        1.78000e+01, 3.96900e+02, 9.14000e+00],
       [3.44500e-02, 8.25000e+01, 2.03000e+00, 0.00000e+00, 4.15000e-01,
        6.16200e+00, 3.84000e+01, 6.27000e+00, 2.00000e+00, 3.48000e+02,
        1.47000e+01, 3.93770e+02, 7.43000e+00],
       [1.14250e-01, 0.00000e+00, 1.38900e+01, 1.00000e+00, 5.50000e-01,
        6.37300e+00, 9.24000e+01, 3.36330e+00, 5.00000e+00, 2.76000e+02,
        1.64000e+01, 3.93740e+02, 1.05000e+01],
       [4.33700e-02, 2.10000e+01, 5.64000e+00, 0.00000e+00, 4.39000e-01,
        6.11500e+00, 6.30000e+01, 6.81470e+00, 4.00000e+00, 2.43000e+02,
        1.68000e+01, 3.93970e+02, 9.43000e+00],
       [3.53501e+00, 0.00000e+00, 1.95800e+01, 1.00000e+00, 8.71000e-01,
        6.15200e+00, 8.26000e+01, 1.74550e+00, 5.00000e+00, 4.03000e+02,
        1.47000e+01, 8.80100e+01, 1.50200e+01],
       [5.29305e+00, 0.00000e+00, 1.81000e+01, 0.00000e+00, 7.00000e-01,
        6.05100e+00, 8.25000e+01, 2.16780e+00, 2.40000e+01, 6.66000e+02,
        2.02000e+01, 3.78380e+02, 1.87600e+01],
       [1.95390e-01, 0.00000e+00, 1.08100e+01, 0.00000e+00, 4.13000e-01,
        6.24500e+00, 6.20000e+00, 5.28730e+00, 4.00000e+00, 3.05000e+02,
        1.92000e+01, 3.77170e+02, 7.54000e+00],
       [4.59000e-02, 5.25000e+01, 5.32000e+00, 0.00000e+00, 4.05000e-01,
        6.31500e+00, 4.56000e+01, 7.31720e+00, 6.00000e+00, 2.93000e+02,
        1.66000e+01, 3.96900e+02, 7.60000e+00],
       [1.25790e-01, 4.50000e+01, 3.44000e+00, 0.00000e+00, 4.37000e-01,
        6.55600e+00, 2.91000e+01, 4.56670e+00, 5.00000e+00, 3.98000e+02,
        1.52000e+01, 3.82840e+02, 4.56000e+00],
       [5.78900e-02, 1.25000e+01, 6.07000e+00, 0.00000e+00, 4.09000e-01,
        5.87800e+00, 2.14000e+01, 6.49800e+00, 4.00000e+00, 3.45000e+02,
        1.89000e+01, 3.96210e+02, 8.10000e+00],
       [1.88110e+01, 0.00000e+00, 1.81000e+01, 0.00000e+00, 5.97000e-01,
        4.62800e+00, 1.00000e+02, 1.55390e+00, 2.40000e+01, 6.66000e+02,
        2.02000e+01, 2.87900e+01, 3.43700e+01],
       [1.11604e+01, 0.00000e+00, 1.81000e+01, 0.00000e+00, 7.40000e-01,
        6.62900e+00, 9.46000e+01, 2.12470e+00, 2.40000e+01, 6.66000e+02,
        2.02000e+01, 1.09850e+02, 2.32700e+01],
       [9.55770e-01, 0.00000e+00, 8.14000e+00, 0.00000e+00, 5.38000e-01,
        6.04700e+00, 8.88000e+01, 4.45340e+00, 4.00000e+00, 3.07000e+02,
        2.10000e+01, 3.06380e+02, 1.72800e+01],
       [8.89762e+01, 0.00000e+00, 1.81000e+01, 0.00000e+00, 6.71000e-01,
        6.96800e+00, 9.19000e+01, 1.41650e+00, 2.40000e+01, 6.66000e+02,
        2.02000e+01, 3.96900e+02, 1.72100e+01],
       [1.13081e+00, 0.00000e+00, 8.14000e+00, 0.00000e+00, 5.38000e-01,
        5.71300e+00, 9.41000e+01, 4.23300e+00, 4.00000e+00, 3.07000e+02,
        2.10000e+01, 3.60170e+02, 2.26000e+01],
       [2.31390e+00, 0.00000e+00, 1.95800e+01, 0.00000e+00, 6.05000e-01,
        5.88000e+00, 9.73000e+01, 2.38870e+00, 5.00000e+00, 4.03000e+02,
        1.47000e+01, 3.48130e+02, 1.20300e+01],
       [2.19770e-01, 0.00000e+00, 6.91000e+00, 0.00000e+00, 4.48000e-01,
        5.60200e+00, 6.20000e+01, 6.08770e+00, 3.00000e+00, 2.33000e+02,
        1.79000e+01, 3.96900e+02, 1.62000e+01],
       [1.44550e-01, 1.25000e+01, 7.87000e+00, 0.00000e+00, 5.24000e-01,
        6.17200e+00, 9.61000e+01, 5.95050e+00, 5.00000e+00, 3.11000e+02,
        1.52000e+01, 3.96900e+02, 1.91500e+01],
       [5.56100e-02, 7.00000e+01, 2.24000e+00, 0.00000e+00, 4.00000e-01,
        7.04100e+00, 1.00000e+01, 7.82780e+00, 5.00000e+00, 3.58000e+02,
        1.48000e+01, 3.71580e+02, 4.74000e+00],
       [1.69020e-01, 0.00000e+00, 2.56500e+01, 0.00000e+00, 5.81000e-01,
        5.98600e+00, 8.84000e+01, 1.99290e+00, 2.00000e+00, 1.88000e+02,
        1.91000e+01, 3.85020e+02, 1.48100e+01],
       [1.74460e-01, 0.00000e+00, 1.05900e+01, 1.00000e+00, 4.89000e-01,
        5.96000e+00, 9.21000e+01, 3.87710e+00, 4.00000e+00, 2.77000e+02,
        1.86000e+01, 3.93250e+02, 1.72700e+01],
       [2.63548e+00, 0.00000e+00, 9.90000e+00, 0.00000e+00, 5.44000e-01,
        4.97300e+00, 3.78000e+01, 2.51940e+00, 4.00000e+00, 3.04000e+02,
        1.84000e+01, 3.50450e+02, 1.26400e+01],
       [9.74400e-02, 0.00000e+00, 5.96000e+00, 0.00000e+00, 4.99000e-01,
        5.84100e+00, 6.14000e+01, 3.37790e+00, 5.00000e+00, 2.79000e+02,
        1.92000e+01, 3.77560e+02, 1.14100e+01],
       [5.05900e-02, 0.00000e+00, 4.49000e+00, 0.00000e+00, 4.49000e-01,
        6.38900e+00, 4.80000e+01, 4.77940e+00, 3.00000e+00, 2.47000e+02,
        1.85000e+01, 3.96900e+02, 9.62000e+00],
       [3.54800e-02, 8.00000e+01, 3.64000e+00, 0.00000e+00, 3.92000e-01,
        5.87600e+00, 1.91000e+01, 9.22030e+00, 1.00000e+00, 3.15000e+02,
        1.64000e+01, 3.95180e+02, 9.25000e+00],
       [1.87000e-02, 8.50000e+01, 4.15000e+00, 0.00000e+00, 4.29000e-01,
        6.51600e+00, 2.77000e+01, 8.53530e+00, 4.00000e+00, 3.51000e+02,
        1.79000e+01, 3.92430e+02, 6.36000e+00],
       [2.11240e-01, 1.25000e+01, 7.87000e+00, 0.00000e+00, 5.24000e-01,
        5.63100e+00, 1.00000e+02, 6.08210e+00, 5.00000e+00, 3.11000e+02,
        1.52000e+01, 3.86630e+02, 2.99300e+01],
       [8.87300e-02, 2.10000e+01, 5.64000e+00, 0.00000e+00, 4.39000e-01,
        5.96300e+00, 4.57000e+01, 6.81470e+00, 4.00000e+00, 2.43000e+02,
        1.68000e+01, 3.95560e+02, 1.34500e+01],
       [2.07162e+01, 0.00000e+00, 1.81000e+01, 0.00000e+00, 6.59000e-01,
        4.13800e+00, 1.00000e+02, 1.17810e+00, 2.40000e+01, 6.66000e+02,
        2.02000e+01, 3.70220e+02, 2.33400e+01]]), 'x_train': array([[6.3200e-03, 1.8000e+01, 2.3100e+00, ..., 1.5300e+01, 3.9690e+02,
        4.9800e+00],
       [2.7290e-02, 0.0000e+00, 7.0700e+00, ..., 1.7800e+01, 3.9283e+02,
        4.0300e+00],
       [3.2370e-02, 0.0000e+00, 2.1800e+00, ..., 1.8700e+01, 3.9463e+02,
        2.9400e+00],
       ...,
       [6.0760e-02, 0.0000e+00, 1.1930e+01, ..., 2.1000e+01, 3.9690e+02,
        5.6400e+00],
       [1.0959e-01, 0.0000e+00, 1.1930e+01, ..., 2.1000e+01, 3.9345e+02,
        6.4800e+00],
       [4.7410e-02, 0.0000e+00, 1.1930e+01, ..., 2.1000e+01, 3.9690e+02,
        7.8800e+00]])}
INFO - BNN_UCI - Completed after 0:03:28
