INFO - BNN_UCI - Running command 'fit_bnn'
INFO - BNN_UCI - Started run with ID "374"
/home/freidanm/repos/pytorch_experiments/experiments_env/src/pysgmcmc/pysgmcmc/data/datasets.py:14: FutureWarning: Method .as_matrix will be removed in a future version. Use .values instead.
  x_train = train_data.as_matrix(feature_columns)
/home/freidanm/repos/pytorch_experiments/experiments_env/src/pysgmcmc/pysgmcmc/data/datasets.py:15: FutureWarning: Method .as_matrix will be removed in a future version. Use .values instead.
  y_train = train_data[label_column].as_matrix()
/home/freidanm/repos/pytorch_experiments/experiments_env/src/pysgmcmc/pysgmcmc/data/datasets.py:17: FutureWarning: Method .as_matrix will be removed in a future version. Use .values instead.
  x_test = test_data.as_matrix(feature_columns)
/home/freidanm/repos/pytorch_experiments/experiments_env/src/pysgmcmc/pysgmcmc/data/datasets.py:18: FutureWarning: Method .as_matrix will be removed in a future version. Use .values instead.
  y_test = test_data[label_column].as_matrix()
INFO - root - Performing 15000 iterations
INFO - BNN_UCI - Result: {'prediction_std': array([1.1374985 , 1.0461124 , 0.88191265, 0.9900357 , 0.9967274 ,
       1.4965378 , 0.91882575, 0.92704624, 1.1028391 , 0.9954022 ,
       1.4856632 , 1.0077177 , 1.5166689 , 1.016474  , 1.6944593 ,
       1.1167794 , 1.4138095 , 0.9344982 , 1.3725269 , 1.0334144 ,
       1.483669  , 1.371672  , 1.201883  , 1.0711919 , 1.4852589 ,
       0.6695079 , 0.9803036 , 1.1823792 , 0.6034629 , 0.92238736,
       1.1506573 , 0.67944986, 1.009747  , 1.3473469 , 0.71569264,
       1.1445976 , 1.643801  , 0.6658986 , 1.2061397 , 0.85809743,
       1.6667842 , 0.6545998 , 1.2193533 , 1.2307909 , 1.1061105 ,
       1.0509417 , 1.6328576 , 1.3892205 , 0.98771024, 0.78494173,
       0.97351325], dtype=float32), 'x_train': array([[6.3200e-03, 1.8000e+01, 2.3100e+00, ..., 1.5300e+01, 3.9690e+02,
        4.9800e+00],
       [2.7290e-02, 0.0000e+00, 7.0700e+00, ..., 1.7800e+01, 3.9283e+02,
        4.0300e+00],
       [3.2370e-02, 0.0000e+00, 2.1800e+00, ..., 1.8700e+01, 3.9463e+02,
        2.9400e+00],
       ...,
       [4.5270e-02, 0.0000e+00, 1.1930e+01, ..., 2.1000e+01, 3.9690e+02,
        9.0800e+00],
       [6.0760e-02, 0.0000e+00, 1.1930e+01, ..., 2.1000e+01, 3.9690e+02,
        5.6400e+00],
       [4.7410e-02, 0.0000e+00, 1.1930e+01, ..., 2.1000e+01, 3.9690e+02,
        7.8800e+00]]), 'y_test': array([22.8, 11.8, 18.5,  7.2, 24.7, 14.4, 13.5, 21.7, 28.2, 12.6, 29.1,
       10.4, 32. , 20.4, 44. , 21.8, 13.8, 15.4, 50. , 16.6, 23.3, 16. ,
       20.6, 15.6, 19.2, 21.2, 25. , 11.7, 22. , 25. , 24.4, 19.8, 15.4,
       21.6, 12.7, 22.2,  5.6, 18.2, 14. , 19.3, 36.1, 17.4, 19.7, 30.7,
       22.6, 21.1, 10.8, 20.7, 15.2, 17.8, 17.4]), 'prediction_mean': array([24.09905  ,  9.220798 , 19.799587 , 11.5207205, 24.622301 ,
       10.734175 , 12.980879 , 21.415997 , 30.016281 , 15.660019 ,
       27.478764 ,  9.230494 , 29.0414   , 19.789736 , 41.851295 ,
       23.318333 , 12.251167 , 19.932926 , 49.02672  , 20.317965 ,
       24.783821 , 19.019028 , 22.587635 , 17.339977 , 18.515608 ,
       21.960325 , 25.230896 , 15.68441  , 20.971827 , 23.085192 ,
       24.599281 , 21.337265 , 15.760121 , 24.42611  , 13.120031 ,
       25.010328 ,  9.419488 , 19.54229  , 13.270565 , 20.91621  ,
       39.944347 , 18.736893 , 18.713371 , 26.861542 , 23.535824 ,
       21.21003  ,  6.4785156, 24.18035  , 15.790041 , 21.246614 ,
       19.668812 ], dtype=float32), 'x_test': array([[7.61620e-01, 2.00000e+01, 3.97000e+00, 0.00000e+00, 6.47000e-01,
        5.56000e+00, 6.28000e+01, 1.98650e+00, 5.00000e+00, 2.64000e+02,
        1.30000e+01, 3.92400e+02, 1.04500e+01],
       [1.06718e+01, 0.00000e+00, 1.81000e+01, 0.00000e+00, 7.40000e-01,
        6.45900e+00, 9.48000e+01, 1.98790e+00, 2.40000e+01, 6.66000e+02,
        2.02000e+01, 4.30600e+01, 2.39800e+01],
       [1.42310e-01, 0.00000e+00, 1.00100e+01, 0.00000e+00, 5.47000e-01,
        6.25400e+00, 8.42000e+01, 2.25650e+00, 6.00000e+00, 4.32000e+02,
        1.78000e+01, 3.88740e+02, 1.04500e+01],
       [1.80846e+01, 0.00000e+00, 1.81000e+01, 0.00000e+00, 6.79000e-01,
        6.43400e+00, 1.00000e+02, 1.83470e+00, 2.40000e+01, 6.66000e+02,
        2.02000e+01, 2.72500e+01, 2.90500e+01],
       [1.59360e-01, 0.00000e+00, 6.91000e+00, 0.00000e+00, 4.48000e-01,
        6.21100e+00, 6.50000e+00, 5.72090e+00, 3.00000e+00, 2.33000e+02,
        1.79000e+01, 3.94460e+02, 7.44000e+00],
       [1.62864e+00, 0.00000e+00, 2.18900e+01, 0.00000e+00, 6.24000e-01,
        5.01900e+00, 1.00000e+02, 1.43940e+00, 4.00000e+00, 4.37000e+02,
        2.12000e+01, 3.96900e+02, 3.44100e+01],
       [1.61282e+00, 0.00000e+00, 8.14000e+00, 0.00000e+00, 5.38000e-01,
        6.09600e+00, 9.69000e+01, 3.75980e+00, 4.00000e+00, 3.07000e+02,
        2.10000e+01, 2.48310e+02, 2.03400e+01],
       [3.84970e+00, 0.00000e+00, 1.81000e+01, 1.00000e+00, 7.70000e-01,
        6.39500e+00, 9.10000e+01, 2.50520e+00, 2.40000e+01, 6.66000e+02,
        2.02000e+01, 3.91340e+02, 1.32700e+01],
       [4.93200e-02, 3.30000e+01, 2.18000e+00, 0.00000e+00, 4.72000e-01,
        6.84900e+00, 7.03000e+01, 3.18270e+00, 7.00000e+00, 2.22000e+02,
        1.84000e+01, 3.96900e+02, 7.53000e+00],
       [9.92485e+00, 0.00000e+00, 1.81000e+01, 0.00000e+00, 7.40000e-01,
        6.25100e+00, 9.66000e+01, 2.19800e+00, 2.40000e+01, 6.66000e+02,
        2.02000e+01, 3.88520e+02, 1.64400e+01],
       [1.43900e-02, 6.00000e+01, 2.93000e+00, 0.00000e+00, 4.01000e-01,
        6.60400e+00, 1.88000e+01, 6.21960e+00, 1.00000e+00, 2.65000e+02,
        1.56000e+01, 3.76700e+02, 4.38000e+00],
       [2.59406e+01, 0.00000e+00, 1.81000e+01, 0.00000e+00, 6.79000e-01,
        5.30400e+00, 8.91000e+01, 1.64750e+00, 2.40000e+01, 6.66000e+02,
        2.02000e+01, 1.27360e+02, 2.66400e+01],
       [9.60400e-02, 4.00000e+01, 6.41000e+00, 0.00000e+00, 4.47000e-01,
        6.85400e+00, 4.28000e+01, 4.26730e+00, 4.00000e+00, 2.54000e+02,
        1.76000e+01, 3.96900e+02, 2.98000e+00],
       [6.29760e-01, 0.00000e+00, 8.14000e+00, 0.00000e+00, 5.38000e-01,
        5.94900e+00, 6.18000e+01, 4.70750e+00, 4.00000e+00, 3.07000e+02,
        2.10000e+01, 3.96900e+02, 8.26000e+00],
       [1.53800e-02, 9.00000e+01, 3.75000e+00, 0.00000e+00, 3.94000e-01,
        7.45400e+00, 3.42000e+01, 6.33610e+00, 3.00000e+00, 2.44000e+02,
        1.59000e+01, 3.86340e+02, 3.11000e+00],
       [1.73310e-01, 0.00000e+00, 9.69000e+00, 0.00000e+00, 5.85000e-01,
        5.70700e+00, 5.40000e+01, 2.38170e+00, 6.00000e+00, 3.91000e+02,
        1.92000e+01, 3.96900e+02, 1.20100e+01],
       [1.84982e+01, 0.00000e+00, 1.81000e+01, 0.00000e+00, 6.68000e-01,
        4.13800e+00, 1.00000e+02, 1.13700e+00, 2.40000e+01, 6.66000e+02,
        2.02000e+01, 3.96900e+02, 3.79700e+01],
       [2.73397e+00, 0.00000e+00, 1.95800e+01, 0.00000e+00, 8.71000e-01,
        5.59700e+00, 9.49000e+01, 1.52570e+00, 5.00000e+00, 4.03000e+02,
        1.47000e+01, 3.51850e+02, 2.14500e+01],
       [2.00900e-02, 9.50000e+01, 2.68000e+00, 0.00000e+00, 4.16100e-01,
        8.03400e+00, 3.19000e+01, 5.11800e+00, 4.00000e+00, 2.24000e+02,
        1.47000e+01, 3.90550e+02, 2.88000e+00],
       [2.29270e-01, 0.00000e+00, 6.91000e+00, 0.00000e+00, 4.48000e-01,
        6.03000e+00, 8.55000e+01, 5.68940e+00, 3.00000e+00, 2.33000e+02,
        1.79000e+01, 3.92740e+02, 1.88000e+01],
       [9.25200e-02, 3.00000e+01, 4.93000e+00, 0.00000e+00, 4.28000e-01,
        6.60600e+00, 4.22000e+01, 6.18990e+00, 6.00000e+00, 3.00000e+02,
        1.66000e+01, 3.83780e+02, 7.37000e+00],
       [1.71710e-01, 2.50000e+01, 5.13000e+00, 0.00000e+00, 4.53000e-01,
        5.96600e+00, 9.34000e+01, 6.81850e+00, 8.00000e+00, 2.84000e+02,
        1.97000e+01, 3.78080e+02, 1.44400e+01],
       [4.83567e+00, 0.00000e+00, 1.81000e+01, 0.00000e+00, 5.83000e-01,
        5.90500e+00, 5.32000e+01, 3.15230e+00, 2.40000e+01, 6.66000e+02,
        2.02000e+01, 3.88220e+02, 1.14500e+01],
       [4.09740e+00, 0.00000e+00, 1.95800e+01, 0.00000e+00, 8.71000e-01,
        5.46800e+00, 1.00000e+02, 1.41180e+00, 5.00000e+00, 4.03000e+02,
        1.47000e+01, 3.96900e+02, 2.64200e+01],
       [1.50980e-01, 0.00000e+00, 1.00100e+01, 0.00000e+00, 5.47000e-01,
        6.02100e+00, 8.26000e+01, 2.74740e+00, 6.00000e+00, 4.32000e+02,
        1.78000e+01, 3.94510e+02, 1.03000e+01],
       [2.39120e-01, 0.00000e+00, 9.69000e+00, 0.00000e+00, 5.85000e-01,
        6.01900e+00, 6.53000e+01, 2.40910e+00, 6.00000e+00, 3.91000e+02,
        1.92000e+01, 3.96900e+02, 1.29200e+01],
       [5.36000e-02, 2.10000e+01, 5.64000e+00, 0.00000e+00, 4.39000e-01,
        6.51100e+00, 2.11000e+01, 6.81470e+00, 4.00000e+00, 2.43000e+02,
        1.68000e+01, 3.96900e+02, 5.28000e+00],
       [8.79212e+00, 0.00000e+00, 1.81000e+01, 0.00000e+00, 5.84000e-01,
        5.56500e+00, 7.06000e+01, 2.06350e+00, 2.40000e+01, 6.66000e+02,
        2.02000e+01, 3.65000e+00, 1.71600e+01],
       [1.09590e-01, 0.00000e+00, 1.19300e+01, 0.00000e+00, 5.73000e-01,
        6.79400e+00, 8.93000e+01, 2.38890e+00, 1.00000e+00, 2.73000e+02,
        2.10000e+01, 3.93450e+02, 6.48000e+00],
       [2.87500e-02, 2.80000e+01, 1.50400e+01, 0.00000e+00, 4.64000e-01,
        6.21100e+00, 2.89000e+01, 3.66590e+00, 4.00000e+00, 2.70000e+02,
        1.82000e+01, 3.96330e+02, 6.21000e+00],
       [1.14600e-01, 2.00000e+01, 6.96000e+00, 0.00000e+00, 4.64000e-01,
        6.53800e+00, 5.87000e+01, 3.91750e+00, 3.00000e+00, 2.23000e+02,
        1.86000e+01, 3.94960e+02, 7.73000e+00],
       [2.45220e-01, 0.00000e+00, 9.90000e+00, 0.00000e+00, 5.44000e-01,
        5.78200e+00, 7.17000e+01, 4.03170e+00, 4.00000e+00, 3.04000e+02,
        1.84000e+01, 3.96900e+02, 1.59400e+01],
       [9.96654e+00, 0.00000e+00, 1.81000e+01, 0.00000e+00, 7.40000e-01,
        6.48500e+00, 1.00000e+02, 1.97840e+00, 2.40000e+01, 6.66000e+02,
        2.02000e+01, 3.86730e+02, 1.88500e+01],
       [2.73100e-02, 0.00000e+00, 7.07000e+00, 0.00000e+00, 4.69000e-01,
        6.42100e+00, 7.89000e+01, 4.96710e+00, 2.00000e+00, 2.42000e+02,
        1.78000e+01, 3.96900e+02, 9.14000e+00],
       [1.13081e+00, 0.00000e+00, 8.14000e+00, 0.00000e+00, 5.38000e-01,
        5.71300e+00, 9.41000e+01, 4.23300e+00, 4.00000e+00, 3.07000e+02,
        2.10000e+01, 3.60170e+02, 2.26000e+01],
       [7.15100e-02, 0.00000e+00, 4.49000e+00, 0.00000e+00, 4.49000e-01,
        6.12100e+00, 5.68000e+01, 3.74760e+00, 3.00000e+00, 2.47000e+02,
        1.85000e+01, 3.95150e+02, 8.44000e+00],
       [2.50461e+01, 0.00000e+00, 1.81000e+01, 0.00000e+00, 6.93000e-01,
        5.98700e+00, 1.00000e+02, 1.58880e+00, 2.40000e+01, 6.66000e+02,
        2.02000e+01, 3.96900e+02, 2.67700e+01],
       [4.30100e-02, 8.00000e+01, 1.91000e+00, 0.00000e+00, 4.13000e-01,
        5.66300e+00, 2.19000e+01, 1.05857e+01, 4.00000e+00, 3.34000e+02,
        2.20000e+01, 3.82800e+02, 8.05000e+00],
       [2.90900e-01, 0.00000e+00, 2.18900e+01, 0.00000e+00, 6.24000e-01,
        6.17400e+00, 9.36000e+01, 1.61190e+00, 4.00000e+00, 4.37000e+02,
        2.12000e+01, 3.88080e+02, 2.41600e+01],
       [1.71420e-01, 0.00000e+00, 6.91000e+00, 0.00000e+00, 4.48000e-01,
        5.68200e+00, 3.38000e+01, 5.10040e+00, 3.00000e+00, 2.33000e+02,
        1.79000e+01, 3.96900e+02, 1.02100e+01],
       [5.51500e-02, 3.30000e+01, 2.18000e+00, 0.00000e+00, 4.72000e-01,
        7.23600e+00, 4.11000e+01, 4.02200e+00, 7.00000e+00, 2.22000e+02,
        1.84000e+01, 3.93680e+02, 6.93000e+00],
       [1.20742e+00, 0.00000e+00, 1.95800e+01, 0.00000e+00, 6.05000e-01,
        5.87500e+00, 9.46000e+01, 2.42590e+00, 5.00000e+00, 4.03000e+02,
        1.47000e+01, 2.92290e+02, 1.44300e+01],
       [2.89600e-01, 0.00000e+00, 9.69000e+00, 0.00000e+00, 5.85000e-01,
        5.39000e+00, 7.29000e+01, 2.79860e+00, 6.00000e+00, 3.91000e+02,
        1.92000e+01, 3.96900e+02, 2.11400e+01],
       [7.85700e-01, 2.00000e+01, 3.97000e+00, 0.00000e+00, 6.47000e-01,
        7.01400e+00, 8.46000e+01, 2.13290e+00, 5.00000e+00, 2.64000e+02,
        1.30000e+01, 3.84070e+02, 1.47900e+01],
       [4.26131e+00, 0.00000e+00, 1.81000e+01, 0.00000e+00, 7.70000e-01,
        6.11200e+00, 8.13000e+01, 2.50910e+00, 2.40000e+01, 6.66000e+02,
        2.02000e+01, 3.90740e+02, 1.26700e+01],
       [2.99160e-01, 2.00000e+01, 6.96000e+00, 0.00000e+00, 4.64000e-01,
        5.85600e+00, 4.21000e+01, 4.42900e+00, 3.00000e+00, 2.23000e+02,
        1.86000e+01, 3.88650e+02, 1.30000e+01],
       [1.28023e+01, 0.00000e+00, 1.81000e+01, 0.00000e+00, 7.40000e-01,
        5.85400e+00, 9.66000e+01, 1.89560e+00, 2.40000e+01, 6.66000e+02,
        2.02000e+01, 2.40520e+02, 2.37900e+01],
       [9.06500e-02, 2.00000e+01, 6.96000e+00, 1.00000e+00, 4.64000e-01,
        5.92000e+00, 6.15000e+01, 3.91750e+00, 3.00000e+00, 2.23000e+02,
        1.86000e+01, 3.91340e+02, 1.36500e+01],
       [5.44114e+00, 0.00000e+00, 1.81000e+01, 0.00000e+00, 7.13000e-01,
        6.65500e+00, 9.82000e+01, 2.35520e+00, 2.40000e+01, 6.66000e+02,
        2.02000e+01, 3.55290e+02, 1.77300e+01],
       [3.18270e-01, 0.00000e+00, 9.90000e+00, 0.00000e+00, 5.44000e-01,
        5.91400e+00, 8.32000e+01, 3.99860e+00, 4.00000e+00, 3.04000e+02,
        1.84000e+01, 3.90700e+02, 1.83300e+01],
       [1.35540e-01, 1.25000e+01, 6.07000e+00, 0.00000e+00, 4.09000e-01,
        5.59400e+00, 3.68000e+01, 6.49800e+00, 4.00000e+00, 3.45000e+02,
        1.89000e+01, 3.96900e+02, 1.30900e+01]]), 'packages': [['atomicwrites', '1.1.5'], ['attrs', '18.1.0'], ['backcall', '0.1.0'], ['coverage', '4.5.1'], ['cycler', '0.10.0'], ['decorator', '4.3.0'], ['docopt', '0.6.2'], ['hashfs', '0.7.0'], ['hypothesis', '3.57.0'], ['ipykernel', '4.8.2'], ['ipython', '6.4.0'], ['ipython-genutils', '0.2.0'], ['jedi', '0.12.0'], ['jsonpickle', '0.9.6'], ['jsonschema', '2.6.0'], ['jupyter-client', '5.2.3'], ['jupyter-core', '4.4.0'], ['kiwisolver', '1.0.1'], ['Lasagne', '0.1'], ['matplotlib', '2.2.2'], ['more-itertools', '4.2.0'], ['mpmath', '1.0.0'], ['munch', '2.3.2'], ['nbformat', '4.4.0'], ['nbval', '0.9.1'], ['numpy', '1.14.3'], ['pandas', '0.23.0'], ['parso', '0.2.1'], ['pexpect', '4.6.0'], ['pickleshare', '0.7.4'], ['Pillow', '5.1.0'], ['pip', '10.0.1'], ['pkg-resources', '0.0.0'], ['pluggy', '0.6.0'], ['prompt-toolkit', '1.0.15'], ['ptyprocess', '0.5.2'], ['py', '1.5.3'], ['py-cpuinfo', '4.0.0'], ['Pygments', '2.2.0'], ['pymongo', '3.6.1'], ['pyparsing', '2.2.0'], ['pysgmcmc', '0.0.1'], ['pytest', '3.6.0'], ['python-dateutil', '2.7.3'], ['pytz', '2018.4'], ['pyzmq', '17.0.0'], ['sacred', '0.7.3'], ['scandir', '1.7'], ['scikit-learn', '0.19.1'], ['scipy', '1.1.0'], ['seaborn', '0.8.1'], ['setuptools', '39.2.0'], ['simplegeneric', '0.8.1'], ['six', '1.11.0'], ['SQLAlchemy', '1.2.8'], ['sympy', '1.1.1'], ['Theano', '0.8.0'], ['tinydb', '3.9.0.post1'], ['tinydb-serialization', '1.0.4'], ['torch', '0.4.0'], ['torchvision', '0.2.1'], ['tornado', '5.0.2'], ['tqdm', '4.23.4'], ['traitlets', '4.3.2'], ['wcwidth', '0.1.7'], ['wheel', '0.31.1'], ['wrapt', '1.10.11']], 'y_train': array([24. , 34.7, 33.4, 36.2, 28.7, 22.9, 27.1, 16.5, 18.9, 15. , 18.9,
       21.7, 18.2, 19.9, 23.1, 17.5, 20.2, 18.2, 13.6, 19.6, 15.2, 14.5,
       15.6, 13.9, 16.6, 14.8, 18.4, 21. , 14.5, 13.2, 13.1, 18.9, 20. ,
       21. , 24.7, 30.8, 34.9, 26.6, 25.3, 21.2, 20. , 14.4, 19.4, 19.7,
       20.5, 23.4, 18.9, 35.4, 24.7, 31.6, 23.3, 19.6, 18.7, 22.2, 25. ,
       33. , 23.5, 19.4, 22. , 20.9, 24.2, 21.7, 22.8, 23.4, 24.1, 21.4,
       20. , 20.8, 21.2, 20.3, 28. , 23.9, 24.8, 22.9, 23.9, 26.6, 22.5,
       23.6, 28.7, 22.6, 22. , 22.9, 20.6, 28.4, 21.4, 38.7, 43.8, 33.2,
       27.5, 26.5, 18.6, 19.3, 20.1, 19.5, 19.5, 20.4, 19.8, 19.4, 21.7,
       22.8, 18.8, 18.7, 18.3, 21.2, 20.4, 19.3, 22. , 20.3, 20.5, 17.3,
       18.8, 21.4, 15.7, 16.2, 18. , 14.3, 19.2, 19.6, 23. , 18.4, 15.6,
       18.1, 17.4, 17.1, 13.3, 17.8, 13.4, 11.8, 13.8, 15.6, 14.6, 17.8,
       21.5, 19.6, 15.3, 19.4, 17. , 15.6, 13.1, 41.3, 24.3, 23.3, 27. ,
       50. , 50. , 50. , 22.7, 25. , 50. , 23.8, 23.8, 22.3, 19.1, 23.1,
       23.6, 22.6, 29.4, 23.2, 24.6, 29.9, 37.2, 39.8, 36.2, 37.9, 32.5,
       26.4, 29.6, 50. , 32. , 29.8, 34.9, 37. , 30.5, 36.4, 31.1, 50. ,
       33.3, 30.3, 34.6, 34.9, 32.9, 24.1, 42.3, 48.5, 22.6, 24.4, 22.5,
       24.4, 20. , 21.7, 19.3, 22.4, 28.1, 23.7, 25. , 23.3, 28.7, 21.5,
       23. , 26.7, 21.7, 27.5, 30.1, 44.8, 50. , 37.6, 31.6, 46.7, 31.5,
       24.3, 31.7, 41.7, 48.3, 29. , 24. , 25.1, 31.5, 23.7, 22. , 20.1,
       22.2, 23.7, 17.6, 18.5, 24.3, 20.5, 24.5, 26.2, 24.4, 24.8, 29.6,
       42.8, 21.9, 20.9, 50. , 36. , 30.1, 33.8, 43.1, 48.8, 31. , 36.5,
       50. , 43.5, 25.2, 35.2, 32.4, 33.2, 33.1, 29.1, 35.1, 45.4, 35.4,
       46. , 50. , 32.2, 22. , 20.1, 23.2, 22.3, 24.8, 28.5, 37.3, 27.9,
       23.9, 21.7, 28.6, 27.1, 20.3, 22.5, 29. , 24.8, 22. , 26.4, 33.1,
       28.4, 33.4, 22.8, 20.3, 16.1, 22.1, 19.4, 21.6, 23.8, 16.2, 23.1,
       21. , 23.8, 23.1, 20.4, 18.5, 25. , 24.6, 23. , 22.2, 19.3, 22.6,
       19.8, 17.1, 19.4, 22.2, 20.7, 21.1, 19.5, 18.5, 20.6, 19. , 18.7,
       32.7, 16.5, 23.9, 31.2, 17.5, 17.2, 23.1, 24.5, 26.6, 22.9, 24.1,
       18.6, 30.1, 20.6, 17.8, 22.7, 25. , 19.9, 20.8, 16.8, 21.9, 27.5,
       21.9, 23.1, 50. , 50. , 50. , 50. , 50. , 13.8, 15. , 13.9, 13.3,
       13.1, 10.2, 10.4, 10.9, 11.3, 12.3,  8.8,  7.2, 10.5,  7.4, 10.2,
       11.5, 15.1, 23.2,  9.7, 13.8, 12.7, 13.1, 12.5,  8.5,  5. ,  6.3,
        7.2, 12.1,  8.3,  8.5,  5. , 11.9, 27.9, 17.2, 27.5, 15. , 17.2,
       17.9, 16.3,  7. ,  7.5,  8.8,  8.4, 16.7, 14.2, 20.8, 13.4,  8.3,
       10.2, 10.9, 11. ,  9.5, 14.5, 14.1, 16.1, 14.3, 11.7, 13.4,  9.6,
        8.7,  8.4, 12.8, 10.5, 17.1, 18.4, 14.9, 14.1, 13. , 13.4, 16.1,
       17.8, 14.9, 14.1, 12.7, 13.5, 14.9, 20. , 16.4, 17.7, 19.5, 20.2,
       21.4, 19.9, 19. , 19.1, 19.1, 20.1, 19.9, 19.6, 23.2, 29.8, 13.8,
       13.3, 16.7, 12. , 14.6, 21.4, 23. , 23.7, 25. , 21.8, 20.6, 21.2,
       19.1, 15.2,  7. ,  8.1, 13.6, 20.1, 24.5, 23.1, 18.3, 17.5, 16.8,
       22.4, 20.6, 23.9, 11.9])}
INFO - BNN_UCI - Completed after 0:08:28
