INFO - BNN_UCI - Running command 'fit_bnn'
INFO - BNN_UCI - Started run with ID "351"
/home/freidanm/repos/pytorch_experiments/experiments_env/src/pysgmcmc/pysgmcmc/data/datasets.py:14: FutureWarning: Method .as_matrix will be removed in a future version. Use .values instead.
  x_train = train_data.as_matrix(feature_columns)
/home/freidanm/repos/pytorch_experiments/experiments_env/src/pysgmcmc/pysgmcmc/data/datasets.py:15: FutureWarning: Method .as_matrix will be removed in a future version. Use .values instead.
  y_train = train_data[label_column].as_matrix()
/home/freidanm/repos/pytorch_experiments/experiments_env/src/pysgmcmc/pysgmcmc/data/datasets.py:17: FutureWarning: Method .as_matrix will be removed in a future version. Use .values instead.
  x_test = test_data.as_matrix(feature_columns)
/home/freidanm/repos/pytorch_experiments/experiments_env/src/pysgmcmc/pysgmcmc/data/datasets.py:18: FutureWarning: Method .as_matrix will be removed in a future version. Use .values instead.
  y_test = test_data[label_column].as_matrix()
INFO - root - Performing 15000 iterations
INFO - BNN_UCI - Result: {'x_train': array([[6.3200e-03, 1.8000e+01, 2.3100e+00, ..., 1.5300e+01, 3.9690e+02,
        4.9800e+00],
       [2.7310e-02, 0.0000e+00, 7.0700e+00, ..., 1.7800e+01, 3.9690e+02,
        9.1400e+00],
       [3.2370e-02, 0.0000e+00, 2.1800e+00, ..., 1.8700e+01, 3.9463e+02,
        2.9400e+00],
       ...,
       [6.0760e-02, 0.0000e+00, 1.1930e+01, ..., 2.1000e+01, 3.9690e+02,
        5.6400e+00],
       [1.0959e-01, 0.0000e+00, 1.1930e+01, ..., 2.1000e+01, 3.9345e+02,
        6.4800e+00],
       [4.7410e-02, 0.0000e+00, 1.1930e+01, ..., 2.1000e+01, 3.9690e+02,
        7.8800e+00]]), 'prediction_std': array([0.7191089 , 0.9264041 , 0.84334534, 0.6463721 , 0.6154225 ,
       0.8898321 , 0.65844494, 0.7339546 , 0.72424525, 1.8829504 ,
       0.7846772 , 0.918502  , 0.94623566, 1.5146483 , 0.88987327,
       1.3233922 , 0.92869276, 0.9259433 , 0.8988869 , 1.1961529 ,
       1.1142037 , 0.9989545 , 1.8679601 , 1.4427234 , 1.1920424 ,
       0.71442336, 0.72140586, 2.1617851 , 0.74808145, 1.2548325 ,
       1.0512005 , 1.1861671 , 1.2586157 , 0.9613522 , 0.9637251 ,
       2.1532996 , 1.1593552 , 1.709737  , 1.1130147 , 0.85770947,
       1.4063203 , 0.972302  , 0.8107695 , 0.57864714, 0.8755824 ,
       0.9115548 , 1.7560533 , 0.91063964, 0.8073959 , 0.6856903 ,
       0.8163359 ], dtype=float32), 'y_train': array([24. , 21.6, 33.4, 36.2, 28.7, 22.9, 27.1, 16.5, 18.9, 15. , 18.9,
       21.7, 20.4, 18.2, 19.9, 23.1, 17.5, 20.2, 18.2, 13.6, 19.6, 15.2,
       14.5, 15.6, 13.9, 16.6, 14.8, 18.4, 21. , 12.7, 14.5, 13.2, 13.1,
       13.5, 18.9, 20. , 24.7, 30.8, 34.9, 26.6, 24.7, 21.2, 19.3, 20. ,
       16.6, 14.4, 19.4, 19.7, 20.5, 25. , 23.4, 18.9, 35.4, 24.7, 31.6,
       23.3, 19.6, 18.7, 16. , 22.2, 25. , 33. , 23.5, 19.4, 22. , 17.4,
       20.9, 24.2, 22.8, 23.4, 24.1, 20. , 20.8, 21.2, 20.3, 28. , 23.9,
       24.8, 22.9, 23.9, 26.6, 22.5, 22.2, 23.6, 28.7, 22.6, 22. , 22.9,
       25. , 20.6, 28.4, 21.4, 38.7, 43.8, 27.5, 26.5, 18.6, 19.3, 20.1,
       19.5, 19.5, 20.4, 19.8, 19.4, 21.7, 22.8, 18.8, 18.7, 18.3, 21.2,
       19.2, 20.4, 19.3, 22. , 20.3, 20.5, 17.3, 18.8, 21.4, 15.7, 16.2,
       18. , 14.3, 19.6, 23. , 18.4, 15.6, 18.1, 17.4, 17.1, 13.3, 17.8,
       14. , 14.4, 13.4, 15.6, 11.8, 13.8, 14.6, 17.8, 15.4, 21.5, 19.6,
       15.3, 19.4, 17. , 13.1, 41.3, 24.3, 23.3, 27. , 50. , 50. , 50. ,
       22.7, 50. , 23.8, 23.8, 22.3, 19.1, 23.1, 23.6, 22.6, 29.4, 23.2,
       24.6, 29.9, 37.2, 39.8, 36.2, 32.5, 26.4, 29.6, 50. , 32. , 29.8,
       30.5, 36.4, 31.1, 29.1, 50. , 33.3, 34.6, 34.9, 32.9, 24.1, 42.3,
       48.5, 50. , 22.6, 22.5, 24.4, 21.7, 19.3, 22.4, 23.7, 25. , 23.3,
       28.7, 21.5, 23. , 26.7, 21.7, 27.5, 30.1, 44.8, 50. , 31.6, 46.7,
       24.3, 31.7, 41.7, 48.3, 29. , 25.1, 31.5, 23.7, 23.3, 20.1, 22.2,
       23.7, 17.6, 18.5, 24.3, 20.5, 26.2, 24.4, 24.8, 29.6, 42.8, 21.9,
       20.9, 44. , 50. , 36. , 30.1, 33.8, 43.1, 48.8, 31. , 36.5, 22.8,
       30.7, 50. , 43.5, 20.7, 25.2, 24.4, 35.2, 32.4, 32. , 33.1, 29.1,
       35.1, 35.4, 46. , 50. , 32.2, 22. , 20.1, 23.2, 22.3, 24.8, 28.5,
       37.3, 27.9, 23.9, 21.7, 28.6, 20.3, 22.5, 29. , 24.8, 22. , 26.4,
       33.1, 36.1, 28.4, 33.4, 28.2, 22.8, 20.3, 16.1, 22.1, 19.4, 21.6,
       23.8, 16.2, 17.8, 19.8, 23.1, 21. , 23.8, 23.1, 20.4, 18.5, 25. ,
       22.2, 19.3, 19.8, 17.1, 22.2, 20.7, 21.1, 18.5, 20.6, 19. , 32.7,
       16.5, 23.9, 31.2, 17.5, 17.2, 23.1, 26.6, 22.9, 24.1, 18.6, 30.1,
       20.6, 21.7, 22.7, 22.6, 25. , 19.9, 20.8, 16.8, 21.9, 27.5, 21.9,
       23.1, 50. , 50. , 50. , 50. , 13.8, 13.8, 15. , 13.9, 13.3, 10.2,
       10.4, 10.9, 12.3,  8.8, 10.5, 11.5, 15.1, 23.2,  9.7, 13.8, 12.7,
       13.1, 12.5,  8.5,  5. ,  6.3,  5.6,  7.2, 12.1,  8.3,  8.5,  5. ,
       11.9, 27.9, 17.2, 27.5, 15. , 17.2, 17.9, 16.3,  7. ,  7.2,  7.5,
       10.4,  8.8,  8.4, 16.7, 14.2, 20.8, 13.4, 11.7,  8.3, 10.2, 10.9,
       11. ,  9.5, 14.5, 14.1, 16.1, 14.3, 11.7, 13.4,  9.6,  8.7,  8.4,
       12.8, 10.5, 17.1, 18.4, 10.8, 11.8, 14.9, 14.1, 13. , 13.4, 15.2,
       16.1, 17.8, 14.9, 12.7, 13.5, 14.9, 20. , 17.7, 19.5, 20.2, 21.4,
       19.9, 19. , 19.1, 19.1, 20.1, 19.9, 19.6, 23.2, 29.8, 13.8, 16.7,
       12. , 14.6, 23. , 23.7, 25. , 21.8, 20.6, 21.2, 19.1, 20.6, 15.2,
        7. ,  8.1, 13.6, 21.8, 24.5, 23.1, 19.7, 18.3, 21.2, 16.8, 22.4,
       20.6, 23.9, 22. , 11.9]), 'y_test': array([20. , 18.2, 12.6, 18.5, 18.7, 21.1, 11.3, 14.1,  7.4, 37.6, 17.4,
       25.3, 20.1, 50. , 27.1, 25. , 21.7, 24. , 22. , 34.9, 19.5, 28.1,
       30.3, 45.4, 31.5, 24.5,  7.2, 17.8, 10.2, 15.6, 34.7, 24.5, 13.3,
       21.4, 16.4, 21.4, 33.2, 15.6, 33.2, 24.6, 37.9, 15.4, 19.4, 21. ,
       22.6, 13.1, 37. , 23. , 24.4, 19.2, 17.5]), 'packages': [['atomicwrites', '1.1.5'], ['attrs', '18.1.0'], ['backcall', '0.1.0'], ['coverage', '4.5.1'], ['cycler', '0.10.0'], ['decorator', '4.3.0'], ['docopt', '0.6.2'], ['hashfs', '0.7.0'], ['hypothesis', '3.57.0'], ['ipykernel', '4.8.2'], ['ipython', '6.4.0'], ['ipython-genutils', '0.2.0'], ['jedi', '0.12.0'], ['jsonpickle', '0.9.6'], ['jsonschema', '2.6.0'], ['jupyter-client', '5.2.3'], ['jupyter-core', '4.4.0'], ['kiwisolver', '1.0.1'], ['Lasagne', '0.1'], ['matplotlib', '2.2.2'], ['more-itertools', '4.2.0'], ['mpmath', '1.0.0'], ['munch', '2.3.2'], ['nbformat', '4.4.0'], ['nbval', '0.9.1'], ['numpy', '1.14.3'], ['pandas', '0.23.0'], ['parso', '0.2.1'], ['pexpect', '4.6.0'], ['pickleshare', '0.7.4'], ['Pillow', '5.1.0'], ['pip', '10.0.1'], ['pkg-resources', '0.0.0'], ['pluggy', '0.6.0'], ['prompt-toolkit', '1.0.15'], ['ptyprocess', '0.5.2'], ['py', '1.5.3'], ['py-cpuinfo', '4.0.0'], ['Pygments', '2.2.0'], ['pymongo', '3.6.1'], ['pyparsing', '2.2.0'], ['pysgmcmc', '0.0.1'], ['pytest', '3.6.0'], ['python-dateutil', '2.7.3'], ['pytz', '2018.4'], ['pyzmq', '17.0.0'], ['sacred', '0.7.3'], ['scandir', '1.7'], ['scikit-learn', '0.19.1'], ['scipy', '1.1.0'], ['seaborn', '0.8.1'], ['setuptools', '39.2.0'], ['simplegeneric', '0.8.1'], ['six', '1.11.0'], ['SQLAlchemy', '1.2.8'], ['sympy', '1.1.1'], ['Theano', '0.8.0'], ['tinydb', '3.9.0.post1'], ['tinydb-serialization', '1.0.4'], ['torch', '0.4.0'], ['torchvision', '0.2.1'], ['tornado', '5.0.2'], ['tqdm', '4.23.4'], ['traitlets', '4.3.2'], ['wcwidth', '0.1.7'], ['wheel', '0.31.1'], ['wrapt', '1.10.11']], 'prediction_mean': array([19.761076, 19.805681, 18.326807, 20.582539, 20.286953, 21.821087,
       10.772017, 14.951897,  9.324758, 39.207756, 17.940552, 24.792831,
       14.58325 , 50.296234, 25.732101, 27.36744 , 20.523836, 24.597267,
       25.42276 , 36.05992 , 18.448   , 28.451403, 32.585655, 41.95358 ,
       31.988045, 24.234985, 10.577684, 15.756942, 10.968666, 15.595645,
       35.523743, 26.155245, 19.555801, 22.482943, 13.905568, 19.610832,
       33.933147, 15.96763 , 32.024822, 24.236397, 33.480343, 16.780195,
       21.045366, 21.485302, 23.469406,  8.478469, 32.419014, 23.473495,
       23.691076, 20.394049, 18.486198], dtype=float32), 'x_test': array([[4.35710e-01, 0.00000e+00, 1.05900e+01, 1.00000e+00, 4.89000e-01,
        5.34400e+00, 1.00000e+02, 3.87500e+00, 4.00000e+00, 2.77000e+02,
        1.86000e+01, 3.96900e+02, 2.30900e+01],
       [4.30100e-02, 8.00000e+01, 1.91000e+00, 0.00000e+00, 4.13000e-01,
        5.66300e+00, 2.19000e+01, 1.05857e+01, 4.00000e+00, 3.34000e+02,
        2.20000e+01, 3.82800e+02, 8.05000e+00],
       [9.92485e+00, 0.00000e+00, 1.81000e+01, 0.00000e+00, 7.40000e-01,
        6.25100e+00, 9.66000e+01, 2.19800e+00, 2.40000e+01, 6.66000e+02,
        2.02000e+01, 3.88520e+02, 1.64400e+01],
       [1.42310e-01, 0.00000e+00, 1.00100e+01, 0.00000e+00, 5.47000e-01,
        6.25400e+00, 8.42000e+01, 2.25650e+00, 6.00000e+00, 4.32000e+02,
        1.78000e+01, 3.88740e+02, 1.04500e+01],
       [6.15100e-02, 0.00000e+00, 5.19000e+00, 0.00000e+00, 5.15000e-01,
        5.96800e+00, 5.85000e+01, 4.81220e+00, 5.00000e+00, 2.24000e+02,
        2.02000e+01, 3.96900e+02, 9.29000e+00],
       [2.99160e-01, 2.00000e+01, 6.96000e+00, 0.00000e+00, 4.64000e-01,
        5.85600e+00, 4.21000e+01, 4.42900e+00, 3.00000e+00, 2.23000e+02,
        1.86000e+01, 3.88650e+02, 1.30000e+01],
       [9.18702e+00, 0.00000e+00, 1.81000e+01, 0.00000e+00, 7.00000e-01,
        5.53600e+00, 1.00000e+02, 1.58040e+00, 2.40000e+01, 6.66000e+02,
        2.02000e+01, 3.96900e+02, 2.36000e+01],
       [4.75237e+00, 0.00000e+00, 1.81000e+01, 0.00000e+00, 7.13000e-01,
        6.52500e+00, 8.65000e+01, 2.43580e+00, 2.40000e+01, 6.66000e+02,
        2.02000e+01, 5.09200e+01, 1.81300e+01],
       [2.25971e+01, 0.00000e+00, 1.81000e+01, 0.00000e+00, 7.00000e-01,
        5.00000e+00, 8.95000e+01, 1.51840e+00, 2.40000e+01, 6.66000e+02,
        2.02000e+01, 3.96900e+02, 3.19900e+01],
       [3.82140e-01, 0.00000e+00, 6.20000e+00, 0.00000e+00, 5.04000e-01,
        8.04000e+00, 8.65000e+01, 3.21570e+00, 8.00000e+00, 3.07000e+02,
        1.74000e+01, 3.87380e+02, 3.13000e+00],
       [1.20742e+00, 0.00000e+00, 1.95800e+01, 0.00000e+00, 6.05000e-01,
        5.87500e+00, 9.46000e+01, 2.42590e+00, 5.00000e+00, 4.03000e+02,
        1.47000e+01, 2.92290e+02, 1.44300e+01],
       [1.41500e-01, 0.00000e+00, 6.91000e+00, 0.00000e+00, 4.48000e-01,
        6.16900e+00, 6.60000e+00, 5.72090e+00, 3.00000e+00, 2.33000e+02,
        1.79000e+01, 3.83370e+02, 5.81000e+00],
       [1.11320e-01, 0.00000e+00, 2.77400e+01, 0.00000e+00, 6.09000e-01,
        5.98300e+00, 8.35000e+01, 2.10990e+00, 4.00000e+00, 7.11000e+02,
        2.01000e+01, 3.96900e+02, 1.33500e+01],
       [5.66998e+00, 0.00000e+00, 1.81000e+01, 1.00000e+00, 6.31000e-01,
        6.68300e+00, 9.68000e+01, 1.35670e+00, 2.40000e+01, 6.66000e+02,
        2.02000e+01, 3.75330e+02, 3.73000e+00],
       [5.37200e-02, 0.00000e+00, 1.39200e+01, 0.00000e+00, 4.37000e-01,
        6.54900e+00, 5.10000e+01, 5.96040e+00, 4.00000e+00, 2.89000e+02,
        1.60000e+01, 3.92850e+02, 7.39000e+00],
       [2.92400e+00, 0.00000e+00, 1.95800e+01, 0.00000e+00, 6.05000e-01,
        6.10100e+00, 9.30000e+01, 2.28340e+00, 5.00000e+00, 4.03000e+02,
        1.47000e+01, 2.40160e+02, 9.81000e+00],
       [1.58760e-01, 0.00000e+00, 1.08100e+01, 0.00000e+00, 4.13000e-01,
        5.96100e+00, 1.75000e+01, 5.28730e+00, 4.00000e+00, 3.05000e+02,
        1.92000e+01, 3.76940e+02, 9.88000e+00],
       [3.30450e-01, 0.00000e+00, 6.20000e+00, 0.00000e+00, 5.07000e-01,
        6.08600e+00, 6.15000e+01, 3.65190e+00, 8.00000e+00, 3.07000e+02,
        1.74000e+01, 3.76750e+02, 1.08800e+01],
       [1.13290e-01, 3.00000e+01, 4.93000e+00, 0.00000e+00, 4.28000e-01,
        6.89700e+00, 5.43000e+01, 6.33610e+00, 6.00000e+00, 3.00000e+02,
        1.66000e+01, 3.91250e+02, 1.13800e+01],
       [8.37000e-02, 4.50000e+01, 3.44000e+00, 0.00000e+00, 4.37000e-01,
        7.18500e+00, 3.89000e+01, 4.56670e+00, 5.00000e+00, 3.98000e+02,
        1.52000e+01, 3.96900e+02, 5.39000e+00],
       [3.42700e-02, 0.00000e+00, 5.19000e+00, 0.00000e+00, 5.15000e-01,
        5.86900e+00, 4.63000e+01, 5.23110e+00, 5.00000e+00, 2.24000e+02,
        2.02000e+01, 3.96900e+02, 9.80000e+00],
       [1.40520e-01, 0.00000e+00, 1.05900e+01, 0.00000e+00, 4.89000e-01,
        6.37500e+00, 3.23000e+01, 3.94540e+00, 4.00000e+00, 2.77000e+02,
        1.86000e+01, 3.85810e+02, 9.38000e+00],
       [4.66600e-02, 8.00000e+01, 1.52000e+00, 0.00000e+00, 4.04000e-01,
        7.10700e+00, 3.66000e+01, 7.30900e+00, 2.00000e+00, 3.29000e+02,
        1.26000e+01, 3.54310e+02, 8.61000e+00],
       [3.57800e-02, 2.00000e+01, 3.33000e+00, 0.00000e+00, 4.42900e-01,
        7.82000e+00, 6.45000e+01, 4.69470e+00, 5.00000e+00, 2.16000e+02,
        1.49000e+01, 3.87310e+02, 3.76000e+00],
       [4.41780e-01, 0.00000e+00, 6.20000e+00, 0.00000e+00, 5.04000e-01,
        6.55200e+00, 2.14000e+01, 3.37510e+00, 8.00000e+00, 3.07000e+02,
        1.74000e+01, 3.80340e+02, 3.76000e+00],
       [1.64390e-01, 2.20000e+01, 5.86000e+00, 0.00000e+00, 4.31000e-01,
        6.43300e+00, 4.91000e+01, 7.82650e+00, 7.00000e+00, 3.30000e+02,
        1.91000e+01, 3.74710e+02, 9.52000e+00],
       [1.68118e+01, 0.00000e+00, 1.81000e+01, 0.00000e+00, 7.00000e-01,
        5.27700e+00, 9.81000e+01, 1.42610e+00, 2.40000e+01, 6.66000e+02,
        2.02000e+01, 3.96900e+02, 3.08100e+01],
       [8.98296e+00, 0.00000e+00, 1.81000e+01, 1.00000e+00, 7.70000e-01,
        6.21200e+00, 9.74000e+01, 2.12220e+00, 2.40000e+01, 6.66000e+02,
        2.02000e+01, 3.77730e+02, 1.76000e+01],
       [1.43337e+01, 0.00000e+00, 1.81000e+01, 0.00000e+00, 7.00000e-01,
        4.88000e+00, 1.00000e+02, 1.58950e+00, 2.40000e+01, 6.66000e+02,
        2.02000e+01, 3.72920e+02, 3.06200e+01],
       [2.15505e+00, 0.00000e+00, 1.95800e+01, 0.00000e+00, 8.71000e-01,
        5.62800e+00, 1.00000e+02, 1.51660e+00, 5.00000e+00, 4.03000e+02,
        1.47000e+01, 1.69270e+02, 1.66500e+01],
       [2.72900e-02, 0.00000e+00, 7.07000e+00, 0.00000e+00, 4.69000e-01,
        7.18500e+00, 6.11000e+01, 4.96710e+00, 2.00000e+00, 2.42000e+02,
        1.78000e+01, 3.92830e+02, 4.03000e+00],
       [1.50100e-02, 8.00000e+01, 2.01000e+00, 0.00000e+00, 4.35000e-01,
        6.63500e+00, 2.97000e+01, 8.34400e+00, 4.00000e+00, 2.80000e+02,
        1.70000e+01, 3.90940e+02, 5.99000e+00],
       [6.39312e+00, 0.00000e+00, 1.81000e+01, 0.00000e+00, 5.84000e-01,
        6.16200e+00, 9.74000e+01, 2.20600e+00, 2.40000e+01, 6.66000e+02,
        2.02000e+01, 3.02760e+02, 2.41000e+01],
       [9.51200e-02, 0.00000e+00, 1.28300e+01, 0.00000e+00, 4.37000e-01,
        6.28600e+00, 4.50000e+01, 4.50260e+00, 5.00000e+00, 3.98000e+02,
        1.87000e+01, 3.83230e+02, 8.94000e+00],
       [4.81213e+00, 0.00000e+00, 1.81000e+01, 0.00000e+00, 7.13000e-01,
        6.70100e+00, 9.00000e+01, 2.59750e+00, 2.40000e+01, 6.66000e+02,
        2.02000e+01, 2.55230e+02, 1.64200e+01],
       [1.43337e+01, 0.00000e+00, 1.81000e+01, 0.00000e+00, 6.14000e-01,
        6.22900e+00, 8.80000e+01, 1.95120e+00, 2.40000e+01, 6.66000e+02,
        2.02000e+01, 3.83320e+02, 1.31100e+01],
       [6.86000e-02, 0.00000e+00, 2.89000e+00, 0.00000e+00, 4.45000e-01,
        7.41600e+00, 6.25000e+01, 3.49520e+00, 2.00000e+00, 2.76000e+02,
        1.80000e+01, 3.96900e+02, 6.19000e+00],
       [3.53501e+00, 0.00000e+00, 1.95800e+01, 1.00000e+00, 8.71000e-01,
        6.15200e+00, 8.26000e+01, 1.74550e+00, 5.00000e+00, 4.03000e+02,
        1.47000e+01, 8.80100e+01, 1.50200e+01],
       [1.04690e-01, 4.00000e+01, 6.41000e+00, 1.00000e+00, 4.47000e-01,
        7.26700e+00, 4.90000e+01, 4.78720e+00, 4.00000e+00, 2.54000e+02,
        1.76000e+01, 3.89250e+02, 6.05000e+00],
       [1.91860e-01, 0.00000e+00, 7.38000e+00, 0.00000e+00, 4.93000e-01,
        6.43100e+00, 1.47000e+01, 5.41590e+00, 5.00000e+00, 2.87000e+02,
        1.96000e+01, 3.93680e+02, 5.08000e+00],
       [9.10300e-02, 0.00000e+00, 2.46000e+00, 0.00000e+00, 4.88000e-01,
        7.15500e+00, 9.22000e+01, 2.70060e+00, 3.00000e+00, 1.93000e+02,
        1.78000e+01, 3.94120e+02, 4.82000e+00],
       [9.96654e+00, 0.00000e+00, 1.81000e+01, 0.00000e+00, 7.40000e-01,
        6.48500e+00, 1.00000e+02, 1.97840e+00, 2.40000e+01, 6.66000e+02,
        2.02000e+01, 3.86730e+02, 1.88500e+01],
       [3.46600e-02, 3.50000e+01, 6.06000e+00, 0.00000e+00, 4.37900e-01,
        6.03100e+00, 2.33000e+01, 6.64070e+00, 1.00000e+00, 3.04000e+02,
        1.69000e+01, 3.62250e+02, 7.83000e+00],
       [8.01400e-02, 0.00000e+00, 5.96000e+00, 0.00000e+00, 4.99000e-01,
        5.85000e+00, 4.15000e+01, 3.93420e+00, 5.00000e+00, 2.79000e+02,
        1.92000e+01, 3.96900e+02, 8.77000e+00],
       [6.72400e-02, 0.00000e+00, 3.24000e+00, 0.00000e+00, 4.60000e-01,
        6.33300e+00, 1.72000e+01, 5.21460e+00, 4.00000e+00, 4.30000e+02,
        1.69000e+01, 3.75210e+02, 7.34000e+00],
       [2.36482e+01, 0.00000e+00, 1.81000e+01, 0.00000e+00, 6.71000e-01,
        6.38000e+00, 9.62000e+01, 1.38610e+00, 2.40000e+01, 6.66000e+02,
        2.02000e+01, 3.96900e+02, 2.36900e+01],
       [9.06800e-02, 4.50000e+01, 3.44000e+00, 0.00000e+00, 4.37000e-01,
        6.95100e+00, 2.15000e+01, 6.47980e+00, 5.00000e+00, 3.98000e+02,
        1.52000e+01, 3.77680e+02, 5.10000e+00],
       [3.03470e-01, 0.00000e+00, 7.38000e+00, 0.00000e+00, 4.93000e-01,
        6.31200e+00, 2.89000e+01, 5.41590e+00, 5.00000e+00, 2.87000e+02,
        1.96000e+01, 3.96900e+02, 6.15000e+00],
       [2.29690e-01, 0.00000e+00, 1.05900e+01, 0.00000e+00, 4.89000e-01,
        6.32600e+00, 5.25000e+01, 4.35490e+00, 4.00000e+00, 2.77000e+02,
        1.86000e+01, 3.94870e+02, 1.09700e+01],
       [3.40060e-01, 0.00000e+00, 2.18900e+01, 0.00000e+00, 6.24000e-01,
        6.45800e+00, 9.89000e+01, 2.11850e+00, 4.00000e+00, 4.37000e+02,
        2.12000e+01, 3.95040e+02, 1.26000e+01],
       [1.77830e-01, 0.00000e+00, 9.69000e+00, 0.00000e+00, 5.85000e-01,
        5.56900e+00, 7.35000e+01, 2.39990e+00, 6.00000e+00, 3.91000e+02,
        1.92000e+01, 3.95770e+02, 1.51000e+01]])}
INFO - BNN_UCI - Completed after 0:03:36
