INFO - BNN_UCI - Running command 'fit_bnn'
INFO - BNN_UCI - Started run with ID "341"
/home/freidanm/repos/pytorch_experiments/experiments_env/src/pysgmcmc/pysgmcmc/data/datasets.py:14: FutureWarning: Method .as_matrix will be removed in a future version. Use .values instead.
  x_train = train_data.as_matrix(feature_columns)
/home/freidanm/repos/pytorch_experiments/experiments_env/src/pysgmcmc/pysgmcmc/data/datasets.py:15: FutureWarning: Method .as_matrix will be removed in a future version. Use .values instead.
  y_train = train_data[label_column].as_matrix()
/home/freidanm/repos/pytorch_experiments/experiments_env/src/pysgmcmc/pysgmcmc/data/datasets.py:17: FutureWarning: Method .as_matrix will be removed in a future version. Use .values instead.
  x_test = test_data.as_matrix(feature_columns)
/home/freidanm/repos/pytorch_experiments/experiments_env/src/pysgmcmc/pysgmcmc/data/datasets.py:18: FutureWarning: Method .as_matrix will be removed in a future version. Use .values instead.
  y_test = test_data[label_column].as_matrix()
INFO - root - Performing 15000 iterations
INFO - BNN_UCI - Result: {'y_test': array([19.6, 23.6,  5.6, 19.6, 18.4, 11.7, 33.1, 32. , 29. , 14.6, 30.3,
        8.4,  7. , 13.3, 19.9, 23. , 22.4, 15.6, 16.2, 18.5, 50. , 16. ,
       21.2, 38.7, 23.1, 23.8, 23.3, 20.6, 19. , 13.2, 20.8, 10.8, 20.6,
       12.5, 13.1,  8.8, 28.7, 23.7, 14.2, 33.2, 22.7, 22. , 12.6, 24.5,
       11. , 13.4, 22.6, 37.9, 11.3, 20.5, 37.3]), 'x_test': array([[1.03280e-01, 2.50000e+01, 5.13000e+00, 0.00000e+00, 4.53000e-01,
        5.92700e+00, 4.72000e+01, 6.93200e+00, 8.00000e+00, 2.84000e+02,
        1.97000e+01, 3.96900e+02, 9.22000e+00],
       [5.66000e-02, 0.00000e+00, 3.41000e+00, 0.00000e+00, 4.89000e-01,
        7.00700e+00, 8.63000e+01, 3.42170e+00, 2.00000e+00, 2.70000e+02,
        1.78000e+01, 3.96900e+02, 5.50000e+00],
       [2.50461e+01, 0.00000e+00, 1.81000e+01, 0.00000e+00, 6.93000e-01,
        5.98700e+00, 1.00000e+02, 1.58880e+00, 2.40000e+01, 6.66000e+02,
        2.02000e+01, 3.96900e+02, 2.67700e+01],
       [4.03841e+00, 0.00000e+00, 1.81000e+01, 0.00000e+00, 5.32000e-01,
        6.22900e+00, 9.07000e+01, 3.09930e+00, 2.40000e+01, 6.66000e+02,
        2.02000e+01, 3.95330e+02, 1.28700e+01],
       [7.72990e-01, 0.00000e+00, 8.14000e+00, 0.00000e+00, 5.38000e-01,
        6.49500e+00, 9.44000e+01, 4.45470e+00, 4.00000e+00, 3.07000e+02,
        2.10000e+01, 3.87940e+02, 1.28000e+01],
       [1.39134e+01, 0.00000e+00, 1.81000e+01, 0.00000e+00, 7.13000e-01,
        6.20800e+00, 9.50000e+01, 2.22220e+00, 2.40000e+01, 6.66000e+02,
        2.02000e+01, 1.00630e+02, 1.51700e+01],
       [6.12700e-02, 4.00000e+01, 6.41000e+00, 1.00000e+00, 4.47000e-01,
        6.82600e+00, 2.76000e+01, 4.86280e+00, 4.00000e+00, 2.54000e+02,
        1.76000e+01, 3.93450e+02, 4.16000e+00],
       [7.87500e-02, 4.50000e+01, 3.44000e+00, 0.00000e+00, 4.37000e-01,
        6.78200e+00, 4.11000e+01, 3.78860e+00, 5.00000e+00, 3.98000e+02,
        1.52000e+01, 3.93870e+02, 6.68000e+00],
       [4.47910e-01, 0.00000e+00, 6.20000e+00, 1.00000e+00, 5.07000e-01,
        6.72600e+00, 6.65000e+01, 3.65190e+00, 8.00000e+00, 3.07000e+02,
        1.74000e+01, 3.60200e+02, 8.05000e+00],
       [2.36862e+00, 0.00000e+00, 1.95800e+01, 0.00000e+00, 8.71000e-01,
        4.92600e+00, 9.57000e+01, 1.46080e+00, 5.00000e+00, 4.03000e+02,
        1.47000e+01, 3.91710e+02, 2.95300e+01],
       [4.66600e-02, 8.00000e+01, 1.52000e+00, 0.00000e+00, 4.04000e-01,
        7.10700e+00, 3.66000e+01, 7.30900e+00, 2.00000e+00, 3.29000e+02,
        1.26000e+01, 3.54310e+02, 8.61000e+00],
       [1.18123e+01, 0.00000e+00, 1.81000e+01, 0.00000e+00, 7.18000e-01,
        6.82400e+00, 7.65000e+01, 1.79400e+00, 2.40000e+01, 6.66000e+02,
        2.02000e+01, 4.84500e+01, 2.27400e+01],
       [4.57461e+01, 0.00000e+00, 1.81000e+01, 0.00000e+00, 6.93000e-01,
        4.51900e+00, 1.00000e+02, 1.65820e+00, 2.40000e+01, 6.66000e+02,
        2.02000e+01, 8.82700e+01, 3.69800e+01],
       [9.82349e+00, 0.00000e+00, 1.81000e+01, 0.00000e+00, 6.71000e-01,
        6.79400e+00, 9.88000e+01, 1.35800e+00, 2.40000e+01, 6.66000e+02,
        2.02000e+01, 3.96900e+02, 2.12400e+01],
       [6.27390e-01, 0.00000e+00, 8.14000e+00, 0.00000e+00, 5.38000e-01,
        5.83400e+00, 5.65000e+01, 4.49860e+00, 4.00000e+00, 3.07000e+02,
        2.10000e+01, 3.95620e+02, 8.47000e+00],
       [5.90050e-01, 0.00000e+00, 2.18900e+01, 0.00000e+00, 6.24000e-01,
        6.37200e+00, 9.79000e+01, 2.32740e+00, 4.00000e+00, 4.37000e+02,
        2.12000e+01, 3.85760e+02, 1.11200e+01],
       [2.17190e-01, 0.00000e+00, 1.05900e+01, 1.00000e+00, 4.89000e-01,
        5.80700e+00, 5.38000e+01, 3.65260e+00, 4.00000e+00, 2.77000e+02,
        1.86000e+01, 3.90940e+02, 1.60300e+01],
       [4.09740e+00, 0.00000e+00, 1.95800e+01, 0.00000e+00, 8.71000e-01,
        5.46800e+00, 1.00000e+02, 1.41180e+00, 5.00000e+00, 4.03000e+02,
        1.47000e+01, 3.96900e+02, 2.64200e+01],
       [2.59150e-01, 0.00000e+00, 2.18900e+01, 0.00000e+00, 6.24000e-01,
        5.69300e+00, 9.60000e+01, 1.78830e+00, 4.00000e+00, 4.37000e+02,
        2.12000e+01, 3.92110e+02, 1.71900e+01],
       [1.91330e-01, 2.20000e+01, 5.86000e+00, 0.00000e+00, 4.31000e-01,
        5.60500e+00, 7.02000e+01, 7.95490e+00, 7.00000e+00, 3.30000e+02,
        1.91000e+01, 3.89130e+02, 1.84600e+01],
       [1.46336e+00, 0.00000e+00, 1.95800e+01, 0.00000e+00, 6.05000e-01,
        7.48900e+00, 9.08000e+01, 1.97090e+00, 5.00000e+00, 4.03000e+02,
        1.47000e+01, 3.74430e+02, 1.73000e+00],
       [1.71710e-01, 2.50000e+01, 5.13000e+00, 0.00000e+00, 4.53000e-01,
        5.96600e+00, 9.34000e+01, 6.81850e+00, 8.00000e+00, 2.84000e+02,
        1.97000e+01, 3.78080e+02, 1.44400e+01],
       [1.22690e-01, 0.00000e+00, 6.91000e+00, 0.00000e+00, 4.48000e-01,
        6.06900e+00, 4.00000e+01, 5.72090e+00, 3.00000e+00, 2.33000e+02,
        1.79000e+01, 3.89390e+02, 9.55000e+00],
       [1.20830e-01, 0.00000e+00, 2.89000e+00, 0.00000e+00, 4.45000e-01,
        8.06900e+00, 7.60000e+01, 3.49520e+00, 2.00000e+00, 2.76000e+02,
        1.80000e+01, 3.96900e+02, 4.21000e+00],
       [1.87000e-02, 8.50000e+01, 4.15000e+00, 0.00000e+00, 4.29000e-01,
        6.51600e+00, 2.77000e+01, 8.53530e+00, 4.00000e+00, 3.51000e+02,
        1.79000e+01, 3.92430e+02, 6.36000e+00],
       [3.69200e-01, 0.00000e+00, 9.90000e+00, 0.00000e+00, 5.44000e-01,
        6.56700e+00, 8.73000e+01, 3.60230e+00, 4.00000e+00, 3.04000e+02,
        1.84000e+01, 3.95690e+02, 9.28000e+00],
       [4.56000e-02, 0.00000e+00, 1.38900e+01, 1.00000e+00, 5.50000e-01,
        5.88800e+00, 5.60000e+01, 3.11210e+00, 5.00000e+00, 2.76000e+02,
        1.64000e+01, 3.92800e+02, 1.35100e+01],
       [3.30600e-02, 0.00000e+00, 5.19000e+00, 0.00000e+00, 5.15000e-01,
        6.05900e+00, 3.73000e+01, 4.81220e+00, 5.00000e+00, 2.24000e+02,
        2.02000e+01, 3.96140e+02, 8.51000e+00],
       [5.49700e-02, 0.00000e+00, 5.19000e+00, 0.00000e+00, 5.15000e-01,
        5.98500e+00, 4.54000e+01, 4.81220e+00, 5.00000e+00, 2.24000e+02,
        2.02000e+01, 3.96900e+02, 9.74000e+00],
       [1.38799e+00, 0.00000e+00, 8.14000e+00, 0.00000e+00, 5.38000e-01,
        5.95000e+00, 8.20000e+01, 3.99000e+00, 4.00000e+00, 3.07000e+02,
        2.10000e+01, 2.32600e+02, 2.77100e+01],
       [8.70700e-02, 0.00000e+00, 1.28300e+01, 0.00000e+00, 4.37000e-01,
        6.14000e+00, 4.58000e+01, 4.09050e+00, 5.00000e+00, 3.98000e+02,
        1.87000e+01, 3.86960e+02, 1.02700e+01],
       [1.28023e+01, 0.00000e+00, 1.81000e+01, 0.00000e+00, 7.40000e-01,
        5.85400e+00, 9.66000e+01, 1.89560e+00, 2.40000e+01, 6.66000e+02,
        2.02000e+01, 2.40520e+02, 2.37900e+01],
       [2.37857e+00, 0.00000e+00, 1.81000e+01, 0.00000e+00, 5.83000e-01,
        5.87100e+00, 4.19000e+01, 3.72400e+00, 2.40000e+01, 6.66000e+02,
        2.02000e+01, 3.70730e+02, 1.33400e+01],
       [5.87205e+00, 0.00000e+00, 1.81000e+01, 0.00000e+00, 6.93000e-01,
        6.40500e+00, 9.60000e+01, 1.67680e+00, 2.40000e+01, 6.66000e+02,
        2.02000e+01, 3.96900e+02, 1.93700e+01],
       [2.44668e+00, 0.00000e+00, 1.95800e+01, 0.00000e+00, 8.71000e-01,
        5.27200e+00, 9.40000e+01, 1.73640e+00, 5.00000e+00, 4.03000e+02,
        1.47000e+01, 8.86300e+01, 1.61400e+01],
       [7.35341e+01, 0.00000e+00, 1.81000e+01, 0.00000e+00, 6.79000e-01,
        5.95700e+00, 1.00000e+02, 1.80260e+00, 2.40000e+01, 6.66000e+02,
        2.02000e+01, 1.64500e+01, 2.06200e+01],
       [5.30200e-02, 0.00000e+00, 3.41000e+00, 0.00000e+00, 4.89000e-01,
        7.07900e+00, 6.31000e+01, 3.41450e+00, 2.00000e+00, 2.70000e+02,
        1.78000e+01, 3.96060e+02, 5.70000e+00],
       [5.70818e+00, 0.00000e+00, 1.81000e+01, 0.00000e+00, 5.32000e-01,
        6.75000e+00, 7.49000e+01, 3.33170e+00, 2.40000e+01, 6.66000e+02,
        2.02000e+01, 3.93070e+02, 7.74000e+00],
       [7.02259e+00, 0.00000e+00, 1.81000e+01, 0.00000e+00, 7.18000e-01,
        6.00600e+00, 9.53000e+01, 1.87460e+00, 2.40000e+01, 6.66000e+02,
        2.02000e+01, 3.19980e+02, 1.57000e+01],
       [1.04690e-01, 4.00000e+01, 6.41000e+00, 1.00000e+00, 4.47000e-01,
        7.26700e+00, 4.90000e+01, 4.78720e+00, 4.00000e+00, 2.54000e+02,
        1.76000e+01, 3.89250e+02, 6.05000e+00],
       [2.24236e+00, 0.00000e+00, 1.95800e+01, 0.00000e+00, 6.05000e-01,
        5.85400e+00, 9.18000e+01, 2.42200e+00, 5.00000e+00, 4.03000e+02,
        1.47000e+01, 3.95110e+02, 1.16400e+01],
       [1.09600e-02, 5.50000e+01, 2.25000e+00, 0.00000e+00, 3.89000e-01,
        6.45300e+00, 3.19000e+01, 7.30730e+00, 1.00000e+00, 3.00000e+02,
        1.53000e+01, 3.94720e+02, 8.23000e+00],
       [9.92485e+00, 0.00000e+00, 1.81000e+01, 0.00000e+00, 7.40000e-01,
        6.25100e+00, 9.66000e+01, 2.19800e+00, 2.40000e+01, 6.66000e+02,
        2.02000e+01, 3.88520e+02, 1.64400e+01],
       [1.64390e-01, 2.20000e+01, 5.86000e+00, 0.00000e+00, 4.31000e-01,
        6.43300e+00, 4.91000e+01, 7.82650e+00, 7.00000e+00, 3.30000e+02,
        1.91000e+01, 3.74710e+02, 9.52000e+00],
       [7.36711e+00, 0.00000e+00, 1.81000e+01, 0.00000e+00, 6.79000e-01,
        6.19300e+00, 7.81000e+01, 1.93560e+00, 2.40000e+01, 6.66000e+02,
        2.02000e+01, 9.67300e+01, 2.15200e+01],
       [7.05042e+00, 0.00000e+00, 1.81000e+01, 0.00000e+00, 6.14000e-01,
        6.10300e+00, 8.51000e+01, 2.02180e+00, 2.40000e+01, 6.66000e+02,
        2.02000e+01, 2.52000e+00, 2.32900e+01],
       [1.36420e-01, 0.00000e+00, 1.05900e+01, 0.00000e+00, 4.89000e-01,
        5.89100e+00, 2.23000e+01, 3.94540e+00, 4.00000e+00, 2.77000e+02,
        1.86000e+01, 3.96900e+02, 1.08700e+01],
       [9.10300e-02, 0.00000e+00, 2.46000e+00, 0.00000e+00, 4.88000e-01,
        7.15500e+00, 9.22000e+01, 2.70060e+00, 3.00000e+00, 1.93000e+02,
        1.78000e+01, 3.94120e+02, 4.82000e+00],
       [9.18702e+00, 0.00000e+00, 1.81000e+01, 0.00000e+00, 7.00000e-01,
        5.53600e+00, 1.00000e+02, 1.58040e+00, 2.40000e+01, 6.66000e+02,
        2.02000e+01, 3.96900e+02, 2.36000e+01],
       [4.33700e-02, 2.10000e+01, 5.64000e+00, 0.00000e+00, 4.39000e-01,
        6.11500e+00, 6.30000e+01, 6.81470e+00, 4.00000e+00, 2.43000e+02,
        1.68000e+01, 3.93970e+02, 9.43000e+00],
       [7.88600e-02, 8.00000e+01, 4.95000e+00, 0.00000e+00, 4.11000e-01,
        7.14800e+00, 2.77000e+01, 5.11670e+00, 4.00000e+00, 2.45000e+02,
        1.92000e+01, 3.96900e+02, 3.56000e+00]]), 'y_train': array([24. , 21.6, 34.7, 33.4, 36.2, 28.7, 22.9, 27.1, 16.5, 18.9, 15. ,
       18.9, 21.7, 20.4, 18.2, 23.1, 17.5, 20.2, 18.2, 13.6, 19.6, 15.2,
       14.5, 15.6, 13.9, 16.6, 14.8, 21. , 12.7, 14.5, 13.1, 13.5, 18.9,
       20. , 21. , 24.7, 30.8, 34.9, 26.6, 25.3, 24.7, 19.3, 20. , 16.6,
       14.4, 19.4, 19.7, 25. , 23.4, 18.9, 35.4, 24.7, 31.6, 23.3, 18.7,
       22.2, 25. , 33. , 23.5, 19.4, 22. , 17.4, 20.9, 24.2, 21.7, 22.8,
       23.4, 24.1, 21.4, 20. , 21.2, 20.3, 28. , 23.9, 24.8, 22.9, 23.9,
       26.6, 22.5, 22.2, 22.6, 22. , 22.9, 25. , 20.6, 28.4, 21.4, 43.8,
       33.2, 27.5, 26.5, 18.6, 19.3, 20.1, 19.5, 19.5, 20.4, 19.8, 19.4,
       21.7, 22.8, 18.8, 18.7, 18.5, 18.3, 21.2, 19.2, 20.4, 19.3, 22. ,
       20.3, 20.5, 17.3, 18.8, 21.4, 15.7, 18. , 14.3, 19.2, 19.6, 18.4,
       15.6, 18.1, 17.4, 17.1, 13.3, 17.8, 14. , 14.4, 13.4, 11.8, 13.8,
       15.6, 17.8, 15.4, 21.5, 19.6, 15.3, 19.4, 17. , 15.6, 41.3, 24.3,
       23.3, 27. , 50. , 50. , 25. , 50. , 23.8, 23.8, 22.3, 17.4, 19.1,
       23.1, 23.6, 22.6, 29.4, 23.2, 24.6, 29.9, 37.2, 39.8, 36.2, 32.5,
       26.4, 29.6, 50. , 29.8, 34.9, 37. , 30.5, 36.4, 31.1, 29.1, 50. ,
       33.3, 34.6, 34.9, 32.9, 24.1, 42.3, 48.5, 50. , 24.4, 22.5, 24.4,
       20. , 21.7, 19.3, 28.1, 23.7, 25. , 28.7, 21.5, 23. , 26.7, 21.7,
       27.5, 30.1, 44.8, 50. , 37.6, 31.6, 46.7, 31.5, 24.3, 31.7, 41.7,
       48.3, 24. , 25.1, 31.5, 23.7, 23.3, 22. , 20.1, 22.2, 23.7, 17.6,
       24.3, 20.5, 26.2, 24.4, 24.8, 29.6, 42.8, 21.9, 20.9, 44. , 50. ,
       36. , 30.1, 33.8, 43.1, 48.8, 31. , 36.5, 22.8, 30.7, 50. , 43.5,
       20.7, 21.1, 25.2, 24.4, 35.2, 32.4, 32. , 29.1, 35.1, 45.4, 35.4,
       46. , 50. , 32.2, 20.1, 23.2, 22.3, 24.8, 28.5, 27.9, 23.9, 21.7,
       28.6, 27.1, 20.3, 22.5, 29. , 24.8, 22. , 26.4, 33.1, 36.1, 28.4,
       33.4, 28.2, 22.8, 20.3, 16.1, 22.1, 19.4, 21.6, 16.2, 17.8, 19.8,
       23.1, 21. , 23.8, 23.1, 20.4, 18.5, 25. , 24.6, 23. , 22.2, 19.3,
       22.6, 19.8, 17.1, 19.4, 22.2, 20.7, 21.1, 19.5, 18.5, 18.7, 32.7,
       16.5, 23.9, 31.2, 17.5, 17.2, 24.5, 26.6, 22.9, 24.1, 18.6, 30.1,
       18.2, 20.6, 17.8, 21.7, 22.7, 22.6, 25. , 19.9, 20.8, 16.8, 21.9,
       27.5, 21.9, 23.1, 50. , 50. , 50. , 50. , 50. , 13.8, 13.8, 15. ,
       13.9, 13.1, 10.2, 10.4, 10.9, 12.3,  8.8,  7.2, 10.5,  7.4, 10.2,
       11.5, 15.1, 23.2,  9.7, 13.8, 12.7, 13.1,  8.5,  5. ,  6.3,  7.2,
       12.1,  8.3,  8.5,  5. , 11.9, 27.9, 17.2, 27.5, 15. , 17.2, 17.9,
       16.3,  7.2,  7.5, 10.4, 16.7, 20.8, 11.7,  8.3, 10.2, 10.9,  9.5,
       14.5, 14.1, 16.1, 14.3, 13.4,  9.6,  8.7,  8.4, 12.8, 10.5, 17.1,
       18.4, 15.4, 11.8, 14.9, 14.1, 13. , 13.4, 15.2, 16.1, 17.8, 14.9,
       14.1, 12.7, 13.5, 14.9, 20. , 16.4, 17.7, 19.5, 20.2, 21.4, 19.9,
       19. , 19.1, 19.1, 20.1, 19.9, 23.2, 29.8, 13.8, 13.3, 16.7, 12. ,
       14.6, 21.4, 23. , 25. , 21.8, 21.2, 19.1, 20.6, 15.2,  7. ,  8.1,
       13.6, 20.1, 21.8, 24.5, 23.1, 19.7, 18.3, 21.2, 17.5, 16.8, 22.4,
       20.6, 23.9, 22. , 11.9]), 'x_train': array([[6.3200e-03, 1.8000e+01, 2.3100e+00, ..., 1.5300e+01, 3.9690e+02,
        4.9800e+00],
       [2.7310e-02, 0.0000e+00, 7.0700e+00, ..., 1.7800e+01, 3.9690e+02,
        9.1400e+00],
       [2.7290e-02, 0.0000e+00, 7.0700e+00, ..., 1.7800e+01, 3.9283e+02,
        4.0300e+00],
       ...,
       [6.0760e-02, 0.0000e+00, 1.1930e+01, ..., 2.1000e+01, 3.9690e+02,
        5.6400e+00],
       [1.0959e-01, 0.0000e+00, 1.1930e+01, ..., 2.1000e+01, 3.9345e+02,
        6.4800e+00],
       [4.7410e-02, 0.0000e+00, 1.1930e+01, ..., 2.1000e+01, 3.9690e+02,
        7.8800e+00]]), 'packages': [['atomicwrites', '1.1.5'], ['attrs', '18.1.0'], ['backcall', '0.1.0'], ['coverage', '4.5.1'], ['cycler', '0.10.0'], ['decorator', '4.3.0'], ['docopt', '0.6.2'], ['hashfs', '0.7.0'], ['hypothesis', '3.57.0'], ['ipykernel', '4.8.2'], ['ipython', '6.4.0'], ['ipython-genutils', '0.2.0'], ['jedi', '0.12.0'], ['jsonpickle', '0.9.6'], ['jsonschema', '2.6.0'], ['jupyter-client', '5.2.3'], ['jupyter-core', '4.4.0'], ['kiwisolver', '1.0.1'], ['Lasagne', '0.1'], ['matplotlib', '2.2.2'], ['more-itertools', '4.2.0'], ['mpmath', '1.0.0'], ['munch', '2.3.2'], ['nbformat', '4.4.0'], ['nbval', '0.9.1'], ['numpy', '1.14.3'], ['pandas', '0.23.0'], ['parso', '0.2.1'], ['pexpect', '4.6.0'], ['pickleshare', '0.7.4'], ['Pillow', '5.1.0'], ['pip', '10.0.1'], ['pkg-resources', '0.0.0'], ['pluggy', '0.6.0'], ['prompt-toolkit', '1.0.15'], ['ptyprocess', '0.5.2'], ['py', '1.5.3'], ['py-cpuinfo', '4.0.0'], ['Pygments', '2.2.0'], ['pymongo', '3.6.1'], ['pyparsing', '2.2.0'], ['pysgmcmc', '0.0.1'], ['pytest', '3.6.0'], ['python-dateutil', '2.7.3'], ['pytz', '2018.4'], ['pyzmq', '17.0.0'], ['sacred', '0.7.3'], ['scandir', '1.7'], ['scikit-learn', '0.19.1'], ['scipy', '1.1.0'], ['seaborn', '0.8.1'], ['setuptools', '39.2.0'], ['simplegeneric', '0.8.1'], ['six', '1.11.0'], ['SQLAlchemy', '1.2.8'], ['sympy', '1.1.1'], ['Theano', '0.8.0'], ['tinydb', '3.9.0.post1'], ['tinydb-serialization', '1.0.4'], ['torch', '0.4.0'], ['torchvision', '0.2.1'], ['tornado', '5.0.2'], ['tqdm', '4.23.4'], ['traitlets', '4.3.2'], ['wcwidth', '0.1.7'], ['wheel', '0.31.1'], ['wrapt', '1.10.11']], 'prediction_mean': array([21.639791, 27.43801 ,  6.998329, 26.025778, 18.817379, 12.520965,
       34.038113, 29.948784, 30.936176, 14.578467, 31.031925,  9.890225,
       14.629021, 11.869585, 18.53432 , 19.67697 , 25.226238, 14.819883,
       16.597334, 17.157152, 47.347126, 15.723301, 21.87209 , 38.608086,
       21.844028, 21.128712, 25.952188, 23.314426, 21.447666, 14.673011,
       20.993565, 12.218954, 20.94316 , 15.145132, 16.382362, 13.828478,
       31.046804, 24.990223, 17.149239, 36.42669 , 20.596992, 22.52106 ,
       14.866711, 23.369034,  9.644419,  8.631079, 22.625797, 33.19953 ,
       10.91053 , 21.858074, 30.776089], dtype=float32), 'prediction_std': array([0.6265952 , 0.66238874, 0.87854385, 0.7698416 , 0.54818445,
       0.69518083, 0.6637215 , 0.7662293 , 0.75849324, 0.5242647 ,
       0.60166883, 0.9819457 , 1.2266873 , 0.8499057 , 0.645383  ,
       0.41937053, 0.6637493 , 0.52051115, 0.56860995, 0.48036504,
       0.808252  , 0.5403522 , 0.6830633 , 0.8735817 , 0.80033034,
       0.56045914, 1.4331788 , 0.69772536, 0.6694416 , 0.62456024,
       0.64229095, 0.89183533, 0.7070454 , 0.99849516, 0.74851745,
       1.0900028 , 0.8620976 , 0.76667905, 0.71833825, 1.1862317 ,
       0.68618774, 0.6150485 , 0.89229864, 0.653367  , 0.84279066,
       0.8852963 , 0.6006018 , 0.6083715 , 0.9379111 , 0.63049906,
       0.8833274 ], dtype=float32)}
INFO - BNN_UCI - Completed after 0:01:22
