INFO - BNN_UCI - Running command 'fit_bnn'
INFO - BNN_UCI - Started run with ID "402"
/home/freidanm/repos/pytorch_experiments/experiments_env/src/pysgmcmc/pysgmcmc/data/datasets.py:14: FutureWarning: Method .as_matrix will be removed in a future version. Use .values instead.
  x_train = train_data.as_matrix(feature_columns)
/home/freidanm/repos/pytorch_experiments/experiments_env/src/pysgmcmc/pysgmcmc/data/datasets.py:15: FutureWarning: Method .as_matrix will be removed in a future version. Use .values instead.
  y_train = train_data[label_column].as_matrix()
/home/freidanm/repos/pytorch_experiments/experiments_env/src/pysgmcmc/pysgmcmc/data/datasets.py:17: FutureWarning: Method .as_matrix will be removed in a future version. Use .values instead.
  x_test = test_data.as_matrix(feature_columns)
/home/freidanm/repos/pytorch_experiments/experiments_env/src/pysgmcmc/pysgmcmc/data/datasets.py:18: FutureWarning: Method .as_matrix will be removed in a future version. Use .values instead.
  y_test = test_data[label_column].as_matrix()
INFO - root - Performing 15000 iterations
INFO - BNN_UCI - Result: {'x_test': array([[9.16400e-02, 0.00000e+00, 1.08100e+01, 0.00000e+00, 4.13000e-01,
        6.06500e+00, 7.80000e+00, 5.28730e+00, 4.00000e+00, 3.05000e+02,
        1.92000e+01, 3.90910e+02, 5.52000e+00],
       [4.34879e+00, 0.00000e+00, 1.81000e+01, 0.00000e+00, 5.80000e-01,
        6.16700e+00, 8.40000e+01, 3.03340e+00, 2.40000e+01, 6.66000e+02,
        2.02000e+01, 3.96900e+02, 1.62900e+01],
       [4.64689e+00, 0.00000e+00, 1.81000e+01, 0.00000e+00, 6.14000e-01,
        6.98000e+00, 6.76000e+01, 2.53290e+00, 2.40000e+01, 6.66000e+02,
        2.02000e+01, 3.74680e+02, 1.16600e+01],
       [2.00900e-02, 9.50000e+01, 2.68000e+00, 0.00000e+00, 4.16100e-01,
        8.03400e+00, 3.19000e+01, 5.11800e+00, 4.00000e+00, 2.24000e+02,
        1.47000e+01, 3.90550e+02, 2.88000e+00],
       [1.88360e-01, 0.00000e+00, 6.91000e+00, 0.00000e+00, 4.48000e-01,
        5.78600e+00, 3.33000e+01, 5.10040e+00, 3.00000e+00, 2.33000e+02,
        1.79000e+01, 3.96900e+02, 1.41500e+01],
       [8.49213e+00, 0.00000e+00, 1.81000e+01, 0.00000e+00, 5.84000e-01,
        6.34800e+00, 8.61000e+01, 2.05270e+00, 2.40000e+01, 6.66000e+02,
        2.02000e+01, 8.34500e+01, 1.76400e+01],
       [3.69311e+00, 0.00000e+00, 1.81000e+01, 0.00000e+00, 7.13000e-01,
        6.37600e+00, 8.84000e+01, 2.56710e+00, 2.40000e+01, 6.66000e+02,
        2.02000e+01, 3.91430e+02, 1.46500e+01],
       [2.68380e-01, 0.00000e+00, 9.69000e+00, 0.00000e+00, 5.85000e-01,
        5.79400e+00, 7.06000e+01, 2.89270e+00, 6.00000e+00, 3.91000e+02,
        1.92000e+01, 3.96900e+02, 1.41000e+01],
       [6.41700e-02, 0.00000e+00, 5.96000e+00, 0.00000e+00, 4.99000e-01,
        5.93300e+00, 6.82000e+01, 3.36030e+00, 5.00000e+00, 2.79000e+02,
        1.92000e+01, 3.96900e+02, 9.68000e+00],
       [5.73500e-02, 0.00000e+00, 4.49000e+00, 0.00000e+00, 4.49000e-01,
        6.63000e+00, 5.61000e+01, 4.43770e+00, 3.00000e+00, 2.47000e+02,
        1.85000e+01, 3.92300e+02, 6.53000e+00],
       [1.00080e-01, 0.00000e+00, 2.46000e+00, 0.00000e+00, 4.88000e-01,
        6.56300e+00, 9.56000e+01, 2.84700e+00, 3.00000e+00, 1.93000e+02,
        1.78000e+01, 3.96900e+02, 5.68000e+00],
       [1.32620e-01, 0.00000e+00, 8.56000e+00, 0.00000e+00, 5.20000e-01,
        5.85100e+00, 9.67000e+01, 2.10690e+00, 5.00000e+00, 3.84000e+02,
        2.09000e+01, 3.94050e+02, 1.64700e+01],
       [1.58760e-01, 0.00000e+00, 1.08100e+01, 0.00000e+00, 4.13000e-01,
        5.96100e+00, 1.75000e+01, 5.28730e+00, 4.00000e+00, 3.05000e+02,
        1.92000e+01, 3.76940e+02, 9.88000e+00],
       [5.50070e-01, 2.00000e+01, 3.97000e+00, 0.00000e+00, 6.47000e-01,
        7.20600e+00, 9.16000e+01, 1.93010e+00, 5.00000e+00, 2.64000e+02,
        1.30000e+01, 3.87890e+02, 8.10000e+00],
       [6.23560e-01, 0.00000e+00, 6.20000e+00, 1.00000e+00, 5.07000e-01,
        6.87900e+00, 7.77000e+01, 3.27210e+00, 8.00000e+00, 3.07000e+02,
        1.74000e+01, 3.90390e+02, 9.93000e+00],
       [1.11320e-01, 0.00000e+00, 2.77400e+01, 0.00000e+00, 6.09000e-01,
        5.98300e+00, 8.35000e+01, 2.10990e+00, 4.00000e+00, 7.11000e+02,
        2.01000e+01, 3.96900e+02, 1.33500e+01],
       [1.81590e-01, 0.00000e+00, 7.38000e+00, 0.00000e+00, 4.93000e-01,
        6.37600e+00, 5.43000e+01, 4.54040e+00, 5.00000e+00, 2.87000e+02,
        1.96000e+01, 3.96900e+02, 6.87000e+00],
       [5.09017e+00, 0.00000e+00, 1.81000e+01, 0.00000e+00, 7.13000e-01,
        6.29700e+00, 9.18000e+01, 2.36820e+00, 2.40000e+01, 6.66000e+02,
        2.02000e+01, 3.85090e+02, 1.72700e+01],
       [4.81900e-02, 8.00000e+01, 3.64000e+00, 0.00000e+00, 3.92000e-01,
        6.10800e+00, 3.20000e+01, 9.22030e+00, 1.00000e+00, 3.15000e+02,
        1.64000e+01, 3.92890e+02, 6.57000e+00],
       [1.02900e-01, 3.00000e+01, 4.93000e+00, 0.00000e+00, 4.28000e-01,
        6.35800e+00, 5.29000e+01, 7.03550e+00, 6.00000e+00, 3.00000e+02,
        1.66000e+01, 3.72750e+02, 1.12200e+01],
       [9.76170e-01, 0.00000e+00, 2.18900e+01, 0.00000e+00, 6.24000e-01,
        5.75700e+00, 9.84000e+01, 2.34600e+00, 4.00000e+00, 4.37000e+02,
        2.12000e+01, 2.62760e+02, 1.73100e+01],
       [1.62864e+00, 0.00000e+00, 2.18900e+01, 0.00000e+00, 6.24000e-01,
        5.01900e+00, 1.00000e+02, 1.43940e+00, 4.00000e+00, 4.37000e+02,
        2.12000e+01, 3.96900e+02, 3.44100e+01],
       [6.66400e-02, 0.00000e+00, 4.05000e+00, 0.00000e+00, 5.10000e-01,
        6.54600e+00, 3.31000e+01, 3.13230e+00, 5.00000e+00, 2.96000e+02,
        1.66000e+01, 3.90960e+02, 5.33000e+00],
       [8.05579e+00, 0.00000e+00, 1.81000e+01, 0.00000e+00, 5.84000e-01,
        5.42700e+00, 9.54000e+01, 2.42980e+00, 2.40000e+01, 6.66000e+02,
        2.02000e+01, 3.52580e+02, 1.81400e+01],
       [1.39140e-01, 0.00000e+00, 4.05000e+00, 0.00000e+00, 5.10000e-01,
        5.57200e+00, 8.85000e+01, 2.59610e+00, 5.00000e+00, 2.96000e+02,
        1.66000e+01, 3.96900e+02, 1.46900e+01],
       [2.44953e+00, 0.00000e+00, 1.95800e+01, 0.00000e+00, 6.05000e-01,
        6.40200e+00, 9.52000e+01, 2.26250e+00, 5.00000e+00, 4.03000e+02,
        1.47000e+01, 3.30040e+02, 1.13200e+01],
       [5.34120e-01, 2.00000e+01, 3.97000e+00, 0.00000e+00, 6.47000e-01,
        7.52000e+00, 8.94000e+01, 2.13980e+00, 5.00000e+00, 2.64000e+02,
        1.30000e+01, 3.88370e+02, 7.26000e+00],
       [1.50100e-02, 9.00000e+01, 1.21000e+00, 1.00000e+00, 4.01000e-01,
        7.92300e+00, 2.48000e+01, 5.88500e+00, 1.00000e+00, 1.98000e+02,
        1.36000e+01, 3.95520e+02, 3.16000e+00],
       [1.38799e+00, 0.00000e+00, 8.14000e+00, 0.00000e+00, 5.38000e-01,
        5.95000e+00, 8.20000e+01, 3.99000e+00, 4.00000e+00, 3.07000e+02,
        2.10000e+01, 2.32600e+02, 2.77100e+01],
       [1.40300e-01, 2.20000e+01, 5.86000e+00, 0.00000e+00, 4.31000e-01,
        6.48700e+00, 1.30000e+01, 7.39670e+00, 7.00000e+00, 3.30000e+02,
        1.91000e+01, 3.96280e+02, 5.90000e+00],
       [6.39312e+00, 0.00000e+00, 1.81000e+01, 0.00000e+00, 5.84000e-01,
        6.16200e+00, 9.74000e+01, 2.20600e+00, 2.40000e+01, 6.66000e+02,
        2.02000e+01, 3.02760e+02, 2.41000e+01],
       [7.99248e+00, 0.00000e+00, 1.81000e+01, 0.00000e+00, 7.00000e-01,
        5.52000e+00, 1.00000e+02, 1.53310e+00, 2.40000e+01, 6.66000e+02,
        2.02000e+01, 3.96900e+02, 2.45600e+01],
       [1.03280e-01, 2.50000e+01, 5.13000e+00, 0.00000e+00, 4.53000e-01,
        5.92700e+00, 4.72000e+01, 6.93200e+00, 8.00000e+00, 2.84000e+02,
        1.97000e+01, 3.96900e+02, 9.22000e+00],
       [3.56868e+00, 0.00000e+00, 1.81000e+01, 0.00000e+00, 5.80000e-01,
        6.43700e+00, 7.50000e+01, 2.89650e+00, 2.40000e+01, 6.66000e+02,
        2.02000e+01, 3.93370e+02, 1.43600e+01],
       [5.73116e+00, 0.00000e+00, 1.81000e+01, 0.00000e+00, 5.32000e-01,
        7.06100e+00, 7.70000e+01, 3.41060e+00, 2.40000e+01, 6.66000e+02,
        2.02000e+01, 3.95280e+02, 7.01000e+00],
       [1.46336e+00, 0.00000e+00, 1.95800e+01, 0.00000e+00, 6.05000e-01,
        7.48900e+00, 9.08000e+01, 1.97090e+00, 5.00000e+00, 4.03000e+02,
        1.47000e+01, 3.74430e+02, 1.73000e+00],
       [8.87300e-02, 2.10000e+01, 5.64000e+00, 0.00000e+00, 4.39000e-01,
        5.96300e+00, 4.57000e+01, 6.81470e+00, 4.00000e+00, 2.43000e+02,
        1.68000e+01, 3.95560e+02, 1.34500e+01],
       [9.33889e+00, 0.00000e+00, 1.81000e+01, 0.00000e+00, 6.79000e-01,
        6.38000e+00, 9.56000e+01, 1.96820e+00, 2.40000e+01, 6.66000e+02,
        2.02000e+01, 6.07200e+01, 2.40800e+01],
       [5.82115e+00, 0.00000e+00, 1.81000e+01, 0.00000e+00, 7.13000e-01,
        6.51300e+00, 8.99000e+01, 2.80160e+00, 2.40000e+01, 6.66000e+02,
        2.02000e+01, 3.93820e+02, 1.02900e+01],
       [3.67822e+00, 0.00000e+00, 1.81000e+01, 0.00000e+00, 7.70000e-01,
        5.36200e+00, 9.62000e+01, 2.10360e+00, 2.40000e+01, 6.66000e+02,
        2.02000e+01, 3.80790e+02, 1.01900e+01],
       [1.15779e+01, 0.00000e+00, 1.81000e+01, 0.00000e+00, 7.00000e-01,
        5.03600e+00, 9.70000e+01, 1.77000e+00, 2.40000e+01, 6.66000e+02,
        2.02000e+01, 3.96900e+02, 2.56800e+01],
       [8.02710e-01, 0.00000e+00, 8.14000e+00, 0.00000e+00, 5.38000e-01,
        5.45600e+00, 3.66000e+01, 3.79650e+00, 4.00000e+00, 3.07000e+02,
        2.10000e+01, 2.88990e+02, 1.16900e+01],
       [5.56100e-02, 7.00000e+01, 2.24000e+00, 0.00000e+00, 4.00000e-01,
        7.04100e+00, 1.00000e+01, 7.82780e+00, 5.00000e+00, 3.58000e+02,
        1.48000e+01, 3.71580e+02, 4.74000e+00],
       [1.36000e-02, 7.50000e+01, 4.00000e+00, 0.00000e+00, 4.10000e-01,
        5.88800e+00, 4.76000e+01, 7.31970e+00, 3.00000e+00, 4.69000e+02,
        2.11000e+01, 3.96900e+02, 1.48000e+01],
       [8.70700e-02, 0.00000e+00, 1.28300e+01, 0.00000e+00, 4.37000e-01,
        6.14000e+00, 4.58000e+01, 4.09050e+00, 5.00000e+00, 3.98000e+02,
        1.87000e+01, 3.86960e+02, 1.02700e+01],
       [5.37200e-02, 0.00000e+00, 1.39200e+01, 0.00000e+00, 4.37000e-01,
        6.54900e+00, 5.10000e+01, 5.96040e+00, 4.00000e+00, 2.89000e+02,
        1.60000e+01, 3.92850e+02, 7.39000e+00],
       [8.26500e-02, 0.00000e+00, 1.39200e+01, 0.00000e+00, 4.37000e-01,
        6.12700e+00, 1.84000e+01, 5.50270e+00, 4.00000e+00, 2.89000e+02,
        1.60000e+01, 3.96900e+02, 8.58000e+00],
       [6.88800e-02, 0.00000e+00, 2.46000e+00, 0.00000e+00, 4.88000e-01,
        6.14400e+00, 6.22000e+01, 2.59790e+00, 3.00000e+00, 1.93000e+02,
        1.78000e+01, 3.96900e+02, 9.45000e+00],
       [8.24809e+00, 0.00000e+00, 1.81000e+01, 0.00000e+00, 7.13000e-01,
        7.39300e+00, 9.93000e+01, 2.45270e+00, 2.40000e+01, 6.66000e+02,
        2.02000e+01, 3.75870e+02, 1.67400e+01],
       [3.65900e-02, 2.50000e+01, 4.86000e+00, 0.00000e+00, 4.26000e-01,
        6.30200e+00, 3.22000e+01, 5.40070e+00, 4.00000e+00, 2.81000e+02,
        1.90000e+01, 3.96900e+02, 6.72000e+00],
       [8.52040e-01, 0.00000e+00, 8.14000e+00, 0.00000e+00, 5.38000e-01,
        5.96500e+00, 8.92000e+01, 4.01230e+00, 4.00000e+00, 3.07000e+02,
        2.10000e+01, 3.92530e+02, 1.38300e+01]]), 'prediction_std': array([0.8995221 , 1.3695463 , 1.7016603 , 1.0602692 , 0.7684959 ,
       1.1368084 , 1.1498125 , 0.72520393, 0.82133335, 0.9111288 ,
       0.9856506 , 0.89490175, 1.0332252 , 0.74941236, 0.98716724,
       1.4383196 , 0.8239546 , 1.1078613 , 1.2497076 , 1.1690402 ,
       2.5997715 , 0.9269937 , 1.71744   , 2.8481536 , 0.8345648 ,
       1.7428433 , 0.8472778 , 1.2199457 , 1.226071  , 0.9175491 ,
       1.3914773 , 0.9570414 , 0.96609825, 1.5836371 , 1.1905749 ,
       0.98023784, 1.1978114 , 1.2213608 , 2.1835587 , 1.5492744 ,
       0.87973   , 0.86855227, 1.1235579 , 1.4328103 , 0.80891824,
       0.976405  , 0.8969524 , 0.66997874, 1.529932  , 0.8999239 ,
       1.0387169 ], dtype=float32), 'prediction_mean': array([22.903053 , 19.07618  , 24.93819  , 49.57158  , 21.911442 ,
       14.667075 , 18.820934 , 19.392292 , 20.989254 , 25.88266  ,
       30.21596  , 19.604969 , 22.818293 , 34.958794 , 25.976713 ,
       14.800516 , 23.416756 , 17.985264 , 22.750717 , 21.239906 ,
       12.2178   , 13.289577 , 30.117815 , 18.85997  , 24.372675 ,
       23.280218 , 39.604378 , 37.134426 ,  7.1819134, 23.86326  ,
       19.23086  , 10.885019 , 20.523104 , 22.226404 , 23.912195 ,
       47.66623  , 18.75546  ,  9.695071 , 21.730719 , 27.472847 ,
       11.7058   , 18.398787 , 35.521774 , 14.844828 , 20.76218  ,
       26.280365 , 27.294573 , 26.970964 , 18.026804 , 22.163498 ,
       16.104748 ], dtype=float32), 'y_train': array([24. , 21.6, 34.7, 33.4, 36.2, 28.7, 22.9, 27.1, 16.5, 18.9, 15. ,
       18.9, 21.7, 20.4, 18.2, 19.9, 23.1, 17.5, 18.2, 13.6, 15.2, 14.5,
       15.6, 13.9, 16.6, 14.8, 18.4, 21. , 12.7, 14.5, 13.1, 13.5, 20. ,
       21. , 24.7, 30.8, 34.9, 26.6, 25.3, 24.7, 21.2, 19.3, 16.6, 14.4,
       19.4, 20.5, 25. , 23.4, 35.4, 24.7, 31.6, 23.3, 18.7, 16. , 22.2,
       25. , 33. , 23.5, 19.4, 22. , 17.4, 20.9, 24.2, 23.4, 24.1, 21.4,
       20. , 21.2, 20.3, 28. , 23.9, 22.9, 23.9, 22.5, 22.2, 23.6, 28.7,
       22.6, 22. , 22.9, 25. , 20.6, 28.4, 21.4, 38.7, 43.8, 33.2, 27.5,
       26.5, 18.6, 19.3, 20.1, 19.5, 20.4, 19.8, 19.4, 21.7, 22.8, 18.8,
       18.7, 18.5, 18.3, 21.2, 19.2, 20.4, 19.3, 22. , 20.3, 20.5, 17.3,
       18.8, 21.4, 15.7, 16.2, 18. , 14.3, 19.2, 19.6, 23. , 18.4, 18.1,
       17.4, 17.1, 13.3, 17.8, 14. , 13.4, 15.6, 11.8, 13.8, 15.6, 14.6,
       17.8, 15.4, 21.5, 19.6, 15.3, 19.4, 17. , 15.6, 13.1, 41.3, 24.3,
       23.3, 27. , 50. , 50. , 22.7, 25. , 50. , 23.8, 23.8, 17.4, 19.1,
       23.6, 22.6, 23.2, 24.6, 29.9, 37.2, 39.8, 37.9, 26.4, 29.6, 50. ,
       32. , 29.8, 34.9, 37. , 30.5, 36.4, 31.1, 29.1, 50. , 33.3, 30.3,
       34.6, 34.9, 32.9, 24.1, 42.3, 48.5, 22.6, 24.4, 22.5, 24.4, 20. ,
       21.7, 19.3, 22.4, 28.1, 23.7, 25. , 23.3, 28.7, 21.5, 23. , 26.7,
       21.7, 30.1, 44.8, 50. , 37.6, 31.6, 46.7, 31.5, 24.3, 31.7, 41.7,
       48.3, 29. , 24. , 25.1, 31.5, 23.7, 23.3, 22. , 20.1, 23.7, 17.6,
       18.5, 24.3, 20.5, 24.5, 26.2, 24.8, 29.6, 42.8, 20.9, 44. , 50. ,
       36. , 30.1, 33.8, 48.8, 31. , 22.8, 30.7, 50. , 43.5, 20.7, 21.1,
       25.2, 24.4, 35.2, 32.4, 32. , 33.2, 33.1, 29.1, 35.1, 45.4, 35.4,
       46. , 32.2, 22. , 20.1, 23.2, 22.3, 24.8, 28.5, 37.3, 27.9, 21.7,
       28.6, 20.3, 22.5, 24.8, 22. , 26.4, 33.1, 36.1, 28.4, 33.4, 28.2,
       22.8, 20.3, 16.1, 22.1, 19.4, 21.6, 23.8, 16.2, 17.8, 19.8, 23.1,
       21. , 23.8, 20.4, 18.5, 25. , 24.6, 23. , 22.2, 19.3, 22.6, 19.8,
       17.1, 19.4, 22.2, 20.7, 21.1, 19.5, 18.5, 20.6, 19. , 18.7, 32.7,
       16.5, 23.9, 31.2, 17.5, 17.2, 23.1, 24.5, 26.6, 22.9, 24.1, 18.6,
       30.1, 18.2, 20.6, 17.8, 21.7, 22.7, 22.6, 25. , 19.9, 16.8, 21.9,
       27.5, 21.9, 23.1, 50. , 50. , 50. , 50. , 50. , 13.8, 13.8, 15. ,
       13.9, 13.3, 13.1, 10.2, 10.4, 10.9, 11.3,  8.8,  7.2, 10.5,  7.4,
       10.2, 11.5, 15.1, 23.2, 13.8, 12.7, 13.1, 12.5,  8.5,  5. ,  6.3,
        5.6,  7.2, 12.1,  8.3,  8.5,  5. , 11.9, 27.9, 17.2, 27.5, 15. ,
       17.2, 17.9, 16.3,  7. ,  7.2,  7.5, 10.4,  8.8,  8.4, 16.7, 14.2,
       20.8, 13.4, 11.7,  8.3, 10.2, 10.9, 11. , 14.1, 16.1, 14.3, 11.7,
       13.4,  9.6,  8.7,  8.4, 12.8, 10.5, 17.1, 18.4, 15.4, 10.8, 11.8,
       14.9, 12.6, 14.1, 13. , 13.4, 15.2, 14.9, 14.1, 12.7, 13.5, 14.9,
       20. , 16.4, 19.5, 21.4, 19.9, 19. , 19.1, 19.1, 20.1, 19.6, 16.7,
       12. , 14.6, 21.4, 23. , 23.7, 21.8, 20.6, 21.2, 19.1, 20.6, 15.2,
        7. ,  8.1, 13.6, 21.8, 24.5, 23.1, 19.7, 21.2, 17.5, 16.8, 22.4,
       20.6, 23.9, 22. , 11.9]), 'x_train': array([[6.3200e-03, 1.8000e+01, 2.3100e+00, ..., 1.5300e+01, 3.9690e+02,
        4.9800e+00],
       [2.7310e-02, 0.0000e+00, 7.0700e+00, ..., 1.7800e+01, 3.9690e+02,
        9.1400e+00],
       [2.7290e-02, 0.0000e+00, 7.0700e+00, ..., 1.7800e+01, 3.9283e+02,
        4.0300e+00],
       ...,
       [6.0760e-02, 0.0000e+00, 1.1930e+01, ..., 2.1000e+01, 3.9690e+02,
        5.6400e+00],
       [1.0959e-01, 0.0000e+00, 1.1930e+01, ..., 2.1000e+01, 3.9345e+02,
        6.4800e+00],
       [4.7410e-02, 0.0000e+00, 1.1930e+01, ..., 2.1000e+01, 3.9690e+02,
        7.8800e+00]]), 'packages': [['atomicwrites', '1.1.5'], ['attrs', '18.1.0'], ['backcall', '0.1.0'], ['coverage', '4.5.1'], ['cycler', '0.10.0'], ['decorator', '4.3.0'], ['docopt', '0.6.2'], ['hashfs', '0.7.0'], ['hypothesis', '3.57.0'], ['ipykernel', '4.8.2'], ['ipython', '6.4.0'], ['ipython-genutils', '0.2.0'], ['jedi', '0.12.0'], ['jsonpickle', '0.9.6'], ['jsonschema', '2.6.0'], ['jupyter-client', '5.2.3'], ['jupyter-core', '4.4.0'], ['kiwisolver', '1.0.1'], ['Lasagne', '0.1'], ['matplotlib', '2.2.2'], ['more-itertools', '4.2.0'], ['mpmath', '1.0.0'], ['munch', '2.3.2'], ['nbformat', '4.4.0'], ['nbval', '0.9.1'], ['numpy', '1.14.3'], ['pandas', '0.23.0'], ['parso', '0.2.1'], ['pexpect', '4.6.0'], ['pickleshare', '0.7.4'], ['Pillow', '5.1.0'], ['pip', '10.0.1'], ['pkg-resources', '0.0.0'], ['pluggy', '0.6.0'], ['prompt-toolkit', '1.0.15'], ['ptyprocess', '0.5.2'], ['py', '1.5.3'], ['py-cpuinfo', '4.0.0'], ['Pygments', '2.2.0'], ['pymongo', '3.6.1'], ['pyparsing', '2.2.0'], ['pysgmcmc', '0.0.1'], ['pytest', '3.6.0'], ['python-dateutil', '2.7.3'], ['pytz', '2018.4'], ['pyzmq', '17.0.0'], ['sacred', '0.7.3'], ['scandir', '1.7'], ['scikit-learn', '0.19.1'], ['scipy', '1.1.0'], ['seaborn', '0.8.1'], ['setuptools', '39.2.0'], ['simplegeneric', '0.8.1'], ['six', '1.11.0'], ['SQLAlchemy', '1.2.8'], ['sympy', '1.1.1'], ['Theano', '0.8.0'], ['tinydb', '3.9.0.post1'], ['tinydb-serialization', '1.0.4'], ['torch', '0.4.0'], ['torchvision', '0.2.1'], ['tornado', '5.0.2'], ['tqdm', '4.23.4'], ['traitlets', '4.3.2'], ['wcwidth', '0.1.7'], ['wheel', '0.31.1'], ['wrapt', '1.10.11']], 'y_test': array([22.8, 19.9, 29.8, 50. , 20. , 14.5, 17.7, 18.3, 18.9, 26.6, 32.5,
       19.5, 21.7, 36.5, 27.5, 20.1, 23.1, 16.1, 21.9, 22.2, 15.6, 14.4,
       29.4, 13.8, 23.1, 22.3, 43.1, 50. , 13.2, 24.4, 13.3, 12.3, 19.6,
       23.2, 25. , 50. , 19.7,  9.5, 20.2, 20.8,  9.7, 20.2, 29. , 18.9,
       20.8, 27.1, 23.9, 36.2, 17.8, 24.8, 19.6])}
INFO - BNN_UCI - Completed after 0:03:44
