INFO - BNN_UCI - Running command 'fit_bnn'
INFO - BNN_UCI - Started run with ID "332"
/home/freidanm/repos/pytorch_experiments/experiments_env/src/pysgmcmc/pysgmcmc/data/datasets.py:14: FutureWarning: Method .as_matrix will be removed in a future version. Use .values instead.
  x_train = train_data.as_matrix(feature_columns)
/home/freidanm/repos/pytorch_experiments/experiments_env/src/pysgmcmc/pysgmcmc/data/datasets.py:15: FutureWarning: Method .as_matrix will be removed in a future version. Use .values instead.
  y_train = train_data[label_column].as_matrix()
/home/freidanm/repos/pytorch_experiments/experiments_env/src/pysgmcmc/pysgmcmc/data/datasets.py:17: FutureWarning: Method .as_matrix will be removed in a future version. Use .values instead.
  x_test = test_data.as_matrix(feature_columns)
/home/freidanm/repos/pytorch_experiments/experiments_env/src/pysgmcmc/pysgmcmc/data/datasets.py:18: FutureWarning: Method .as_matrix will be removed in a future version. Use .values instead.
  y_test = test_data[label_column].as_matrix()
INFO - root - Performing 15000 iterations
INFO - BNN_UCI - Result: {'x_train': array([[6.3200e-03, 1.8000e+01, 2.3100e+00, ..., 1.5300e+01, 3.9690e+02,
        4.9800e+00],
       [2.7310e-02, 0.0000e+00, 7.0700e+00, ..., 1.7800e+01, 3.9690e+02,
        9.1400e+00],
       [2.7290e-02, 0.0000e+00, 7.0700e+00, ..., 1.7800e+01, 3.9283e+02,
        4.0300e+00],
       ...,
       [4.5270e-02, 0.0000e+00, 1.1930e+01, ..., 2.1000e+01, 3.9690e+02,
        9.0800e+00],
       [1.0959e-01, 0.0000e+00, 1.1930e+01, ..., 2.1000e+01, 3.9345e+02,
        6.4800e+00],
       [4.7410e-02, 0.0000e+00, 1.1930e+01, ..., 2.1000e+01, 3.9690e+02,
        7.8800e+00]]), 'prediction_std': array([1.2626234 , 0.9240038 , 1.1527563 , 0.8930622 , 0.6007004 ,
       0.84311867, 0.95495874, 0.89000916, 0.693198  , 1.0175736 ,
       0.9246936 , 1.1785823 , 0.83533055, 1.3722364 , 0.8942687 ,
       1.1566699 , 0.63891536, 0.8351097 , 1.4424068 , 1.9294207 ,
       1.0512172 , 0.8795412 , 1.0119002 , 0.8415012 , 0.7935962 ,
       0.72184944, 1.3927374 , 0.8350537 , 0.9290981 , 0.9370391 ,
       0.7267045 , 0.93408406, 0.98601276, 0.817142  , 1.1360588 ,
       0.99866205, 0.9612214 , 1.1186588 , 0.9303676 , 0.7710526 ,
       0.9279506 , 0.9446579 , 0.9509735 , 1.7322816 , 0.8921634 ,
       1.0262668 , 0.94786173, 0.89778686, 0.98920536, 0.8814484 ,
       0.73743975], dtype=float32), 'y_train': array([24. , 21.6, 34.7, 33.4, 28.7, 22.9, 27.1, 16.5, 18.9, 15. , 18.9,
       21.7, 20.4, 18.2, 19.9, 23.1, 17.5, 20.2, 18.2, 13.6, 19.6, 15.2,
       15.6, 13.9, 16.6, 14.8, 18.4, 21. , 14.5, 13.2, 13.1, 13.5, 18.9,
       20. , 21. , 24.7, 30.8, 34.9, 26.6, 25.3, 24.7, 21.2, 19.3, 20. ,
       16.6, 14.4, 19.4, 19.7, 20.5, 25. , 23.4, 18.9, 35.4, 24.7, 31.6,
       23.3, 19.6, 18.7, 16. , 22.2, 25. , 33. , 23.5, 19.4, 22. , 17.4,
       20.9, 24.2, 21.7, 22.8, 23.4, 24.1, 21.4, 20. , 20.8, 21.2, 20.3,
       28. , 23.9, 23.9, 26.6, 22.5, 22.2, 23.6, 28.7, 22.6, 22. , 22.9,
       25. , 20.6, 28.4, 21.4, 38.7, 43.8, 33.2, 27.5, 26.5, 18.6, 19.3,
       20.1, 19.5, 19.5, 20.4, 19.8, 19.4, 21.7, 22.8, 18.8, 18.7, 18.5,
       18.3, 21.2, 19.2, 20.4, 19.3, 22. , 20.3, 20.5, 17.3, 18.8, 21.4,
       15.7, 14.3, 19.2, 19.6, 23. , 18.4, 15.6, 18.1, 17.4, 17.1, 13.3,
       17.8, 14. , 14.4, 13.4, 15.6, 11.8, 13.8, 15.6, 14.6, 17.8, 15.4,
       21.5, 19.6, 15.3, 19.4, 17. , 15.6, 13.1, 41.3, 24.3, 27. , 50. ,
       50. , 22.7, 25. , 50. , 23.8, 23.8, 22.3, 17.4, 23.1, 23.6, 22.6,
       29.4, 23.2, 24.6, 29.9, 37.2, 39.8, 36.2, 37.9, 32.5, 26.4, 29.6,
       32. , 29.8, 34.9, 37. , 30.5, 36.4, 31.1, 29.1, 50. , 30.3, 34.6,
       32.9, 24.1, 42.3, 48.5, 50. , 22.6, 22.5, 20. , 21.7, 19.3, 22.4,
       28.1, 23.7, 21.5, 21.7, 27.5, 30.1, 44.8, 31.6, 46.7, 31.5, 24.3,
       31.7, 41.7, 48.3, 29. , 24. , 25.1, 31.5, 23.7, 23.3, 20.1, 22.2,
       23.7, 18.5, 24.3, 20.5, 24.5, 26.2, 24.4, 24.8, 29.6, 42.8, 21.9,
       20.9, 44. , 50. , 36. , 30.1, 43.1, 48.8, 31. , 36.5, 22.8, 30.7,
       50. , 43.5, 20.7, 21.1, 25.2, 24.4, 35.2, 32.4, 33.2, 33.1, 29.1,
       35.1, 45.4, 35.4, 46. , 50. , 32.2, 22. , 20.1, 23.2, 22.3, 24.8,
       28.5, 37.3, 27.9, 23.9, 28.6, 27.1, 20.3, 22.5, 29. , 24.8, 22. ,
       26.4, 36.1, 28.4, 33.4, 28.2, 22.8, 20.3, 16.1, 22.1, 19.4, 21.6,
       23.8, 16.2, 17.8, 21. , 23.8, 23.1, 20.4, 18.5, 25. , 24.6, 23. ,
       22.2, 19.3, 22.6, 17.1, 19.4, 20.7, 21.1, 19.5, 18.5, 20.6, 19. ,
       18.7, 32.7, 23.9, 31.2, 17.5, 17.2, 23.1, 24.5, 26.6, 22.9, 18.6,
       30.1, 18.2, 17.8, 21.7, 22.7, 25. , 19.9, 20.8, 16.8, 21.9, 27.5,
       21.9, 23.1, 50. , 50. , 50. , 50. , 50. , 13.8, 15. , 13.9, 13.3,
       10.2, 10.4, 11.3, 12.3,  8.8,  7.2, 10.5,  7.4, 15.1, 23.2,  9.7,
       13.8, 12.7, 13.1, 12.5,  8.5,  5. ,  5.6, 12.1,  8.3,  8.5,  5. ,
       11.9, 27.9, 17.2, 15. , 17.2, 17.9, 16.3,  7. ,  7.2,  7.5, 10.4,
        8.8,  8.4, 16.7, 20.8, 13.4, 11.7,  8.3, 10.2, 10.9, 11. ,  9.5,
       14.5, 14.1, 16.1, 14.3, 11.7, 13.4,  9.6,  8.7,  8.4, 10.5, 17.1,
       18.4, 15.4, 10.8, 11.8, 14.9, 12.6, 14.1, 13. , 13.4, 15.2, 16.1,
       17.8, 14.9, 14.1, 12.7, 13.5, 14.9, 16.4, 17.7, 19.5, 20.2, 21.4,
       19.9, 19. , 19.1, 19.1, 20.1, 19.9, 19.6, 29.8, 13.8, 13.3, 16.7,
       12. , 14.6, 21.4, 23. , 23.7, 25. , 21.8, 20.6, 21.2, 19.1, 20.6,
       15.2,  7. ,  8.1, 13.6, 20.1, 24.5, 23.1, 19.7, 18.3, 21.2, 17.5,
       16.8, 20.6, 22. , 11.9]), 'y_test': array([13.8, 13.1, 33.8, 14.5, 19.1, 34.9, 22.9,  7.2, 23.2, 19.8, 23.1,
       16.5, 18. , 27.5, 21.8, 33.1, 24.4, 10.2, 50. , 50. , 24.1, 22. ,
       36.2, 23.3, 10.9, 23. , 33.3, 20.6, 14.2,  6.3, 23.9, 22.6, 37.6,
       50. , 21.7, 32. , 12.8, 22.2, 17.6, 20. , 12.7, 22.4, 24.4, 23.3,
       19.8, 16.2, 11.5, 25. , 24.8, 28.7, 26.7]), 'packages': [['atomicwrites', '1.1.5'], ['attrs', '18.1.0'], ['backcall', '0.1.0'], ['coverage', '4.5.1'], ['cycler', '0.10.0'], ['decorator', '4.3.0'], ['docopt', '0.6.2'], ['hashfs', '0.7.0'], ['hypothesis', '3.57.0'], ['ipykernel', '4.8.2'], ['ipython', '6.4.0'], ['ipython-genutils', '0.2.0'], ['jedi', '0.12.0'], ['jsonpickle', '0.9.6'], ['jsonschema', '2.6.0'], ['jupyter-client', '5.2.3'], ['jupyter-core', '4.4.0'], ['kiwisolver', '1.0.1'], ['Lasagne', '0.1'], ['matplotlib', '2.2.2'], ['more-itertools', '4.2.0'], ['mpmath', '1.0.0'], ['munch', '2.3.2'], ['nbformat', '4.4.0'], ['nbval', '0.9.1'], ['numpy', '1.14.3'], ['pandas', '0.23.0'], ['parso', '0.2.1'], ['pexpect', '4.6.0'], ['pickleshare', '0.7.4'], ['Pillow', '5.1.0'], ['pip', '10.0.1'], ['pkg-resources', '0.0.0'], ['pluggy', '0.6.0'], ['prompt-toolkit', '1.0.15'], ['ptyprocess', '0.5.2'], ['py', '1.5.3'], ['py-cpuinfo', '4.0.0'], ['Pygments', '2.2.0'], ['pymongo', '3.6.1'], ['pyparsing', '2.2.0'], ['pysgmcmc', '0.0.1'], ['pytest', '3.6.0'], ['python-dateutil', '2.7.3'], ['pytz', '2018.4'], ['pyzmq', '17.0.0'], ['sacred', '0.7.3'], ['scandir', '1.7'], ['scikit-learn', '0.19.1'], ['scipy', '1.1.0'], ['seaborn', '0.8.1'], ['setuptools', '39.2.0'], ['simplegeneric', '0.8.1'], ['six', '1.11.0'], ['SQLAlchemy', '1.2.8'], ['sympy', '1.1.1'], ['Theano', '0.8.0'], ['tinydb', '3.9.0.post1'], ['tinydb-serialization', '1.0.4'], ['torch', '0.4.0'], ['torchvision', '0.2.1'], ['tornado', '5.0.2'], ['tqdm', '4.23.4'], ['traitlets', '4.3.2'], ['wcwidth', '0.1.7'], ['wheel', '0.31.1'], ['wrapt', '1.10.11']], 'prediction_mean': array([14.27569  ,  8.6261015, 35.686398 , 13.524255 , 20.531923 ,
       31.44296  , 23.726606 , 11.5223875, 23.519146 , 20.634508 ,
       22.35399  , 20.078796 , 17.99092  , 16.395811 , 20.340359 ,
       32.45343  , 22.248188 ,  9.621798 , 41.920662 , 44.90634  ,
       22.97405  , 23.69016  , 32.522133 , 22.472265 , 11.890503 ,
       24.336798 , 35.61369  , 20.53121  , 16.601158 , 16.31892  ,
       26.04269  , 21.031792 , 39.266876 , 45.92755  , 23.00918  ,
       31.559835 , 12.076235 , 22.270725 , 15.9393425, 18.052904 ,
       13.173642 , 20.390568 , 25.652508 , 35.117374 , 21.573454 ,
       15.927005 , 10.536252 , 24.89505  , 23.851845 , 28.895355 ,
       29.111473 ], dtype=float32), 'x_test': array([[1.11081e+01, 0.00000e+00, 1.81000e+01, 0.00000e+00, 6.68000e-01,
        4.90600e+00, 1.00000e+02, 1.17420e+00, 2.40000e+01, 6.66000e+02,
        2.02000e+01, 3.96900e+02, 3.47700e+01],
       [2.36482e+01, 0.00000e+00, 1.81000e+01, 0.00000e+00, 6.71000e-01,
        6.38000e+00, 9.62000e+01, 1.38610e+00, 2.40000e+01, 6.66000e+02,
        2.02000e+01, 3.96900e+02, 2.36900e+01],
       [5.40110e-01, 2.00000e+01, 3.97000e+00, 0.00000e+00, 6.47000e-01,
        7.20300e+00, 8.18000e+01, 2.11210e+00, 5.00000e+00, 2.64000e+02,
        1.30000e+01, 3.92800e+02, 9.59000e+00],
       [9.88430e-01, 0.00000e+00, 8.14000e+00, 0.00000e+00, 5.38000e-01,
        5.81300e+00, 1.00000e+02, 4.09520e+00, 4.00000e+00, 3.07000e+02,
        2.10000e+01, 3.94540e+02, 1.98800e+01],
       [2.31390e+00, 0.00000e+00, 1.95800e+01, 0.00000e+00, 6.05000e-01,
        5.88000e+00, 9.73000e+01, 2.38870e+00, 5.00000e+00, 4.03000e+02,
        1.47000e+01, 3.48130e+02, 1.20300e+01],
       [3.15000e-02, 9.50000e+01, 1.47000e+00, 0.00000e+00, 4.03000e-01,
        6.97500e+00, 1.53000e+01, 7.65340e+00, 3.00000e+00, 4.02000e+02,
        1.70000e+01, 3.96900e+02, 4.56000e+00],
       [3.55100e-02, 2.50000e+01, 4.86000e+00, 0.00000e+00, 4.26000e-01,
        6.16700e+00, 4.67000e+01, 5.40070e+00, 4.00000e+00, 2.81000e+02,
        1.90000e+01, 3.90640e+02, 7.51000e+00],
       [1.42362e+01, 0.00000e+00, 1.81000e+01, 0.00000e+00, 6.93000e-01,
        6.34300e+00, 1.00000e+02, 1.57410e+00, 2.40000e+01, 6.66000e+02,
        2.02000e+01, 3.96900e+02, 2.03200e+01],
       [3.56868e+00, 0.00000e+00, 1.81000e+01, 0.00000e+00, 5.80000e-01,
        6.43700e+00, 7.50000e+01, 2.89650e+00, 2.40000e+01, 6.66000e+02,
        2.02000e+01, 3.93370e+02, 1.43600e+01],
       [2.45220e-01, 0.00000e+00, 9.90000e+00, 0.00000e+00, 5.44000e-01,
        5.78200e+00, 7.17000e+01, 4.03170e+00, 4.00000e+00, 3.04000e+02,
        1.84000e+01, 3.96900e+02, 1.59400e+01],
       [4.02020e-01, 0.00000e+00, 9.90000e+00, 0.00000e+00, 5.44000e-01,
        6.38200e+00, 6.72000e+01, 3.53250e+00, 4.00000e+00, 3.04000e+02,
        1.84000e+01, 3.95210e+02, 1.03600e+01],
       [2.49800e-02, 0.00000e+00, 1.89000e+00, 0.00000e+00, 5.18000e-01,
        6.54000e+00, 5.97000e+01, 6.26690e+00, 1.00000e+00, 4.22000e+02,
        1.59000e+01, 3.89960e+02, 8.65000e+00],
       [3.25430e-01, 0.00000e+00, 2.18900e+01, 0.00000e+00, 6.24000e-01,
        6.43100e+00, 9.88000e+01, 1.81250e+00, 4.00000e+00, 4.37000e+02,
        2.12000e+01, 3.96900e+02, 1.53900e+01],
       [1.44383e+01, 0.00000e+00, 1.81000e+01, 0.00000e+00, 5.97000e-01,
        6.85200e+00, 1.00000e+02, 1.46550e+00, 2.40000e+01, 6.66000e+02,
        2.02000e+01, 1.79360e+02, 1.97800e+01],
       [1.73310e-01, 0.00000e+00, 9.69000e+00, 0.00000e+00, 5.85000e-01,
        5.70700e+00, 5.40000e+01, 2.38170e+00, 6.00000e+00, 3.91000e+02,
        1.92000e+01, 3.96900e+02, 1.20100e+01],
       [1.00000e-01, 3.40000e+01, 6.09000e+00, 0.00000e+00, 4.33000e-01,
        6.98200e+00, 1.77000e+01, 5.49170e+00, 7.00000e+00, 3.29000e+02,
        1.61000e+01, 3.90430e+02, 4.86000e+00],
       [1.35870e-01, 0.00000e+00, 1.05900e+01, 1.00000e+00, 4.89000e-01,
        6.06400e+00, 5.91000e+01, 4.23920e+00, 4.00000e+00, 2.77000e+02,
        1.86000e+01, 3.81320e+02, 1.46600e+01],
       [1.43337e+01, 0.00000e+00, 1.81000e+01, 0.00000e+00, 7.00000e-01,
        4.88000e+00, 1.00000e+02, 1.58950e+00, 2.40000e+01, 6.66000e+02,
        2.02000e+01, 3.72920e+02, 3.06200e+01],
       [5.60200e-02, 0.00000e+00, 2.46000e+00, 0.00000e+00, 4.88000e-01,
        7.83100e+00, 5.36000e+01, 3.19920e+00, 3.00000e+00, 1.93000e+02,
        1.78000e+01, 3.92630e+02, 4.45000e+00],
       [1.51902e+00, 0.00000e+00, 1.95800e+01, 1.00000e+00, 6.05000e-01,
        8.37500e+00, 9.39000e+01, 2.16200e+00, 5.00000e+00, 4.03000e+02,
        1.47000e+01, 3.88450e+02, 3.32000e+00],
       [7.95000e-02, 6.00000e+01, 1.69000e+00, 0.00000e+00, 4.11000e-01,
        6.57900e+00, 3.59000e+01, 1.07103e+01, 4.00000e+00, 4.11000e+02,
        1.83000e+01, 3.70780e+02, 5.49000e+00],
       [1.13290e-01, 3.00000e+01, 4.93000e+00, 0.00000e+00, 4.28000e-01,
        6.89700e+00, 5.43000e+01, 6.33610e+00, 6.00000e+00, 3.00000e+02,
        1.66000e+01, 3.91250e+02, 1.13800e+01],
       [6.90500e-02, 0.00000e+00, 2.18000e+00, 0.00000e+00, 4.58000e-01,
        7.14700e+00, 5.42000e+01, 6.06220e+00, 3.00000e+00, 2.22000e+02,
        1.87000e+01, 3.96900e+02, 5.33000e+00],
       [4.56000e-02, 0.00000e+00, 1.38900e+01, 1.00000e+00, 5.50000e-01,
        5.88800e+00, 5.60000e+01, 3.11210e+00, 5.00000e+00, 2.76000e+02,
        1.64000e+01, 3.92800e+02, 1.35100e+01],
       [1.58744e+01, 0.00000e+00, 1.81000e+01, 0.00000e+00, 6.71000e-01,
        6.54500e+00, 9.91000e+01, 1.51920e+00, 2.40000e+01, 6.66000e+02,
        2.02000e+01, 3.96900e+02, 2.10800e+01],
       [1.14250e-01, 0.00000e+00, 1.38900e+01, 1.00000e+00, 5.50000e-01,
        6.37300e+00, 9.24000e+01, 3.36330e+00, 5.00000e+00, 2.76000e+02,
        1.64000e+01, 3.93740e+02, 1.05000e+01],
       [4.01100e-02, 8.00000e+01, 1.52000e+00, 0.00000e+00, 4.04000e-01,
        7.28700e+00, 3.41000e+01, 7.30900e+00, 2.00000e+00, 3.29000e+02,
        1.26000e+01, 3.96900e+02, 4.08000e+00],
       [1.06590e-01, 8.00000e+01, 1.91000e+00, 0.00000e+00, 4.13000e-01,
        5.93600e+00, 1.95000e+01, 1.05857e+01, 4.00000e+00, 3.34000e+02,
        2.20000e+01, 3.76040e+02, 5.57000e+00],
       [7.02259e+00, 0.00000e+00, 1.81000e+01, 0.00000e+00, 7.18000e-01,
        6.00600e+00, 9.53000e+01, 1.87460e+00, 2.40000e+01, 6.66000e+02,
        2.02000e+01, 3.19980e+02, 1.57000e+01],
       [9.91655e+00, 0.00000e+00, 1.81000e+01, 0.00000e+00, 6.93000e-01,
        5.85200e+00, 7.78000e+01, 1.50040e+00, 2.40000e+01, 6.66000e+02,
        2.02000e+01, 3.38160e+02, 2.99700e+01],
       [6.07600e-02, 0.00000e+00, 1.19300e+01, 0.00000e+00, 5.73000e-01,
        6.97600e+00, 9.10000e+01, 2.16750e+00, 1.00000e+00, 2.73000e+02,
        2.10000e+01, 3.96900e+02, 5.64000e+00],
       [4.26131e+00, 0.00000e+00, 1.81000e+01, 0.00000e+00, 7.70000e-01,
        6.11200e+00, 8.13000e+01, 2.50910e+00, 2.40000e+01, 6.66000e+02,
        2.02000e+01, 3.90740e+02, 1.26700e+01],
       [3.82140e-01, 0.00000e+00, 6.20000e+00, 0.00000e+00, 5.04000e-01,
        8.04000e+00, 8.65000e+01, 3.21570e+00, 8.00000e+00, 3.07000e+02,
        1.74000e+01, 3.87380e+02, 3.13000e+00],
       [5.26930e-01, 0.00000e+00, 6.20000e+00, 0.00000e+00, 5.04000e-01,
        8.72500e+00, 8.30000e+01, 2.89440e+00, 8.00000e+00, 3.07000e+02,
        1.74000e+01, 3.82000e+02, 4.63000e+00],
       [8.19900e-02, 0.00000e+00, 1.39200e+01, 0.00000e+00, 4.37000e-01,
        6.00900e+00, 4.23000e+01, 5.50270e+00, 4.00000e+00, 2.89000e+02,
        1.60000e+01, 3.96900e+02, 1.04000e+01],
       [9.60400e-02, 4.00000e+01, 6.41000e+00, 0.00000e+00, 4.47000e-01,
        6.85400e+00, 4.28000e+01, 4.26730e+00, 4.00000e+00, 2.54000e+02,
        1.76000e+01, 3.96900e+02, 2.98000e+00],
       [9.39063e+00, 0.00000e+00, 1.81000e+01, 0.00000e+00, 7.40000e-01,
        5.62700e+00, 9.39000e+01, 1.81720e+00, 2.40000e+01, 6.66000e+02,
        2.02000e+01, 3.96900e+02, 2.28800e+01],
       [5.08300e-02, 0.00000e+00, 5.19000e+00, 0.00000e+00, 5.15000e-01,
        6.31600e+00, 3.81000e+01, 6.45840e+00, 5.00000e+00, 2.24000e+02,
        2.02000e+01, 3.89710e+02, 5.68000e+00],
       [2.06080e-01, 2.20000e+01, 5.86000e+00, 0.00000e+00, 4.31000e-01,
        5.59300e+00, 7.65000e+01, 7.95490e+00, 7.00000e+00, 3.30000e+02,
        1.91000e+01, 3.72490e+02, 1.25000e+01],
       [6.80117e+00, 0.00000e+00, 1.81000e+01, 0.00000e+00, 7.13000e-01,
        6.08100e+00, 8.44000e+01, 2.71750e+00, 2.40000e+01, 6.66000e+02,
        2.02000e+01, 3.96900e+02, 1.47000e+01],
       [1.13081e+00, 0.00000e+00, 8.14000e+00, 0.00000e+00, 5.38000e-01,
        5.71300e+00, 9.41000e+01, 4.23300e+00, 4.00000e+00, 3.07000e+02,
        2.10000e+01, 3.60170e+02, 2.26000e+01],
       [6.26300e-02, 0.00000e+00, 1.19300e+01, 0.00000e+00, 5.73000e-01,
        6.59300e+00, 6.91000e+01, 2.47860e+00, 1.00000e+00, 2.73000e+02,
        2.10000e+01, 3.91990e+02, 9.67000e+00],
       [2.29690e-01, 0.00000e+00, 1.05900e+01, 0.00000e+00, 4.89000e-01,
        6.32600e+00, 5.25000e+01, 4.35490e+00, 4.00000e+00, 2.77000e+02,
        1.86000e+01, 3.94870e+02, 1.09700e+01],
       [1.42502e+00, 0.00000e+00, 1.95800e+01, 0.00000e+00, 8.71000e-01,
        6.51000e+00, 1.00000e+02, 1.76590e+00, 5.00000e+00, 4.03000e+02,
        1.47000e+01, 3.64310e+02, 7.39000e+00],
       [4.54400e-02, 0.00000e+00, 3.24000e+00, 0.00000e+00, 4.60000e-01,
        6.14400e+00, 3.22000e+01, 5.87360e+00, 4.00000e+00, 4.30000e+02,
        1.69000e+01, 3.68570e+02, 9.09000e+00],
       [2.59150e-01, 0.00000e+00, 2.18900e+01, 0.00000e+00, 6.24000e-01,
        5.69300e+00, 9.60000e+01, 1.78830e+00, 4.00000e+00, 4.37000e+02,
        2.12000e+01, 3.92110e+02, 1.71900e+01],
       [8.15174e+00, 0.00000e+00, 1.81000e+01, 0.00000e+00, 7.00000e-01,
        5.39000e+00, 9.89000e+01, 1.72810e+00, 2.40000e+01, 6.66000e+02,
        2.02000e+01, 3.96900e+02, 2.08500e+01],
       [1.98020e-01, 0.00000e+00, 1.05900e+01, 0.00000e+00, 4.89000e-01,
        6.18200e+00, 4.24000e+01, 3.94540e+00, 4.00000e+00, 2.77000e+02,
        1.86000e+01, 3.93630e+02, 9.47000e+00],
       [3.65900e-02, 2.50000e+01, 4.86000e+00, 0.00000e+00, 4.26000e-01,
        6.30200e+00, 3.22000e+01, 5.40070e+00, 4.00000e+00, 2.81000e+02,
        1.90000e+01, 3.96900e+02, 6.72000e+00],
       [7.01300e-02, 0.00000e+00, 1.38900e+01, 0.00000e+00, 5.50000e-01,
        6.64200e+00, 8.51000e+01, 3.42110e+00, 5.00000e+00, 2.76000e+02,
        1.64000e+01, 3.92780e+02, 9.69000e+00],
       [3.58090e-01, 0.00000e+00, 6.20000e+00, 1.00000e+00, 5.07000e-01,
        6.95100e+00, 8.85000e+01, 2.86170e+00, 8.00000e+00, 3.07000e+02,
        1.74000e+01, 3.91700e+02, 9.71000e+00]])}
INFO - BNN_UCI - Completed after 0:03:36
