INFO - BNN_UCI - Running command 'fit_bnn'
INFO - BNN_UCI - Started run with ID "349"
/home/freidanm/repos/pytorch_experiments/experiments_env/src/pysgmcmc/pysgmcmc/data/datasets.py:14: FutureWarning: Method .as_matrix will be removed in a future version. Use .values instead.
  x_train = train_data.as_matrix(feature_columns)
/home/freidanm/repos/pytorch_experiments/experiments_env/src/pysgmcmc/pysgmcmc/data/datasets.py:15: FutureWarning: Method .as_matrix will be removed in a future version. Use .values instead.
  y_train = train_data[label_column].as_matrix()
/home/freidanm/repos/pytorch_experiments/experiments_env/src/pysgmcmc/pysgmcmc/data/datasets.py:17: FutureWarning: Method .as_matrix will be removed in a future version. Use .values instead.
  x_test = test_data.as_matrix(feature_columns)
/home/freidanm/repos/pytorch_experiments/experiments_env/src/pysgmcmc/pysgmcmc/data/datasets.py:18: FutureWarning: Method .as_matrix will be removed in a future version. Use .values instead.
  y_test = test_data[label_column].as_matrix()
INFO - root - Performing 15000 iterations
INFO - BNN_UCI - Result: {'y_train': array([24. , 34.7, 33.4, 36.2, 28.7, 22.9, 27.1, 16.5, 18.9, 15. , 18.9,
       21.7, 20.4, 18.2, 19.9, 23.1, 17.5, 20.2, 18.2, 13.6, 19.6, 14.5,
       15.6, 13.9, 14.8, 18.4, 21. , 12.7, 14.5, 13.2, 13.5, 18.9, 20. ,
       21. , 24.7, 30.8, 34.9, 26.6, 25.3, 24.7, 21.2, 19.3, 20. , 16.6,
       14.4, 19.4, 19.7, 20.5, 25. , 23.4, 18.9, 35.4, 24.7, 31.6, 23.3,
       19.6, 16. , 25. , 33. , 23.5, 19.4, 22. , 17.4, 20.9, 24.2, 21.7,
       22.8, 23.4, 24.1, 20. , 20.8, 21.2, 20.3, 28. , 23.9, 24.8, 22.9,
       23.9, 26.6, 22.5, 22.2, 23.6, 28.7, 22.6, 22. , 22.9, 25. , 20.6,
       28.4, 21.4, 38.7, 43.8, 33.2, 27.5, 18.6, 19.3, 20.1, 19.5, 19.5,
       20.4, 19.8, 19.4, 21.7, 22.8, 18.8, 18.7, 18.5, 18.3, 21.2, 19.2,
       20.4, 19.3, 22. , 20.3, 20.5, 17.3, 18.8, 21.4, 15.7, 18. , 14.3,
       19.2, 19.6, 18.4, 15.6, 18.1, 17.4, 13.3, 17.8, 14. , 14.4, 15.6,
       11.8, 15.6, 14.6, 17.8, 15.4, 21.5, 19.6, 15.3, 19.4, 17. , 13.1,
       24.3, 23.3, 27. , 50. , 50. , 50. , 23.8, 23.8, 22.3, 17.4, 19.1,
       23.1, 23.6, 22.6, 29.4, 23.2, 24.6, 29.9, 37.2, 39.8, 36.2, 37.9,
       32.5, 26.4, 29.6, 50. , 32. , 29.8, 34.9, 37. , 30.5, 36.4, 31.1,
       29.1, 50. , 30.3, 32.9, 42.3, 48.5, 50. , 22.6, 24.4, 22.5, 24.4,
       20. , 21.7, 19.3, 22.4, 28.1, 23.7, 25. , 23.3, 28.7, 21.5, 23. ,
       26.7, 21.7, 27.5, 44.8, 50. , 37.6, 31.6, 46.7, 31.5, 31.7, 41.7,
       29. , 24. , 25.1, 31.5, 23.7, 23.3, 22. , 20.1, 22.2, 23.7, 17.6,
       18.5, 24.3, 20.5, 24.5, 26.2, 24.4, 24.8, 29.6, 42.8, 21.9, 20.9,
       44. , 50. , 36. , 33.8, 43.1, 48.8, 31. , 36.5, 22.8, 30.7, 50. ,
       43.5, 20.7, 21.1, 25.2, 24.4, 35.2, 32.4, 32. , 33.2, 33.1, 29.1,
       35.1, 45.4, 35.4, 46. , 50. , 32.2, 22. , 20.1, 23.2, 22.3, 24.8,
       28.5, 37.3, 27.9, 23.9, 21.7, 28.6, 27.1, 20.3, 22.5, 29. , 24.8,
       22. , 26.4, 33.1, 36.1, 28.4, 33.4, 28.2, 22.8, 16.1, 22.1, 19.4,
       21.6, 23.8, 16.2, 19.8, 23.1, 21. , 23.8, 20.4, 25. , 24.6, 23. ,
       22.2, 19.3, 22.6, 19.8, 17.1, 19.4, 22.2, 20.7, 21.1, 19.5, 18.5,
       20.6, 19. , 18.7, 32.7, 16.5, 23.9, 31.2, 17.5, 17.2, 23.1, 24.5,
       22.9, 24.1, 18.6, 30.1, 18.2, 20.6, 17.8, 22.7, 22.6, 25. , 19.9,
       20.8, 16.8, 21.9, 27.5, 21.9, 23.1, 50. , 50. , 50. , 50. , 13.8,
       13.8, 15. , 13.3, 13.1, 10.2, 10.9, 11.3, 12.3,  7.2, 10.5,  7.4,
       10.2, 11.5, 15.1, 23.2, 12.7, 13.1, 12.5,  8.5,  5. ,  6.3,  5.6,
        7.2, 12.1,  8.3,  8.5,  5. , 11.9, 27.9, 27.5, 15. , 17.2,  7.2,
        7.5, 10.4,  8.8,  8.4, 16.7, 14.2, 20.8, 13.4, 11.7,  8.3, 10.2,
       10.9, 11. ,  9.5, 14.5, 14.1, 16.1, 14.3, 11.7, 13.4,  9.6,  8.7,
        8.4, 12.8, 10.5, 17.1, 18.4, 15.4, 10.8, 11.8, 14.9, 12.6, 14.1,
       13. , 13.4, 15.2, 16.1, 17.8, 14.9, 14.1, 12.7, 14.9, 20. , 17.7,
       19.5, 20.2, 21.4, 19.9, 19. , 19.1, 19.1, 20.1, 19.9, 19.6, 23.2,
       29.8, 13.8, 16.7, 14.6, 21.4, 23. , 23.7, 25. , 20.6, 21.2, 19.1,
       15.2,  7. ,  8.1, 13.6, 20.1, 21.8, 24.5, 23.1, 18.3, 21.2, 17.5,
       22.4, 23.9, 22. , 11.9]), 'y_test': array([22.7, 23. ,  7. , 18.5, 13.8, 23.1, 30.1, 17.1, 34.9, 41.3, 21.6,
       10.4, 17.8, 21.7, 22.2, 16.3, 19.7, 13.1, 20.6, 16.2, 30.1,  9.7,
       16.6, 18.7, 24.1, 13.3, 21.8, 25. , 13.9, 15.2, 33.3, 17.9, 16.8,
       20.3, 26.5, 20.6, 50. , 13.4, 21.4, 15.6, 13.8, 26.6, 12. , 50. ,
       34.6, 48.3, 13.5, 17.2, 16.4, 24.3,  8.8]), 'prediction_std': array([1.127726  , 1.407793  , 0.71375567, 0.7754913 , 1.1727736 ,
       0.9476524 , 1.0376081 , 0.74945635, 1.3585138 , 1.1216577 ,
       1.3348521 , 2.3141687 , 0.69676036, 1.2396638 , 0.99731195,
       1.5540274 , 1.0093349 , 0.7450766 , 0.8605962 , 0.66429317,
       0.89680517, 1.5123447 , 0.64550036, 0.9424608 , 1.5532792 ,
       1.2995074 , 1.6005505 , 0.9667692 , 1.228395  , 0.6727902 ,
       2.5712872 , 0.8089931 , 0.89261943, 0.9238271 , 1.4692768 ,
       1.4064746 , 1.0257199 , 1.020255  , 0.97565836, 1.0387243 ,
       1.0888451 , 1.6839198 , 1.1721418 , 1.2329954 , 2.1911933 ,
       1.1617892 , 0.9148251 , 1.8599787 , 0.83132887, 0.7840498 ,
       0.92299485], dtype=float32), 'prediction_mean': array([19.738325, 20.311712,  9.424566, 17.856369, 17.11531 , 24.528732,
       27.28803 , 18.46213 , 31.437752, 40.72923 , 21.707703, 11.625651,
       20.97923 , 21.713299, 25.029682, 12.284833, 16.230534, 13.415897,
       15.949651, 16.204815, 31.08424 , 12.259026, 14.862992, 18.472092,
       22.415047, 16.676653, 22.529982, 25.253857, 13.690464, 16.649036,
       36.420513,  9.827147, 20.769428, 20.132666, 29.858639, 22.365402,
       29.36084 , 18.662493, 22.110626, 22.762144, 15.920788, 25.399841,
        9.256017, 47.80143 , 33.36063 , 44.30679 , 12.311562, 10.553655,
       17.20874 , 23.418743,  8.634888], dtype=float32), 'packages': [['atomicwrites', '1.1.5'], ['attrs', '18.1.0'], ['backcall', '0.1.0'], ['coverage', '4.5.1'], ['cycler', '0.10.0'], ['decorator', '4.3.0'], ['docopt', '0.6.2'], ['hashfs', '0.7.0'], ['hypothesis', '3.57.0'], ['ipykernel', '4.8.2'], ['ipython', '6.4.0'], ['ipython-genutils', '0.2.0'], ['jedi', '0.12.0'], ['jsonpickle', '0.9.6'], ['jsonschema', '2.6.0'], ['jupyter-client', '5.2.3'], ['jupyter-core', '4.4.0'], ['kiwisolver', '1.0.1'], ['Lasagne', '0.1'], ['matplotlib', '2.2.2'], ['more-itertools', '4.2.0'], ['mpmath', '1.0.0'], ['munch', '2.3.2'], ['nbformat', '4.4.0'], ['nbval', '0.9.1'], ['numpy', '1.14.3'], ['pandas', '0.23.0'], ['parso', '0.2.1'], ['pexpect', '4.6.0'], ['pickleshare', '0.7.4'], ['Pillow', '5.1.0'], ['pip', '10.0.1'], ['pkg-resources', '0.0.0'], ['pluggy', '0.6.0'], ['prompt-toolkit', '1.0.15'], ['ptyprocess', '0.5.2'], ['py', '1.5.3'], ['py-cpuinfo', '4.0.0'], ['Pygments', '2.2.0'], ['pymongo', '3.6.1'], ['pyparsing', '2.2.0'], ['pysgmcmc', '0.0.1'], ['pytest', '3.6.0'], ['python-dateutil', '2.7.3'], ['pytz', '2018.4'], ['pyzmq', '17.0.0'], ['sacred', '0.7.3'], ['scandir', '1.7'], ['scikit-learn', '0.19.1'], ['scipy', '1.1.0'], ['seaborn', '0.8.1'], ['setuptools', '39.2.0'], ['simplegeneric', '0.8.1'], ['six', '1.11.0'], ['SQLAlchemy', '1.2.8'], ['sympy', '1.1.1'], ['Theano', '0.8.0'], ['tinydb', '3.9.0.post1'], ['tinydb-serialization', '1.0.4'], ['torch', '0.4.0'], ['torchvision', '0.2.1'], ['tornado', '5.0.2'], ['tqdm', '4.23.4'], ['traitlets', '4.3.2'], ['wcwidth', '0.1.7'], ['wheel', '0.31.1'], ['wrapt', '1.10.11']], 'x_test': array([[2.24236e+00, 0.00000e+00, 1.95800e+01, 0.00000e+00, 6.05000e-01,
        5.85400e+00, 9.18000e+01, 2.42200e+00, 5.00000e+00, 4.03000e+02,
        1.47000e+01, 3.95110e+02, 1.16400e+01],
       [5.90050e-01, 0.00000e+00, 2.18900e+01, 0.00000e+00, 6.24000e-01,
        6.37200e+00, 9.79000e+01, 2.32740e+00, 4.00000e+00, 4.37000e+02,
        2.12000e+01, 3.85760e+02, 1.11200e+01],
       [4.57461e+01, 0.00000e+00, 1.81000e+01, 0.00000e+00, 6.93000e-01,
        4.51900e+00, 1.00000e+02, 1.65820e+00, 2.40000e+01, 6.66000e+02,
        2.02000e+01, 8.82700e+01, 3.69800e+01],
       [2.83920e-01, 0.00000e+00, 7.38000e+00, 0.00000e+00, 4.93000e-01,
        5.70800e+00, 7.43000e+01, 4.72110e+00, 5.00000e+00, 2.87000e+02,
        1.96000e+01, 3.91130e+02, 1.17400e+01],
       [2.37934e+00, 0.00000e+00, 1.95800e+01, 0.00000e+00, 8.71000e-01,
        6.13000e+00, 1.00000e+02, 1.41910e+00, 5.00000e+00, 4.03000e+02,
        1.47000e+01, 1.72910e+02, 2.78000e+01],
       [1.81590e-01, 0.00000e+00, 7.38000e+00, 0.00000e+00, 4.93000e-01,
        6.37600e+00, 5.43000e+01, 4.54040e+00, 5.00000e+00, 2.87000e+02,
        1.96000e+01, 3.96900e+02, 6.87000e+00],
       [6.14700e-01, 0.00000e+00, 6.20000e+00, 0.00000e+00, 5.07000e-01,
        6.61800e+00, 8.08000e+01, 3.27210e+00, 8.00000e+00, 3.07000e+02,
        1.74000e+01, 3.96900e+02, 7.60000e+00],
       [3.52330e-01, 0.00000e+00, 2.18900e+01, 0.00000e+00, 6.24000e-01,
        6.45400e+00, 9.84000e+01, 1.84980e+00, 4.00000e+00, 4.37000e+02,
        2.12000e+01, 3.94080e+02, 1.45900e+01],
       [3.15000e-02, 9.50000e+01, 1.47000e+00, 0.00000e+00, 4.03000e-01,
        6.97500e+00, 1.53000e+01, 7.65340e+00, 3.00000e+00, 4.02000e+02,
        1.70000e+01, 3.96900e+02, 4.56000e+00],
       [1.22358e+00, 0.00000e+00, 1.95800e+01, 0.00000e+00, 6.05000e-01,
        6.94300e+00, 9.74000e+01, 1.87730e+00, 5.00000e+00, 4.03000e+02,
        1.47000e+01, 3.63430e+02, 4.59000e+00],
       [2.73100e-02, 0.00000e+00, 7.07000e+00, 0.00000e+00, 4.69000e-01,
        6.42100e+00, 7.89000e+01, 4.96710e+00, 2.00000e+00, 2.42000e+02,
        1.78000e+01, 3.96900e+02, 9.14000e+00],
       [8.89762e+01, 0.00000e+00, 1.81000e+01, 0.00000e+00, 6.71000e-01,
        6.96800e+00, 9.19000e+01, 1.41650e+00, 2.40000e+01, 6.66000e+02,
        2.02000e+01, 3.96900e+02, 1.72100e+01],
       [3.18270e-01, 0.00000e+00, 9.90000e+00, 0.00000e+00, 5.44000e-01,
        5.91400e+00, 8.32000e+01, 3.99860e+00, 4.00000e+00, 3.04000e+02,
        1.84000e+01, 3.90700e+02, 1.83300e+01],
       [3.84970e+00, 0.00000e+00, 1.81000e+01, 1.00000e+00, 7.70000e-01,
        6.39500e+00, 9.10000e+01, 2.50520e+00, 2.40000e+01, 6.66000e+02,
        2.02000e+01, 3.91340e+02, 1.32700e+01],
       [1.10270e-01, 2.50000e+01, 5.13000e+00, 0.00000e+00, 4.53000e-01,
        6.45600e+00, 6.78000e+01, 7.22550e+00, 8.00000e+00, 2.84000e+02,
        1.97000e+01, 3.96900e+02, 6.73000e+00],
       [2.86558e+01, 0.00000e+00, 1.81000e+01, 0.00000e+00, 5.97000e-01,
        5.15500e+00, 1.00000e+02, 1.58940e+00, 2.40000e+01, 6.66000e+02,
        2.02000e+01, 2.10970e+02, 2.00800e+01],
       [2.89600e-01, 0.00000e+00, 9.69000e+00, 0.00000e+00, 5.85000e-01,
        5.39000e+00, 7.29000e+01, 2.79860e+00, 6.00000e+00, 3.91000e+02,
        1.92000e+01, 3.96900e+02, 2.11400e+01],
       [1.15172e+00, 0.00000e+00, 8.14000e+00, 0.00000e+00, 5.38000e-01,
        5.70100e+00, 9.50000e+01, 3.78720e+00, 4.00000e+00, 3.07000e+02,
        2.10000e+01, 3.58770e+02, 1.83500e+01],
       [4.52700e-02, 0.00000e+00, 1.19300e+01, 0.00000e+00, 5.73000e-01,
        6.12000e+00, 7.67000e+01, 2.28750e+00, 1.00000e+00, 2.73000e+02,
        2.10000e+01, 3.96900e+02, 9.08000e+00],
       [2.59150e-01, 0.00000e+00, 2.18900e+01, 0.00000e+00, 6.24000e-01,
        5.69300e+00, 9.60000e+01, 1.78830e+00, 4.00000e+00, 4.37000e+02,
        2.12000e+01, 3.92110e+02, 1.71900e+01],
       [6.56650e-01, 2.00000e+01, 3.97000e+00, 0.00000e+00, 6.47000e-01,
        6.84200e+00, 1.00000e+02, 2.01070e+00, 5.00000e+00, 2.64000e+02,
        1.30000e+01, 3.91930e+02, 6.90000e+00],
       [1.15779e+01, 0.00000e+00, 1.81000e+01, 0.00000e+00, 7.00000e-01,
        5.03600e+00, 9.70000e+01, 1.77000e+00, 2.40000e+01, 6.66000e+02,
        2.02000e+01, 3.96900e+02, 2.56800e+01],
       [6.71910e-01, 0.00000e+00, 8.14000e+00, 0.00000e+00, 5.38000e-01,
        5.81300e+00, 9.03000e+01, 4.68200e+00, 4.00000e+00, 3.07000e+02,
        2.10000e+01, 3.76880e+02, 1.48100e+01],
       [1.49320e-01, 2.50000e+01, 5.13000e+00, 0.00000e+00, 4.53000e-01,
        5.74100e+00, 6.62000e+01, 7.22540e+00, 8.00000e+00, 2.84000e+02,
        1.97000e+01, 3.95110e+02, 1.31500e+01],
       [3.44500e-02, 8.25000e+01, 2.03000e+00, 0.00000e+00, 4.15000e-01,
        6.16200e+00, 3.84000e+01, 6.27000e+00, 2.00000e+00, 3.48000e+02,
        1.47000e+01, 3.93770e+02, 7.43000e+00],
       [6.39312e+00, 0.00000e+00, 1.81000e+01, 0.00000e+00, 5.84000e-01,
        6.16200e+00, 9.74000e+01, 2.20600e+00, 2.40000e+01, 6.66000e+02,
        2.02000e+01, 3.02760e+02, 2.41000e+01],
       [2.81838e+00, 0.00000e+00, 1.81000e+01, 0.00000e+00, 5.32000e-01,
        5.76200e+00, 4.03000e+01, 4.09830e+00, 2.40000e+01, 6.66000e+02,
        2.02000e+01, 3.92920e+02, 1.04200e+01],
       [2.92400e+00, 0.00000e+00, 1.95800e+01, 0.00000e+00, 6.05000e-01,
        6.10100e+00, 9.30000e+01, 2.28340e+00, 5.00000e+00, 4.03000e+02,
        1.47000e+01, 2.40160e+02, 9.81000e+00],
       [1.52880e+01, 0.00000e+00, 1.81000e+01, 0.00000e+00, 6.71000e-01,
        6.64900e+00, 9.33000e+01, 1.34490e+00, 2.40000e+01, 6.66000e+02,
        2.02000e+01, 3.63020e+02, 2.32400e+01],
       [1.23247e+00, 0.00000e+00, 8.14000e+00, 0.00000e+00, 5.38000e-01,
        6.14200e+00, 9.17000e+01, 3.97690e+00, 4.00000e+00, 3.07000e+02,
        2.10000e+01, 3.96900e+02, 1.87200e+01],
       [4.01100e-02, 8.00000e+01, 1.52000e+00, 0.00000e+00, 4.04000e-01,
        7.28700e+00, 3.41000e+01, 7.30900e+00, 2.00000e+00, 3.29000e+02,
        1.26000e+01, 3.96900e+02, 4.08000e+00],
       [1.88110e+01, 0.00000e+00, 1.81000e+01, 0.00000e+00, 5.97000e-01,
        4.62800e+00, 1.00000e+02, 1.55390e+00, 2.40000e+01, 6.66000e+02,
        2.02000e+01, 2.87900e+01, 3.43700e+01],
       [2.24380e-01, 0.00000e+00, 9.69000e+00, 0.00000e+00, 5.85000e-01,
        6.02700e+00, 7.97000e+01, 2.49820e+00, 6.00000e+00, 3.91000e+02,
        1.92000e+01, 3.96900e+02, 1.43300e+01],
       [3.49400e-01, 0.00000e+00, 9.90000e+00, 0.00000e+00, 5.44000e-01,
        5.97200e+00, 7.67000e+01, 3.10250e+00, 4.00000e+00, 3.04000e+02,
        1.84000e+01, 3.96240e+02, 9.97000e+00],
       [1.14320e-01, 0.00000e+00, 8.56000e+00, 0.00000e+00, 5.20000e-01,
        6.78100e+00, 7.13000e+01, 2.85610e+00, 5.00000e+00, 3.84000e+02,
        2.09000e+01, 3.95580e+02, 7.67000e+00],
       [4.83567e+00, 0.00000e+00, 1.81000e+01, 0.00000e+00, 5.83000e-01,
        5.90500e+00, 5.32000e+01, 3.15230e+00, 2.40000e+01, 6.66000e+02,
        2.02000e+01, 3.88220e+02, 1.14500e+01],
       [9.23230e+00, 0.00000e+00, 1.81000e+01, 0.00000e+00, 6.31000e-01,
        6.21600e+00, 1.00000e+02, 1.16910e+00, 2.40000e+01, 6.66000e+02,
        2.02000e+01, 3.66150e+02, 9.53000e+00],
       [3.32105e+00, 0.00000e+00, 1.95800e+01, 1.00000e+00, 8.71000e-01,
        5.40300e+00, 1.00000e+02, 1.32160e+00, 5.00000e+00, 4.03000e+02,
        1.47000e+01, 3.96900e+02, 2.68200e+01],
       [9.51200e-02, 0.00000e+00, 1.28300e+01, 0.00000e+00, 4.37000e-01,
        6.28600e+00, 4.50000e+01, 4.50260e+00, 5.00000e+00, 3.98000e+02,
        1.87000e+01, 3.83230e+02, 8.94000e+00],
       [3.53501e+00, 0.00000e+00, 1.95800e+01, 1.00000e+00, 8.71000e-01,
        6.15200e+00, 8.26000e+01, 1.74550e+00, 5.00000e+00, 4.03000e+02,
        1.47000e+01, 8.80100e+01, 1.50200e+01],
       [8.64476e+00, 0.00000e+00, 1.81000e+01, 0.00000e+00, 6.93000e-01,
        6.19300e+00, 9.26000e+01, 1.79120e+00, 2.40000e+01, 6.66000e+02,
        2.02000e+01, 3.96900e+02, 1.51700e+01],
       [2.89900e-02, 4.00000e+01, 1.25000e+00, 0.00000e+00, 4.29000e-01,
        6.93900e+00, 3.45000e+01, 8.79210e+00, 1.00000e+00, 3.35000e+02,
        1.97000e+01, 3.89850e+02, 5.89000e+00],
       [1.50234e+01, 0.00000e+00, 1.81000e+01, 0.00000e+00, 6.14000e-01,
        5.30400e+00, 9.73000e+01, 2.10070e+00, 2.40000e+01, 6.66000e+02,
        2.02000e+01, 3.49480e+02, 2.49100e+01],
       [2.01019e+00, 0.00000e+00, 1.95800e+01, 0.00000e+00, 6.05000e-01,
        7.92900e+00, 9.62000e+01, 2.04590e+00, 5.00000e+00, 4.03000e+02,
        1.47000e+01, 3.69300e+02, 3.70000e+00],
       [3.76800e-02, 8.00000e+01, 1.52000e+00, 0.00000e+00, 4.04000e-01,
        7.27400e+00, 3.83000e+01, 7.30900e+00, 2.00000e+00, 3.29000e+02,
        1.26000e+01, 3.92200e+02, 6.62000e+00],
       [3.31470e-01, 0.00000e+00, 6.20000e+00, 0.00000e+00, 5.07000e-01,
        8.24700e+00, 7.04000e+01, 3.65190e+00, 8.00000e+00, 3.07000e+02,
        1.74000e+01, 3.78950e+02, 3.95000e+00],
       [8.20058e+00, 0.00000e+00, 1.81000e+01, 0.00000e+00, 7.13000e-01,
        5.93600e+00, 8.03000e+01, 2.77920e+00, 2.40000e+01, 6.66000e+02,
        2.02000e+01, 3.50000e+00, 1.69400e+01],
       [7.40389e+00, 0.00000e+00, 1.81000e+01, 0.00000e+00, 5.97000e-01,
        5.61700e+00, 9.79000e+01, 1.45470e+00, 2.40000e+01, 6.66000e+02,
        2.02000e+01, 3.14640e+02, 2.64000e+01],
       [4.81213e+00, 0.00000e+00, 1.81000e+01, 0.00000e+00, 7.13000e-01,
        6.70100e+00, 9.00000e+01, 2.59750e+00, 2.40000e+01, 6.66000e+02,
        2.02000e+01, 2.55230e+02, 1.64200e+01],
       [5.37000e-01, 0.00000e+00, 6.20000e+00, 0.00000e+00, 5.04000e-01,
        5.98100e+00, 6.81000e+01, 3.67150e+00, 8.00000e+00, 3.07000e+02,
        1.74000e+01, 3.78350e+02, 1.16500e+01],
       [2.00849e+01, 0.00000e+00, 1.81000e+01, 0.00000e+00, 7.00000e-01,
        4.36800e+00, 9.12000e+01, 1.43950e+00, 2.40000e+01, 6.66000e+02,
        2.02000e+01, 2.85830e+02, 3.06300e+01]]), 'x_train': array([[6.3200e-03, 1.8000e+01, 2.3100e+00, ..., 1.5300e+01, 3.9690e+02,
        4.9800e+00],
       [2.7290e-02, 0.0000e+00, 7.0700e+00, ..., 1.7800e+01, 3.9283e+02,
        4.0300e+00],
       [3.2370e-02, 0.0000e+00, 2.1800e+00, ..., 1.8700e+01, 3.9463e+02,
        2.9400e+00],
       ...,
       [6.0760e-02, 0.0000e+00, 1.1930e+01, ..., 2.1000e+01, 3.9690e+02,
        5.6400e+00],
       [1.0959e-01, 0.0000e+00, 1.1930e+01, ..., 2.1000e+01, 3.9345e+02,
        6.4800e+00],
       [4.7410e-02, 0.0000e+00, 1.1930e+01, ..., 2.1000e+01, 3.9690e+02,
        7.8800e+00]])}
INFO - BNN_UCI - Completed after 0:03:27
