INFO - BNN_UCI - Running command 'fit_bnn'
INFO - BNN_UCI - Started run with ID "442"
/home/freidanm/repos/pytorch_experiments/experiments_env/src/pysgmcmc/pysgmcmc/data/datasets.py:14: FutureWarning: Method .as_matrix will be removed in a future version. Use .values instead.
  x_train = train_data.as_matrix(feature_columns)
/home/freidanm/repos/pytorch_experiments/experiments_env/src/pysgmcmc/pysgmcmc/data/datasets.py:15: FutureWarning: Method .as_matrix will be removed in a future version. Use .values instead.
  y_train = train_data[label_column].as_matrix()
/home/freidanm/repos/pytorch_experiments/experiments_env/src/pysgmcmc/pysgmcmc/data/datasets.py:17: FutureWarning: Method .as_matrix will be removed in a future version. Use .values instead.
  x_test = test_data.as_matrix(feature_columns)
/home/freidanm/repos/pytorch_experiments/experiments_env/src/pysgmcmc/pysgmcmc/data/datasets.py:18: FutureWarning: Method .as_matrix will be removed in a future version. Use .values instead.
  y_test = test_data[label_column].as_matrix()
INFO - root - Performing 15000 iterations
INFO - BNN_UCI - Result: {'y_test': array([28.7, 20.1,  8.8, 13.8, 24.1, 16. , 50. , 33.3, 18.8, 23.2, 29. ,
       21.8, 19.4, 21.9, 31.6, 10.2, 21.7, 24.1, 19.6, 11.5, 17.2, 25.1,
       24.8,  8.3, 22.6, 23.3, 19.8, 13.4, 17.2, 23.7, 50. , 33.8, 15.3,
       22. , 23.8, 19.2, 24.6, 22. , 24.7, 50. , 18. , 21.2, 20.4, 20.2,
       22.2, 10.5, 17.2, 22.9, 14.4, 35.2, 17.4]), 'x_test': array([[5.30200e-02, 0.00000e+00, 3.41000e+00, 0.00000e+00, 4.89000e-01,
        7.07900e+00, 6.31000e+01, 3.41450e+00, 2.00000e+00, 2.70000e+02,
        1.78000e+01, 3.96060e+02, 5.70000e+00],
       [1.39600e-01, 0.00000e+00, 8.56000e+00, 0.00000e+00, 5.20000e-01,
        6.16700e+00, 9.00000e+01, 2.42100e+00, 5.00000e+00, 3.84000e+02,
        2.09000e+01, 3.92690e+02, 1.23300e+01],
       [2.00849e+01, 0.00000e+00, 1.81000e+01, 0.00000e+00, 7.00000e-01,
        4.36800e+00, 9.12000e+01, 1.43950e+00, 2.40000e+01, 6.66000e+02,
        2.02000e+01, 2.85830e+02, 3.06300e+01],
       [8.64476e+00, 0.00000e+00, 1.81000e+01, 0.00000e+00, 6.93000e-01,
        6.19300e+00, 9.26000e+01, 1.79120e+00, 2.40000e+01, 6.66000e+02,
        2.02000e+01, 3.96900e+02, 1.51700e+01],
       [3.44500e-02, 8.25000e+01, 2.03000e+00, 0.00000e+00, 4.15000e-01,
        6.16200e+00, 3.84000e+01, 6.27000e+00, 2.00000e+00, 3.48000e+02,
        1.47000e+01, 3.93770e+02, 7.43000e+00],
       [1.71710e-01, 2.50000e+01, 5.13000e+00, 0.00000e+00, 4.53000e-01,
        5.96600e+00, 9.34000e+01, 6.81850e+00, 8.00000e+00, 2.84000e+02,
        1.97000e+01, 3.78080e+02, 1.44400e+01],
       [1.83377e+00, 0.00000e+00, 1.95800e+01, 1.00000e+00, 6.05000e-01,
        7.80200e+00, 9.82000e+01, 2.04070e+00, 5.00000e+00, 4.03000e+02,
        1.47000e+01, 3.89610e+02, 1.92000e+00],
       [4.01100e-02, 8.00000e+01, 1.52000e+00, 0.00000e+00, 4.04000e-01,
        7.28700e+00, 3.41000e+01, 7.30900e+00, 2.00000e+00, 3.29000e+02,
        1.26000e+01, 3.96900e+02, 4.08000e+00],
       [9.84900e-02, 0.00000e+00, 2.56500e+01, 0.00000e+00, 5.81000e-01,
        5.87900e+00, 9.58000e+01, 2.00630e+00, 2.00000e+00, 1.88000e+02,
        1.91000e+01, 3.79380e+02, 1.75800e+01],
       [3.56868e+00, 0.00000e+00, 1.81000e+01, 0.00000e+00, 5.80000e-01,
        6.43700e+00, 7.50000e+01, 2.89650e+00, 2.40000e+01, 6.66000e+02,
        2.02000e+01, 3.93370e+02, 1.43600e+01],
       [4.47910e-01, 0.00000e+00, 6.20000e+00, 1.00000e+00, 5.07000e-01,
        6.72600e+00, 6.65000e+01, 3.65190e+00, 8.00000e+00, 3.07000e+02,
        1.74000e+01, 3.60200e+02, 8.05000e+00],
       [1.73310e-01, 0.00000e+00, 9.69000e+00, 0.00000e+00, 5.85000e-01,
        5.70700e+00, 5.40000e+01, 2.38170e+00, 6.00000e+00, 3.91000e+02,
        1.92000e+01, 3.96900e+02, 1.20100e+01],
       [2.63630e-01, 0.00000e+00, 8.56000e+00, 0.00000e+00, 5.20000e-01,
        6.22900e+00, 9.12000e+01, 2.54510e+00, 5.00000e+00, 3.84000e+02,
        2.09000e+01, 3.91230e+02, 1.55500e+01],
       [3.69695e+00, 0.00000e+00, 1.81000e+01, 0.00000e+00, 7.18000e-01,
        4.96300e+00, 9.14000e+01, 1.75230e+00, 2.40000e+01, 6.66000e+02,
        2.02000e+01, 3.16030e+02, 1.40000e+01],
       [4.12380e-01, 0.00000e+00, 6.20000e+00, 0.00000e+00, 5.04000e-01,
        7.16300e+00, 7.99000e+01, 3.21570e+00, 8.00000e+00, 3.07000e+02,
        1.74000e+01, 3.72080e+02, 6.36000e+00],
       [1.78667e+01, 0.00000e+00, 1.81000e+01, 0.00000e+00, 6.71000e-01,
        6.22300e+00, 1.00000e+02, 1.38610e+00, 2.40000e+01, 6.66000e+02,
        2.02000e+01, 3.93740e+02, 2.17800e+01],
       [3.84970e+00, 0.00000e+00, 1.81000e+01, 1.00000e+00, 7.70000e-01,
        6.39500e+00, 9.10000e+01, 2.50520e+00, 2.40000e+01, 6.66000e+02,
        2.02000e+01, 3.91340e+02, 1.32700e+01],
       [7.95000e-02, 6.00000e+01, 1.69000e+00, 0.00000e+00, 4.11000e-01,
        6.57900e+00, 3.59000e+01, 1.07103e+01, 4.00000e+00, 4.11000e+02,
        1.83000e+01, 3.70780e+02, 5.49000e+00],
       [8.52040e-01, 0.00000e+00, 8.14000e+00, 0.00000e+00, 5.38000e-01,
        5.96500e+00, 8.92000e+01, 4.01230e+00, 4.00000e+00, 3.07000e+02,
        2.10000e+01, 3.92530e+02, 1.38300e+01],
       [8.15174e+00, 0.00000e+00, 1.81000e+01, 0.00000e+00, 7.00000e-01,
        5.39000e+00, 9.89000e+01, 1.72810e+00, 2.40000e+01, 6.66000e+02,
        2.02000e+01, 3.96900e+02, 2.08500e+01],
       [7.40389e+00, 0.00000e+00, 1.81000e+01, 0.00000e+00, 5.97000e-01,
        5.61700e+00, 9.79000e+01, 1.45470e+00, 2.40000e+01, 6.66000e+02,
        2.02000e+01, 3.14640e+02, 2.64000e+01],
       [5.20580e-01, 0.00000e+00, 6.20000e+00, 1.00000e+00, 5.07000e-01,
        6.63100e+00, 7.65000e+01, 4.14800e+00, 8.00000e+00, 3.07000e+02,
        1.74000e+01, 3.88450e+02, 9.54000e+00],
       [4.41700e-02, 7.00000e+01, 2.24000e+00, 0.00000e+00, 4.00000e-01,
        6.87100e+00, 4.74000e+01, 7.82780e+00, 5.00000e+00, 3.58000e+02,
        1.48000e+01, 3.90860e+02, 6.07000e+00],
       [1.58603e+01, 0.00000e+00, 1.81000e+01, 0.00000e+00, 6.79000e-01,
        5.89600e+00, 9.54000e+01, 1.90960e+00, 2.40000e+01, 6.66000e+02,
        2.02000e+01, 7.68000e+00, 2.43900e+01],
       [1.36420e-01, 0.00000e+00, 1.05900e+01, 0.00000e+00, 4.89000e-01,
        5.89100e+00, 2.23000e+01, 3.94540e+00, 4.00000e+00, 2.77000e+02,
        1.86000e+01, 3.96900e+02, 1.08700e+01],
       [1.54450e-01, 2.50000e+01, 5.13000e+00, 0.00000e+00, 4.53000e-01,
        6.14500e+00, 2.92000e+01, 7.81480e+00, 8.00000e+00, 2.84000e+02,
        1.97000e+01, 3.90680e+02, 6.86000e+00],
       [1.28020e-01, 0.00000e+00, 8.56000e+00, 0.00000e+00, 5.20000e-01,
        6.47400e+00, 9.71000e+01, 2.43290e+00, 5.00000e+00, 3.84000e+02,
        2.09000e+01, 3.95240e+02, 1.22700e+01],
       [6.71772e+00, 0.00000e+00, 1.81000e+01, 0.00000e+00, 7.13000e-01,
        6.74900e+00, 9.26000e+01, 2.32360e+00, 2.40000e+01, 6.66000e+02,
        2.02000e+01, 3.20000e-01, 1.74400e+01],
       [6.16200e-02, 0.00000e+00, 4.39000e+00, 0.00000e+00, 4.42000e-01,
        5.89800e+00, 5.23000e+01, 8.01360e+00, 3.00000e+00, 3.52000e+02,
        1.88000e+01, 3.64610e+02, 1.26700e+01],
       [1.27570e-01, 3.00000e+01, 4.93000e+00, 0.00000e+00, 4.28000e-01,
        6.39300e+00, 7.80000e+00, 7.03550e+00, 6.00000e+00, 3.00000e+02,
        1.66000e+01, 3.74710e+02, 5.19000e+00],
       [5.66998e+00, 0.00000e+00, 1.81000e+01, 1.00000e+00, 6.31000e-01,
        6.68300e+00, 9.68000e+01, 1.35670e+00, 2.40000e+01, 6.66000e+02,
        2.02000e+01, 3.75330e+02, 3.73000e+00],
       [5.40110e-01, 2.00000e+01, 3.97000e+00, 0.00000e+00, 6.47000e-01,
        7.20300e+00, 8.18000e+01, 2.11210e+00, 5.00000e+00, 2.64000e+02,
        1.30000e+01, 3.92800e+02, 9.59000e+00],
       [1.12658e+00, 0.00000e+00, 1.95800e+01, 1.00000e+00, 8.71000e-01,
        5.01200e+00, 8.80000e+01, 1.61020e+00, 5.00000e+00, 4.03000e+02,
        1.47000e+01, 3.43280e+02, 1.21200e+01],
       [6.89900e-02, 0.00000e+00, 2.56500e+01, 0.00000e+00, 5.81000e-01,
        5.87000e+00, 6.97000e+01, 2.25770e+00, 2.00000e+00, 1.88000e+02,
        1.91000e+01, 3.89150e+02, 1.43700e+01],
       [2.30040e+00, 0.00000e+00, 1.95800e+01, 0.00000e+00, 6.05000e-01,
        6.31900e+00, 9.61000e+01, 2.10000e+00, 5.00000e+00, 4.03000e+02,
        1.47000e+01, 2.97090e+02, 1.11000e+01],
       [3.40060e-01, 0.00000e+00, 2.18900e+01, 0.00000e+00, 6.24000e-01,
        6.45800e+00, 9.89000e+01, 2.11850e+00, 4.00000e+00, 4.37000e+02,
        2.12000e+01, 3.95040e+02, 1.26000e+01],
       [5.42500e-02, 0.00000e+00, 4.05000e+00, 0.00000e+00, 5.10000e-01,
        6.31500e+00, 7.34000e+01, 3.31750e+00, 5.00000e+00, 2.96000e+02,
        1.66000e+01, 3.95600e+02, 6.29000e+00],
       [1.09600e-02, 5.50000e+01, 2.25000e+00, 0.00000e+00, 3.89000e-01,
        6.45300e+00, 3.19000e+01, 7.30730e+00, 1.00000e+00, 3.00000e+02,
        1.53000e+01, 3.94720e+02, 8.23000e+00],
       [2.05500e-02, 8.50000e+01, 7.40000e-01, 0.00000e+00, 4.10000e-01,
        6.38300e+00, 3.57000e+01, 9.18760e+00, 2.00000e+00, 3.13000e+02,
        1.73000e+01, 3.96900e+02, 5.77000e+00],
       [5.78340e-01, 2.00000e+01, 3.97000e+00, 0.00000e+00, 5.75000e-01,
        8.29700e+00, 6.70000e+01, 2.42160e+00, 5.00000e+00, 2.64000e+02,
        1.30000e+01, 3.84540e+02, 7.44000e+00],
       [3.25430e-01, 0.00000e+00, 2.18900e+01, 0.00000e+00, 6.24000e-01,
        6.43100e+00, 9.88000e+01, 1.81250e+00, 4.00000e+00, 4.37000e+02,
        2.12000e+01, 3.96900e+02, 1.53900e+01],
       [1.31580e-01, 0.00000e+00, 1.00100e+01, 0.00000e+00, 5.47000e-01,
        6.17600e+00, 7.25000e+01, 2.73010e+00, 6.00000e+00, 4.32000e+02,
        1.78000e+01, 3.93300e+02, 1.20400e+01],
       [3.51140e-01, 0.00000e+00, 7.38000e+00, 0.00000e+00, 4.93000e-01,
        6.04100e+00, 4.99000e+01, 4.72110e+00, 5.00000e+00, 2.87000e+02,
        1.96000e+01, 3.96900e+02, 7.70000e+00],
       [5.82115e+00, 0.00000e+00, 1.81000e+01, 0.00000e+00, 7.13000e-01,
        6.51300e+00, 8.99000e+01, 2.80160e+00, 2.40000e+01, 6.66000e+02,
        2.02000e+01, 3.93820e+02, 1.02900e+01],
       [1.10270e-01, 2.50000e+01, 5.13000e+00, 0.00000e+00, 4.53000e-01,
        6.45600e+00, 6.78000e+01, 7.22550e+00, 8.00000e+00, 2.84000e+02,
        1.97000e+01, 3.96900e+02, 6.73000e+00],
       [2.20511e+01, 0.00000e+00, 1.81000e+01, 0.00000e+00, 7.40000e-01,
        5.81800e+00, 9.24000e+01, 1.86620e+00, 2.40000e+01, 6.66000e+02,
        2.02000e+01, 3.91450e+02, 2.21100e+01],
       [1.40507e+01, 0.00000e+00, 1.81000e+01, 0.00000e+00, 5.97000e-01,
        6.65700e+00, 1.00000e+02, 1.52750e+00, 2.40000e+01, 6.66000e+02,
        2.02000e+01, 3.50500e+01, 2.12200e+01],
       [8.82900e-02, 1.25000e+01, 7.87000e+00, 0.00000e+00, 5.24000e-01,
        6.01200e+00, 6.66000e+01, 5.56050e+00, 5.00000e+00, 3.11000e+02,
        1.52000e+01, 3.95600e+02, 1.24300e+01],
       [1.62864e+00, 0.00000e+00, 2.18900e+01, 0.00000e+00, 6.24000e-01,
        5.01900e+00, 1.00000e+02, 1.43940e+00, 4.00000e+00, 4.37000e+02,
        2.12000e+01, 3.96900e+02, 3.44100e+01],
       [2.21880e-01, 2.00000e+01, 6.96000e+00, 1.00000e+00, 4.64000e-01,
        7.69100e+00, 5.18000e+01, 4.36650e+00, 3.00000e+00, 2.23000e+02,
        1.86000e+01, 3.90770e+02, 6.58000e+00],
       [1.20742e+00, 0.00000e+00, 1.95800e+01, 0.00000e+00, 6.05000e-01,
        5.87500e+00, 9.46000e+01, 2.42590e+00, 5.00000e+00, 4.03000e+02,
        1.47000e+01, 2.92290e+02, 1.44300e+01]]), 'y_train': array([24. , 21.6, 34.7, 33.4, 36.2, 28.7, 27.1, 16.5, 18.9, 15. , 18.9,
       21.7, 20.4, 18.2, 19.9, 23.1, 17.5, 20.2, 18.2, 13.6, 15.2, 14.5,
       15.6, 13.9, 16.6, 14.8, 18.4, 21. , 12.7, 14.5, 13.2, 13.1, 13.5,
       18.9, 20. , 21. , 24.7, 30.8, 34.9, 26.6, 25.3, 24.7, 21.2, 19.3,
       20. , 16.6, 14.4, 19.4, 19.7, 20.5, 25. , 23.4, 18.9, 35.4, 31.6,
       19.6, 18.7, 25. , 33. , 23.5, 19.4, 22. , 17.4, 20.9, 24.2, 21.7,
       22.8, 23.4, 24.1, 21.4, 20. , 20.8, 21.2, 20.3, 28. , 23.9, 24.8,
       22.9, 23.9, 26.6, 22.5, 22.2, 23.6, 22.6, 22. , 22.9, 25. , 20.6,
       28.4, 21.4, 38.7, 43.8, 33.2, 27.5, 26.5, 18.6, 19.3, 19.5, 19.5,
       20.4, 21.7, 22.8, 18.8, 18.7, 18.5, 18.3, 19.2, 20.4, 19.3, 20.3,
       20.5, 17.3, 21.4, 15.7, 16.2, 14.3, 19.6, 23. , 18.4, 15.6, 18.1,
       17.4, 17.1, 13.3, 17.8, 14. , 13.4, 15.6, 11.8, 13.8, 15.6, 14.6,
       17.8, 15.4, 21.5, 19.6, 19.4, 17. , 15.6, 13.1, 41.3, 24.3, 23.3,
       27. , 50. , 50. , 22.7, 25. , 50. , 23.8, 22.3, 19.1, 23.1, 23.6,
       22.6, 29.4, 23.2, 29.9, 37.2, 39.8, 36.2, 37.9, 32.5, 26.4, 29.6,
       50. , 32. , 29.8, 34.9, 37. , 30.5, 36.4, 31.1, 29.1, 50. , 30.3,
       34.6, 34.9, 32.9, 42.3, 48.5, 50. , 24.4, 22.5, 24.4, 20. , 21.7,
       19.3, 22.4, 28.1, 23.7, 25. , 23.3, 28.7, 21.5, 23. , 26.7, 21.7,
       27.5, 30.1, 44.8, 50. , 37.6, 46.7, 31.5, 24.3, 31.7, 41.7, 48.3,
       24. , 31.5, 23.7, 23.3, 22. , 20.1, 22.2, 17.6, 18.5, 24.3, 20.5,
       24.5, 26.2, 24.4, 24.8, 29.6, 42.8, 21.9, 20.9, 44. , 50. , 36. ,
       30.1, 43.1, 48.8, 31. , 36.5, 22.8, 30.7, 43.5, 20.7, 21.1, 25.2,
       24.4, 32.4, 32. , 33.2, 33.1, 29.1, 35.1, 45.4, 35.4, 46. , 50. ,
       32.2, 20.1, 23.2, 22.3, 24.8, 28.5, 37.3, 27.9, 23.9, 21.7, 28.6,
       27.1, 20.3, 22.5, 29. , 22. , 26.4, 33.1, 36.1, 28.4, 33.4, 28.2,
       22.8, 20.3, 16.1, 22.1, 19.4, 21.6, 23.8, 16.2, 17.8, 19.8, 23.1,
       21. , 23.8, 23.1, 18.5, 25. , 24.6, 23. , 22.2, 19.3, 22.6, 19.8,
       17.1, 19.4, 22.2, 20.7, 21.1, 19.5, 18.5, 20.6, 19. , 18.7, 32.7,
       16.5, 23.9, 31.2, 17.5, 23.1, 24.5, 26.6, 22.9, 18.6, 30.1, 18.2,
       20.6, 17.8, 22.7, 22.6, 25. , 19.9, 20.8, 16.8, 21.9, 27.5, 23.1,
       50. , 50. , 50. , 50. , 13.8, 13.8, 15. , 13.9, 13.3, 13.1, 10.4,
       10.9, 11.3, 12.3,  7.2, 10.5,  7.4, 10.2, 15.1, 23.2,  9.7, 12.7,
       13.1, 12.5,  8.5,  5. ,  6.3,  5.6,  7.2, 12.1,  8.3,  8.5,  5. ,
       11.9, 27.9, 27.5, 15. , 17.9, 16.3,  7. ,  7.2,  7.5, 10.4,  8.8,
        8.4, 16.7, 14.2, 20.8, 13.4, 11.7, 10.2, 10.9, 11. ,  9.5, 14.5,
       14.1, 16.1, 14.3, 11.7, 13.4,  9.6,  8.7,  8.4, 12.8, 17.1, 18.4,
       15.4, 10.8, 11.8, 14.9, 12.6, 14.1, 13. , 15.2, 16.1, 17.8, 14.9,
       14.1, 12.7, 13.5, 14.9, 20. , 16.4, 17.7, 19.5, 21.4, 19.9, 19. ,
       19.1, 19.1, 20.1, 19.9, 19.6, 29.8, 13.8, 13.3, 16.7, 12. , 14.6,
       21.4, 23. , 23.7, 25. , 21.8, 20.6, 21.2, 19.1, 20.6, 15.2,  7. ,
        8.1, 13.6, 20.1, 24.5, 23.1, 19.7, 18.3, 21.2, 17.5, 16.8, 22.4,
       20.6, 23.9, 22. , 11.9]), 'x_train': array([[6.3200e-03, 1.8000e+01, 2.3100e+00, ..., 1.5300e+01, 3.9690e+02,
        4.9800e+00],
       [2.7310e-02, 0.0000e+00, 7.0700e+00, ..., 1.7800e+01, 3.9690e+02,
        9.1400e+00],
       [2.7290e-02, 0.0000e+00, 7.0700e+00, ..., 1.7800e+01, 3.9283e+02,
        4.0300e+00],
       ...,
       [6.0760e-02, 0.0000e+00, 1.1930e+01, ..., 2.1000e+01, 3.9690e+02,
        5.6400e+00],
       [1.0959e-01, 0.0000e+00, 1.1930e+01, ..., 2.1000e+01, 3.9345e+02,
        6.4800e+00],
       [4.7410e-02, 0.0000e+00, 1.1930e+01, ..., 2.1000e+01, 3.9690e+02,
        7.8800e+00]]), 'packages': [['atomicwrites', '1.1.5'], ['attrs', '18.1.0'], ['backcall', '0.1.0'], ['coverage', '4.5.1'], ['cycler', '0.10.0'], ['decorator', '4.3.0'], ['docopt', '0.6.2'], ['hashfs', '0.7.0'], ['hypothesis', '3.57.0'], ['ipykernel', '4.8.2'], ['ipython', '6.4.0'], ['ipython-genutils', '0.2.0'], ['jedi', '0.12.0'], ['jsonpickle', '0.9.6'], ['jsonschema', '2.6.0'], ['jupyter-client', '5.2.3'], ['jupyter-core', '4.4.0'], ['kiwisolver', '1.0.1'], ['Lasagne', '0.1'], ['matplotlib', '2.2.2'], ['more-itertools', '4.2.0'], ['mpmath', '1.0.0'], ['munch', '2.3.2'], ['nbformat', '4.4.0'], ['nbval', '0.9.1'], ['numpy', '1.14.3'], ['pandas', '0.23.0'], ['parso', '0.2.1'], ['pexpect', '4.6.0'], ['pickleshare', '0.7.4'], ['Pillow', '5.1.0'], ['pip', '10.0.1'], ['pkg-resources', '0.0.0'], ['pluggy', '0.6.0'], ['prompt-toolkit', '1.0.15'], ['ptyprocess', '0.5.2'], ['py', '1.5.3'], ['py-cpuinfo', '4.0.0'], ['Pygments', '2.2.0'], ['pymongo', '3.6.1'], ['pyparsing', '2.2.0'], ['pysgmcmc', '0.0.1'], ['pytest', '3.6.0'], ['python-dateutil', '2.7.3'], ['pytz', '2018.4'], ['pyzmq', '17.0.0'], ['sacred', '0.7.3'], ['scandir', '1.7'], ['scikit-learn', '0.19.1'], ['scipy', '1.1.0'], ['seaborn', '0.8.1'], ['setuptools', '39.2.0'], ['simplegeneric', '0.8.1'], ['six', '1.11.0'], ['SQLAlchemy', '1.2.8'], ['sympy', '1.1.1'], ['Theano', '0.8.0'], ['tinydb', '3.9.0.post1'], ['tinydb-serialization', '1.0.4'], ['torch', '0.4.0'], ['torchvision', '0.2.1'], ['tornado', '5.0.2'], ['tqdm', '4.23.4'], ['traitlets', '4.3.2'], ['wcwidth', '0.1.7'], ['wheel', '0.31.1'], ['wrapt', '1.10.11']], 'prediction_mean': array([29.076223 , 19.062592 , 11.176358 , 16.929144 , 20.968288 ,
       18.398144 , 48.077873 , 35.07778  , 19.932816 , 22.214909 ,
       31.258703 , 20.193626 , 19.36441  , 15.157673 , 31.06411  ,
        8.702549 , 19.768354 , 23.96064  , 16.781471 , 10.1933365,
       10.446629 , 26.16173  , 27.71856  ,  8.12679  , 26.39236  ,
       23.939348 , 20.45145  , 14.888168 , 17.045572 , 24.378372 ,
       51.32904  , 35.954773 , 16.328617 , 22.192896 , 22.548794 ,
       20.708231 , 25.51399  , 21.331186 , 21.365751 , 48.71432  ,
       17.79551  , 20.087318 , 20.852863 , 20.562056 , 25.765856 ,
        7.2523556, 11.412852 , 20.685757 , 14.35884  , 36.019035 ,
       19.916153 ], dtype=float32), 'prediction_std': array([1.3536266 , 1.1447632 , 1.8347203 , 1.4117169 , 1.2219981 ,
       1.1311322 , 1.302596  , 1.3990687 , 1.1268966 , 0.83836377,
       1.4558775 , 1.1854857 , 1.3348739 , 1.3198683 , 1.237396  ,
       1.6786133 , 1.1120062 , 1.4453809 , 1.1241949 , 1.5953658 ,
       2.0385642 , 0.8080062 , 1.3799745 , 1.0634193 , 1.0908959 ,
       0.7739473 , 1.4340717 , 0.943984  , 1.1890761 , 1.1588868 ,
       1.7085584 , 1.461022  , 0.7885333 , 1.2670556 , 0.87568605,
       1.0802722 , 1.0488583 , 1.0003641 , 1.2129465 , 1.5127237 ,
       1.1766628 , 0.89483476, 0.9195318 , 1.3143889 , 1.1368811 ,
       1.6674702 , 1.0376401 , 0.94296855, 1.4401022 , 2.0916874 ,
       0.9757711 ], dtype=float32)}
INFO - BNN_UCI - Completed after 0:12:00
