INFO - BNN_UCI - Running command 'fit_bnn'
INFO - BNN_UCI - Started run with ID "292"
/home/freidanm/repos/pytorch_experiments/experiments_env/src/pysgmcmc/pysgmcmc/data/datasets.py:14: FutureWarning: Method .as_matrix will be removed in a future version. Use .values instead.
  x_train = train_data.as_matrix(feature_columns)
/home/freidanm/repos/pytorch_experiments/experiments_env/src/pysgmcmc/pysgmcmc/data/datasets.py:15: FutureWarning: Method .as_matrix will be removed in a future version. Use .values instead.
  y_train = train_data[label_column].as_matrix()
/home/freidanm/repos/pytorch_experiments/experiments_env/src/pysgmcmc/pysgmcmc/data/datasets.py:17: FutureWarning: Method .as_matrix will be removed in a future version. Use .values instead.
  x_test = test_data.as_matrix(feature_columns)
/home/freidanm/repos/pytorch_experiments/experiments_env/src/pysgmcmc/pysgmcmc/data/datasets.py:18: FutureWarning: Method .as_matrix will be removed in a future version. Use .values instead.
  y_test = test_data[label_column].as_matrix()
INFO - root - Performing 15000 iterations
INFO - BNN_UCI - Result: {'y_train': array([24. , 21.6, 34.7, 33.4, 28.7, 22.9, 16.5, 18.9, 15. , 18.9, 21.7,
       20.4, 18.2, 19.9, 23.1, 17.5, 20.2, 18.2, 13.6, 19.6, 15.2, 14.5,
       15.6, 13.9, 16.6, 14.8, 18.4, 21. , 12.7, 14.5, 13.2, 13.1, 13.5,
       18.9, 20. , 21. , 30.8, 34.9, 26.6, 25.3, 24.7, 21.2, 19.3, 20. ,
       16.6, 14.4, 19.4, 19.7, 25. , 23.4, 18.9, 35.4, 24.7, 31.6, 23.3,
       19.6, 18.7, 16. , 22.2, 25. , 33. , 23.5, 19.4, 22. , 17.4, 20.9,
       24.2, 21.7, 22.8, 23.4, 24.1, 21.4, 20.8, 21.2, 28. , 23.9, 24.8,
       22.9, 23.9, 26.6, 22.5, 22.2, 23.6, 28.7, 22.6, 22. , 22.9, 25. ,
       20.6, 28.4, 21.4, 38.7, 43.8, 33.2, 27.5, 26.5, 18.6, 19.3, 20.1,
       19.5, 20.4, 19.8, 19.4, 21.7, 18.7, 18.5, 18.3, 21.2, 19.2, 20.4,
       19.3, 22. , 20.3, 20.5, 17.3, 21.4, 15.7, 16.2, 18. , 14.3, 19.2,
       19.6, 23. , 18.4, 15.6, 18.1, 17.4, 17.1, 13.3, 17.8, 14. , 14.4,
       13.4, 15.6, 11.8, 13.8, 15.6, 14.6, 17.8, 15.4, 21.5, 19.6, 15.3,
       19.4, 17. , 15.6, 13.1, 24.3, 23.3, 27. , 50. , 50. , 50. , 22.7,
       25. , 50. , 23.8, 22.3, 17.4, 19.1, 23.1, 23.6, 22.6, 29.4, 23.2,
       29.9, 39.8, 36.2, 37.9, 32.5, 26.4, 29.6, 50. , 32. , 29.8, 34.9,
       37. , 30.5, 36.4, 31.1, 29.1, 50. , 33.3, 30.3, 34.6, 24.1, 42.3,
       48.5, 22.6, 22.5, 20. , 21.7, 28.1, 23.7, 25. , 23.3, 28.7, 21.5,
       23. , 26.7, 21.7, 27.5, 30.1, 44.8, 50. , 37.6, 31.6, 46.7, 31.5,
       24.3, 31.7, 41.7, 48.3, 29. , 24. , 25.1, 31.5, 23.7, 23.3, 22. ,
       20.1, 22.2, 23.7, 17.6, 18.5, 24.3, 20.5, 24.5, 26.2, 24.4, 24.8,
       29.6, 42.8, 20.9, 44. , 50. , 36. , 30.1, 33.8, 43.1, 48.8, 31. ,
       36.5, 22.8, 30.7, 50. , 43.5, 20.7, 21.1, 25.2, 24.4, 35.2, 32.4,
       32. , 33.2, 29.1, 45.4, 35.4, 46. , 50. , 32.2, 20.1, 23.2, 22.3,
       24.8, 28.5, 37.3, 27.9, 23.9, 21.7, 28.6, 27.1, 20.3, 22.5, 29. ,
       24.8, 26.4, 33.1, 36.1, 28.4, 33.4, 28.2, 22.8, 20.3, 16.1, 22.1,
       19.4, 21.6, 16.2, 17.8, 19.8, 23.1, 21. , 23.1, 18.5, 25. , 24.6,
       22.2, 19.3, 22.6, 19.8, 17.1, 19.4, 22.2, 20.7, 21.1, 19.5, 18.5,
       20.6, 19. , 18.7, 32.7, 16.5, 23.9, 31.2, 17.2, 23.1, 24.5, 26.6,
       22.9, 24.1, 18.6, 30.1, 18.2, 20.6, 21.7, 22.7, 22.6, 25. , 19.9,
       21.9, 27.5, 23.1, 50. , 50. , 50. , 50. , 13.8, 15. , 13.9, 13.3,
       13.1, 10.2, 10.4, 12.3,  8.8,  7.2, 10.5,  7.4, 10.2, 11.5, 15.1,
       23.2,  9.7, 13.8, 12.7, 13.1, 12.5,  8.5,  5. ,  6.3,  5.6,  7.2,
        8.3,  8.5,  5. , 11.9, 27.9, 17.2, 27.5, 15. , 17.2, 17.9, 16.3,
       10.4,  8.8,  8.4, 16.7, 14.2, 20.8, 13.4, 11.7,  8.3, 10.2, 10.9,
       11. ,  9.5, 14.1, 16.1, 14.3, 11.7, 13.4,  9.6,  8.7,  8.4, 12.8,
       10.5, 17.1, 18.4, 15.4, 10.8, 11.8, 14.9, 12.6, 14.1, 13. , 13.4,
       15.2, 16.1, 17.8, 14.9, 14.1, 12.7, 13.5, 14.9, 20. , 17.7, 19.5,
       20.2, 21.4, 19.9, 19. , 19.1, 19.1, 20.1, 19.9, 19.6, 23.2, 13.8,
       14.6, 21.4, 23. , 23.7, 25. , 21.8, 20.6, 21.2, 19.1, 20.6, 15.2,
        7. ,  8.1, 13.6, 21.8, 24.5, 23.1, 19.7, 18.3, 17.5, 16.8, 22.4,
       20.6, 23.9, 22. , 11.9]), 'y_test': array([ 7. , 20.5, 37.2, 23.8, 20.3, 18.8, 22.4, 22. , 10.9, 50. , 32.9,
        7.5, 22.8, 13.3, 20.4, 20.1, 23.8, 12.1,  7.2, 19.3, 19.5, 16.8,
       11.3, 33.1, 41.3, 24.6, 17.8, 21.2, 50. , 36.2, 35.1, 18.8, 23. ,
       24.4, 23.8, 16.4, 34.9, 13.8, 21.9, 27.1, 22. , 14.5, 24.7, 20.8,
       17.5, 21.9, 12. , 20. , 24.4, 29.8, 16.7]), 'prediction_std': array([1.9329447 , 0.8449149 , 1.3017305 , 0.81621414, 0.9751038 ,
       1.0473529 , 0.99541605, 1.6404527 , 1.111714  , 0.87483555,
       1.8365386 , 1.0455889 , 0.9933571 , 1.6525779 , 0.9387746 ,
       1.1104064 , 1.080296  , 1.3969401 , 1.0712882 , 1.2490348 ,
       1.4711338 , 2.0289981 , 1.1906354 , 2.0928173 , 2.0558953 ,
       1.4632771 , 1.4798299 , 0.97138005, 1.7865337 , 1.2220956 ,
       1.4415122 , 1.5131856 , 0.8205992 , 0.77929616, 1.0103996 ,
       1.067883  , 1.8064377 , 0.8865981 , 2.5626438 , 0.8387882 ,
       1.5473903 , 0.82220536, 0.71138287, 2.9050322 , 0.9349865 ,
       1.1985475 , 0.8989138 , 1.006906  , 0.9026757 , 1.7358344 ,
       2.6645691 ], dtype=float32), 'prediction_mean': array([16.498363 , 21.495035 , 36.62213  , 23.90213  , 21.282497 ,
       18.972422 , 21.933731 , 22.324379 , 11.576097 , 49.74015  ,
       30.966478 , 10.708424 , 21.234104 , 17.46997  , 21.130552 ,
       20.465237 , 20.322308 , 12.119604 , 10.860148 , 22.0617   ,
       17.020832 , 19.822195 , 10.67813  , 30.298359 , 38.614418 ,
       22.666218 , 18.601019 , 20.764605 , 37.024677 , 32.909103 ,
       38.25405  , 19.760817 , 24.249943 , 23.542673 , 22.636078 ,
       17.11229  , 28.759016 , 10.467067 , 21.081781 , 17.655258 ,
       24.1992   , 14.3522215, 23.592813 , 23.398676 , 19.240309 ,
       21.72638  , 11.673491 , 20.863544 , 21.976337 , 21.529028 ,
       17.17064  ], dtype=float32), 'packages': [['atomicwrites', '1.1.5'], ['attrs', '18.1.0'], ['backcall', '0.1.0'], ['coverage', '4.5.1'], ['cycler', '0.10.0'], ['decorator', '4.3.0'], ['docopt', '0.6.2'], ['hashfs', '0.7.0'], ['hypothesis', '3.57.0'], ['ipykernel', '4.8.2'], ['ipython', '6.4.0'], ['ipython-genutils', '0.2.0'], ['jedi', '0.12.0'], ['jsonpickle', '0.9.6'], ['jsonschema', '2.6.0'], ['jupyter-client', '5.2.3'], ['jupyter-core', '4.4.0'], ['kiwisolver', '1.0.1'], ['Lasagne', '0.1'], ['matplotlib', '2.2.2'], ['more-itertools', '4.2.0'], ['mpmath', '1.0.0'], ['munch', '2.3.2'], ['nbformat', '4.4.0'], ['nbval', '0.9.1'], ['numpy', '1.14.3'], ['pandas', '0.23.0'], ['parso', '0.2.1'], ['pexpect', '4.6.0'], ['pickleshare', '0.7.4'], ['Pillow', '5.1.0'], ['pip', '10.0.1'], ['pkg-resources', '0.0.0'], ['pluggy', '0.6.0'], ['prompt-toolkit', '1.0.15'], ['ptyprocess', '0.5.2'], ['py', '1.5.3'], ['py-cpuinfo', '4.0.0'], ['Pygments', '2.2.0'], ['pymongo', '3.6.1'], ['pyparsing', '2.2.0'], ['pysgmcmc', '0.0.1'], ['pytest', '3.6.0'], ['python-dateutil', '2.7.3'], ['pytz', '2018.4'], ['pyzmq', '17.0.0'], ['sacred', '0.7.3'], ['scandir', '1.7'], ['scikit-learn', '0.19.1'], ['scipy', '1.1.0'], ['seaborn', '0.8.1'], ['setuptools', '39.2.0'], ['simplegeneric', '0.8.1'], ['six', '1.11.0'], ['SQLAlchemy', '1.2.8'], ['sympy', '1.1.1'], ['Theano', '0.8.0'], ['tinydb', '3.9.0.post1'], ['tinydb-serialization', '1.0.4'], ['torch', '0.4.0'], ['torchvision', '0.2.1'], ['tornado', '5.0.2'], ['tqdm', '4.23.4'], ['traitlets', '4.3.2'], ['wcwidth', '0.1.7'], ['wheel', '0.31.1'], ['wrapt', '1.10.11']], 'x_test': array([[4.57461e+01, 0.00000e+00, 1.81000e+01, 0.00000e+00, 6.93000e-01,
        4.51900e+00, 1.00000e+02, 1.65820e+00, 2.40000e+01, 6.66000e+02,
        2.02000e+01, 8.82700e+01, 3.69800e+01],
       [4.33700e-02, 2.10000e+01, 5.64000e+00, 0.00000e+00, 4.39000e-01,
        6.11500e+00, 6.30000e+01, 6.81470e+00, 4.00000e+00, 2.43000e+02,
        1.68000e+01, 3.93970e+02, 9.43000e+00],
       [5.78000e-02, 0.00000e+00, 2.46000e+00, 0.00000e+00, 4.88000e-01,
        6.98000e+00, 5.84000e+01, 2.82900e+00, 3.00000e+00, 1.93000e+02,
        1.78000e+01, 3.96900e+02, 5.04000e+00],
       [1.67600e-01, 0.00000e+00, 7.38000e+00, 0.00000e+00, 4.93000e-01,
        6.42600e+00, 5.23000e+01, 4.54040e+00, 5.00000e+00, 2.87000e+02,
        1.96000e+01, 3.96900e+02, 7.20000e+00],
       [8.38700e-02, 0.00000e+00, 1.28300e+01, 0.00000e+00, 4.37000e-01,
        5.87400e+00, 3.66000e+01, 4.50260e+00, 5.00000e+00, 3.98000e+02,
        1.87000e+01, 3.96060e+02, 9.10000e+00],
       [1.23290e-01, 0.00000e+00, 1.00100e+01, 0.00000e+00, 5.47000e-01,
        5.91300e+00, 9.29000e+01, 2.35340e+00, 6.00000e+00, 4.32000e+02,
        1.78000e+01, 3.94950e+02, 1.62100e+01],
       [2.17190e-01, 0.00000e+00, 1.05900e+01, 1.00000e+00, 4.89000e-01,
        5.80700e+00, 5.38000e+01, 3.65260e+00, 4.00000e+00, 2.77000e+02,
        1.86000e+01, 3.90940e+02, 1.60300e+01],
       [1.09600e-02, 5.50000e+01, 2.25000e+00, 0.00000e+00, 3.89000e-01,
        6.45300e+00, 3.19000e+01, 7.30730e+00, 1.00000e+00, 3.00000e+02,
        1.53000e+01, 3.94720e+02, 8.23000e+00],
       [1.58744e+01, 0.00000e+00, 1.81000e+01, 0.00000e+00, 6.71000e-01,
        6.54500e+00, 9.91000e+01, 1.51920e+00, 2.40000e+01, 6.66000e+02,
        2.02000e+01, 3.96900e+02, 2.10800e+01],
       [2.00900e-02, 9.50000e+01, 2.68000e+00, 0.00000e+00, 4.16100e-01,
        8.03400e+00, 3.19000e+01, 5.11800e+00, 4.00000e+00, 2.24000e+02,
        1.47000e+01, 3.90550e+02, 2.88000e+00],
       [1.77800e-02, 9.50000e+01, 1.47000e+00, 0.00000e+00, 4.03000e-01,
        7.13500e+00, 1.39000e+01, 7.65340e+00, 3.00000e+00, 4.02000e+02,
        1.70000e+01, 3.84300e+02, 4.45000e+00],
       [1.08342e+01, 0.00000e+00, 1.81000e+01, 0.00000e+00, 6.79000e-01,
        6.78200e+00, 9.08000e+01, 1.81950e+00, 2.40000e+01, 6.66000e+02,
        2.02000e+01, 2.15700e+01, 2.57900e+01],
       [1.00840e-01, 0.00000e+00, 1.00100e+01, 0.00000e+00, 5.47000e-01,
        6.71500e+00, 8.16000e+01, 2.67750e+00, 6.00000e+00, 4.32000e+02,
        1.78000e+01, 3.95590e+02, 1.01600e+01],
       [6.39312e+00, 0.00000e+00, 1.81000e+01, 0.00000e+00, 5.84000e-01,
        6.16200e+00, 9.74000e+01, 2.20600e+00, 2.40000e+01, 6.66000e+02,
        2.02000e+01, 3.02760e+02, 2.41000e+01],
       [3.51140e-01, 0.00000e+00, 7.38000e+00, 0.00000e+00, 4.93000e-01,
        6.04100e+00, 4.99000e+01, 4.72110e+00, 5.00000e+00, 2.87000e+02,
        1.96000e+01, 3.96900e+02, 7.70000e+00],
       [1.11320e-01, 0.00000e+00, 2.77400e+01, 0.00000e+00, 6.09000e-01,
        5.98300e+00, 8.35000e+01, 2.10990e+00, 4.00000e+00, 7.11000e+02,
        2.01000e+01, 3.96900e+02, 1.33500e+01],
       [3.69200e-01, 0.00000e+00, 9.90000e+00, 0.00000e+00, 5.44000e-01,
        6.56700e+00, 8.73000e+01, 3.60230e+00, 4.00000e+00, 3.04000e+02,
        1.84000e+01, 3.95690e+02, 9.28000e+00],
       [9.59571e+00, 0.00000e+00, 1.81000e+01, 0.00000e+00, 6.93000e-01,
        6.40400e+00, 1.00000e+02, 1.63900e+00, 2.40000e+01, 6.66000e+02,
        2.02000e+01, 3.76110e+02, 2.03100e+01],
       [1.80846e+01, 0.00000e+00, 1.81000e+01, 0.00000e+00, 6.79000e-01,
        6.43400e+00, 1.00000e+02, 1.83470e+00, 2.40000e+01, 6.66000e+02,
        2.02000e+01, 2.72500e+01, 2.90500e+01],
       [3.75780e-01, 0.00000e+00, 1.05900e+01, 1.00000e+00, 4.89000e-01,
        5.40400e+00, 8.86000e+01, 3.66500e+00, 4.00000e+00, 2.77000e+02,
        1.86000e+01, 3.95240e+02, 2.39800e+01],
       [1.32620e-01, 0.00000e+00, 8.56000e+00, 0.00000e+00, 5.20000e-01,
        5.85100e+00, 9.67000e+01, 2.10690e+00, 5.00000e+00, 3.84000e+02,
        2.09000e+01, 3.94050e+02, 1.64700e+01],
       [4.22239e+00, 0.00000e+00, 1.81000e+01, 1.00000e+00, 7.70000e-01,
        5.80300e+00, 8.90000e+01, 1.90470e+00, 2.40000e+01, 6.66000e+02,
        2.02000e+01, 3.53040e+02, 1.46400e+01],
       [9.18702e+00, 0.00000e+00, 1.81000e+01, 0.00000e+00, 7.00000e-01,
        5.53600e+00, 1.00000e+02, 1.58040e+00, 2.40000e+01, 6.66000e+02,
        2.02000e+01, 3.96900e+02, 2.36000e+01],
       [6.12700e-02, 4.00000e+01, 6.41000e+00, 1.00000e+00, 4.47000e-01,
        6.82600e+00, 2.76000e+01, 4.86280e+00, 4.00000e+00, 2.54000e+02,
        1.76000e+01, 3.93450e+02, 4.16000e+00],
       [1.22358e+00, 0.00000e+00, 1.95800e+01, 0.00000e+00, 6.05000e-01,
        6.94300e+00, 9.74000e+01, 1.87730e+00, 5.00000e+00, 4.03000e+02,
        1.47000e+01, 3.63430e+02, 4.59000e+00],
       [5.42500e-02, 0.00000e+00, 4.05000e+00, 0.00000e+00, 5.10000e-01,
        6.31500e+00, 7.34000e+01, 3.31750e+00, 5.00000e+00, 2.96000e+02,
        1.66000e+01, 3.95600e+02, 6.29000e+00],
       [8.98296e+00, 0.00000e+00, 1.81000e+01, 1.00000e+00, 7.70000e-01,
        6.21200e+00, 9.74000e+01, 2.12220e+00, 2.40000e+01, 6.66000e+02,
        2.02000e+01, 3.77730e+02, 1.76000e+01],
       [2.39120e-01, 0.00000e+00, 9.69000e+00, 0.00000e+00, 5.85000e-01,
        6.01900e+00, 6.53000e+01, 2.40910e+00, 6.00000e+00, 3.91000e+02,
        1.92000e+01, 3.96900e+02, 1.29200e+01],
       [4.89822e+00, 0.00000e+00, 1.81000e+01, 0.00000e+00, 6.31000e-01,
        4.97000e+00, 1.00000e+02, 1.33250e+00, 2.40000e+01, 6.66000e+02,
        2.02000e+01, 3.75520e+02, 3.26000e+00],
       [6.90500e-02, 0.00000e+00, 2.18000e+00, 0.00000e+00, 4.58000e-01,
        7.14700e+00, 5.42000e+01, 6.06220e+00, 3.00000e+00, 2.22000e+02,
        1.87000e+01, 3.96900e+02, 5.33000e+00],
       [2.10380e-01, 2.00000e+01, 3.33000e+00, 0.00000e+00, 4.42900e-01,
        6.81200e+00, 3.22000e+01, 4.10070e+00, 5.00000e+00, 2.16000e+02,
        1.49000e+01, 3.96900e+02, 4.85000e+00],
       [9.84900e-02, 0.00000e+00, 2.56500e+01, 0.00000e+00, 5.81000e-01,
        5.87900e+00, 9.58000e+01, 2.00630e+00, 2.00000e+00, 1.88000e+02,
        1.91000e+01, 3.79380e+02, 1.75800e+01],
       [3.03470e-01, 0.00000e+00, 7.38000e+00, 0.00000e+00, 4.93000e-01,
        6.31200e+00, 2.89000e+01, 5.41590e+00, 5.00000e+00, 2.87000e+02,
        1.96000e+01, 3.96900e+02, 6.15000e+00],
       [2.29690e-01, 0.00000e+00, 1.05900e+01, 0.00000e+00, 4.89000e-01,
        6.32600e+00, 5.25000e+01, 4.35490e+00, 4.00000e+00, 2.77000e+02,
        1.86000e+01, 3.94870e+02, 1.09700e+01],
       [1.80028e+00, 0.00000e+00, 1.95800e+01, 0.00000e+00, 6.05000e-01,
        5.87700e+00, 7.92000e+01, 2.42590e+00, 5.00000e+00, 4.03000e+02,
        1.47000e+01, 2.27610e+02, 1.21400e+01],
       [4.81213e+00, 0.00000e+00, 1.81000e+01, 0.00000e+00, 7.13000e-01,
        6.70100e+00, 9.00000e+01, 2.59750e+00, 2.40000e+01, 6.66000e+02,
        2.02000e+01, 2.55230e+02, 1.64200e+01],
       [3.15000e-02, 9.50000e+01, 1.47000e+00, 0.00000e+00, 4.03000e-01,
        6.97500e+00, 1.53000e+01, 7.65340e+00, 3.00000e+00, 4.02000e+02,
        1.70000e+01, 3.96900e+02, 4.56000e+00],
       [1.11081e+01, 0.00000e+00, 1.81000e+01, 0.00000e+00, 6.68000e-01,
        4.90600e+00, 1.00000e+02, 1.17420e+00, 2.40000e+01, 6.66000e+02,
        2.02000e+01, 3.96900e+02, 3.47700e+01],
       [3.69695e+00, 0.00000e+00, 1.81000e+01, 0.00000e+00, 7.18000e-01,
        4.96300e+00, 9.14000e+01, 1.75230e+00, 2.40000e+01, 6.66000e+02,
        2.02000e+01, 3.16030e+02, 1.40000e+01],
       [1.44550e-01, 1.25000e+01, 7.87000e+00, 0.00000e+00, 5.24000e-01,
        6.17200e+00, 9.61000e+01, 5.95050e+00, 5.00000e+00, 3.11000e+02,
        1.52000e+01, 3.96900e+02, 1.91500e+01],
       [3.53700e-02, 3.40000e+01, 6.09000e+00, 0.00000e+00, 4.33000e-01,
        6.59000e+00, 4.04000e+01, 5.49170e+00, 7.00000e+00, 3.29000e+02,
        1.61000e+01, 3.95750e+02, 9.50000e+00],
       [8.49213e+00, 0.00000e+00, 1.81000e+01, 0.00000e+00, 5.84000e-01,
        6.34800e+00, 8.61000e+01, 2.05270e+00, 2.40000e+01, 6.66000e+02,
        2.02000e+01, 8.34500e+01, 1.76400e+01],
       [1.75050e-01, 0.00000e+00, 5.96000e+00, 0.00000e+00, 4.99000e-01,
        5.96600e+00, 3.02000e+01, 3.84730e+00, 5.00000e+00, 2.79000e+02,
        1.92000e+01, 3.93430e+02, 1.01300e+01],
       [3.67822e+00, 0.00000e+00, 1.81000e+01, 0.00000e+00, 7.70000e-01,
        5.36200e+00, 9.62000e+01, 2.10360e+00, 2.40000e+01, 6.66000e+02,
        2.02000e+01, 3.80790e+02, 1.01900e+01],
       [3.11300e-02, 0.00000e+00, 4.39000e+00, 0.00000e+00, 4.42000e-01,
        6.01400e+00, 4.85000e+01, 8.01360e+00, 3.00000e+00, 3.52000e+02,
        1.88000e+01, 3.85640e+02, 1.05300e+01],
       [4.81900e-02, 8.00000e+01, 3.64000e+00, 0.00000e+00, 3.92000e-01,
        6.10800e+00, 3.20000e+01, 9.22030e+00, 1.00000e+00, 3.15000e+02,
        1.64000e+01, 3.92890e+02, 6.57000e+00],
       [1.50234e+01, 0.00000e+00, 1.81000e+01, 0.00000e+00, 6.14000e-01,
        5.30400e+00, 9.73000e+01, 2.10070e+00, 2.40000e+01, 6.66000e+02,
        2.02000e+01, 3.49480e+02, 2.49100e+01],
       [1.01530e-01, 0.00000e+00, 1.28300e+01, 0.00000e+00, 4.37000e-01,
        6.27900e+00, 7.45000e+01, 4.05220e+00, 5.00000e+00, 3.98000e+02,
        1.87000e+01, 3.73660e+02, 1.19700e+01],
       [1.35870e-01, 0.00000e+00, 1.05900e+01, 1.00000e+00, 4.89000e-01,
        6.06400e+00, 5.91000e+01, 4.23920e+00, 4.00000e+00, 2.77000e+02,
        1.86000e+01, 3.81320e+02, 1.46600e+01],
       [4.64689e+00, 0.00000e+00, 1.81000e+01, 0.00000e+00, 6.14000e-01,
        6.98000e+00, 6.76000e+01, 2.53290e+00, 2.40000e+01, 6.66000e+02,
        2.02000e+01, 3.74680e+02, 1.16600e+01],
       [4.87141e+00, 0.00000e+00, 1.81000e+01, 0.00000e+00, 6.14000e-01,
        6.48400e+00, 9.36000e+01, 2.30530e+00, 2.40000e+01, 6.66000e+02,
        2.02000e+01, 3.96210e+02, 1.86800e+01]]), 'x_train': array([[6.3200e-03, 1.8000e+01, 2.3100e+00, ..., 1.5300e+01, 3.9690e+02,
        4.9800e+00],
       [2.7310e-02, 0.0000e+00, 7.0700e+00, ..., 1.7800e+01, 3.9690e+02,
        9.1400e+00],
       [2.7290e-02, 0.0000e+00, 7.0700e+00, ..., 1.7800e+01, 3.9283e+02,
        4.0300e+00],
       ...,
       [6.0760e-02, 0.0000e+00, 1.1930e+01, ..., 2.1000e+01, 3.9690e+02,
        5.6400e+00],
       [1.0959e-01, 0.0000e+00, 1.1930e+01, ..., 2.1000e+01, 3.9345e+02,
        6.4800e+00],
       [4.7410e-02, 0.0000e+00, 1.1930e+01, ..., 2.1000e+01, 3.9690e+02,
        7.8800e+00]])}
INFO - BNN_UCI - Completed after 0:03:20
