INFO - BNN_UCI - Running command 'fit_bnn'
INFO - BNN_UCI - Started run with ID "405"
/home/freidanm/repos/pytorch_experiments/experiments_env/src/pysgmcmc/pysgmcmc/data/datasets.py:14: FutureWarning: Method .as_matrix will be removed in a future version. Use .values instead.
  x_train = train_data.as_matrix(feature_columns)
/home/freidanm/repos/pytorch_experiments/experiments_env/src/pysgmcmc/pysgmcmc/data/datasets.py:15: FutureWarning: Method .as_matrix will be removed in a future version. Use .values instead.
  y_train = train_data[label_column].as_matrix()
/home/freidanm/repos/pytorch_experiments/experiments_env/src/pysgmcmc/pysgmcmc/data/datasets.py:17: FutureWarning: Method .as_matrix will be removed in a future version. Use .values instead.
  x_test = test_data.as_matrix(feature_columns)
/home/freidanm/repos/pytorch_experiments/experiments_env/src/pysgmcmc/pysgmcmc/data/datasets.py:18: FutureWarning: Method .as_matrix will be removed in a future version. Use .values instead.
  y_test = test_data[label_column].as_matrix()
INFO - root - Performing 15000 iterations
INFO - BNN_UCI - Result: {'x_train': array([[6.3200e-03, 1.8000e+01, 2.3100e+00, ..., 1.5300e+01, 3.9690e+02,
        4.9800e+00],
       [2.7310e-02, 0.0000e+00, 7.0700e+00, ..., 1.7800e+01, 3.9690e+02,
        9.1400e+00],
       [2.7290e-02, 0.0000e+00, 7.0700e+00, ..., 1.7800e+01, 3.9283e+02,
        4.0300e+00],
       ...,
       [6.2630e-02, 0.0000e+00, 1.1930e+01, ..., 2.1000e+01, 3.9199e+02,
        9.6700e+00],
       [4.5270e-02, 0.0000e+00, 1.1930e+01, ..., 2.1000e+01, 3.9690e+02,
        9.0800e+00],
       [6.0760e-02, 0.0000e+00, 1.1930e+01, ..., 2.1000e+01, 3.9690e+02,
        5.6400e+00]]), 'prediction_std': array([0.45762035, 0.89144593, 0.3616705 , 0.78996944, 0.25293845,
       0.7087236 , 0.76918656, 0.81550056, 0.5302672 , 0.36247098,
       0.8743054 , 0.7403887 , 0.6909003 , 0.8666036 , 0.7476888 ,
       1.2543948 , 0.47241423, 0.3520432 , 0.44524044, 0.4825864 ,
       0.8091588 , 0.7508039 , 0.2911474 , 0.7015925 , 0.9924367 ,
       1.6279914 , 0.4489071 , 0.4507297 , 0.77194995, 0.8490144 ,
       0.5370786 , 0.74078983, 0.5089784 , 0.57745504, 0.74538654,
       0.43236816, 0.5317819 , 0.4013938 , 0.46604905, 0.69089174,
       0.31834802, 0.860354  , 0.40881905, 0.4739939 , 0.608529  ,
       0.713844  , 0.52002966, 0.7225612 , 0.9415043 , 0.5643801 ,
       0.37839577], dtype=float32), 'y_train': array([24. , 21.6, 34.7, 33.4, 36.2, 28.7, 22.9, 27.1, 16.5, 18.9, 15. ,
       18.9, 21.7, 20.4, 18.2, 19.9, 23.1, 17.5, 20.2, 18.2, 13.6, 19.6,
       15.2, 14.5, 15.6, 13.9, 16.6, 14.8, 18.4, 21. , 12.7, 14.5, 13.2,
       13.1, 13.5, 18.9, 20. , 21. , 30.8, 34.9, 26.6, 25.3, 24.7, 21.2,
       19.3, 20. , 16.6, 14.4, 19.4, 19.7, 20.5, 25. , 23.4, 18.9, 24.7,
       31.6, 23.3, 19.6, 16. , 22.2, 25. , 33. , 23.5, 19.4, 22. , 17.4,
       20.9, 24.2, 21.7, 22.8, 23.4, 24.1, 21.4, 20. , 20.8, 21.2, 20.3,
       28. , 23.9, 24.8, 23.9, 26.6, 22.5, 22.2, 23.6, 28.7, 22.6, 22. ,
       22.9, 25. , 20.6, 28.4, 21.4, 38.7, 43.8, 26.5, 19.3, 20.1, 19.5,
       20.4, 19.4, 21.7, 18.8, 18.7, 18.5, 18.3, 21.2, 19.2, 20.4, 19.3,
       22. , 20.3, 20.5, 18.8, 21.4, 15.7, 16.2, 18. , 14.3, 19.2, 19.6,
       18.4, 15.6, 18.1, 17.4, 17.1, 13.3, 14. , 14.4, 13.4, 15.6, 11.8,
       13.8, 15.6, 14.6, 17.8, 15.4, 21.5, 19.6, 15.3, 19.4, 17. , 15.6,
       41.3, 24.3, 23.3, 27. , 50. , 50. , 50. , 22.7, 25. , 50. , 23.8,
       23.8, 22.3, 17.4, 19.1, 23.1, 23.6, 22.6, 29.4, 23.2, 24.6, 29.9,
       37.2, 39.8, 36.2, 32.5, 26.4, 29.6, 50. , 32. , 29.8, 34.9, 37. ,
       30.5, 36.4, 31.1, 29.1, 50. , 33.3, 30.3, 34.6, 34.9, 32.9, 24.1,
       42.3, 48.5, 50. , 22.6, 24.4, 24.4, 21.7, 19.3, 22.4, 28.1, 23.7,
       25. , 23.3, 28.7, 21.5, 23. , 26.7, 21.7, 27.5, 30.1, 44.8, 50. ,
       37.6, 31.6, 46.7, 31.5, 24.3, 31.7, 41.7, 48.3, 29. , 24. , 25.1,
       31.5, 23.7, 23.3, 22. , 20.1, 22.2, 23.7, 17.6, 18.5, 24.3, 20.5,
       24.5, 26.2, 24.4, 24.8, 29.6, 42.8, 21.9, 20.9, 44. , 50. , 36. ,
       30.1, 33.8, 43.1, 48.8, 31. , 36.5, 22.8, 30.7, 43.5, 21.1, 25.2,
       24.4, 35.2, 32.4, 32. , 33.2, 29.1, 35.1, 45.4, 35.4, 46. , 50. ,
       32.2, 22. , 20.1, 23.2, 22.3, 24.8, 28.5, 37.3, 27.9, 21.7, 28.6,
       20.3, 24.8, 22. , 26.4, 33.1, 36.1, 28.4, 33.4, 28.2, 22.8, 20.3,
       16.1, 22.1, 19.4, 21.6, 23.8, 16.2, 17.8, 19.8, 23.1, 23.8, 23.1,
       20.4, 18.5, 25. , 24.6, 23. , 22.2, 19.3, 22.6, 19.8, 19.4, 22.2,
       20.7, 21.1, 19.5, 18.5, 20.6, 19. , 18.7, 32.7, 23.9, 31.2, 23.1,
       24.5, 26.6, 22.9, 24.1, 18.6, 30.1, 18.2, 20.6, 17.8, 21.7, 22.7,
       22.6, 25. , 19.9, 20.8, 16.8, 21.9, 27.5, 21.9, 23.1, 50. , 50. ,
       50. , 50. , 50. , 13.8, 13.8, 15. , 13.9, 13.1, 10.2, 10.4, 10.9,
       11.3,  8.8, 10.5,  7.4, 10.2, 11.5, 15.1, 13.8, 12.7, 13.1, 12.5,
        8.5,  5. ,  6.3,  5.6,  7.2, 12.1,  8.3,  8.5,  5. , 11.9, 27.9,
       17.2, 27.5, 15. , 17.9, 16.3,  7. ,  7.2,  7.5,  8.8, 16.7, 20.8,
       13.4,  8.3, 11. ,  9.5, 14.5, 14.1, 16.1, 14.3, 11.7, 13.4,  9.6,
        8.7,  8.4, 12.8, 10.5, 17.1, 18.4, 15.4, 10.8, 11.8, 14.9, 12.6,
       14.1, 13. , 13.4, 15.2, 16.1, 17.8, 14.9, 14.1, 12.7, 13.5, 14.9,
       17.7, 19.5, 20.2, 21.4, 19.9, 19. , 19.1, 19.1, 20.1, 19.9, 23.2,
       13.8, 16.7, 12. , 14.6, 21.4, 23. , 23.7, 25. , 21.8, 20.6, 21.2,
       20.6, 15.2,  7. ,  8.1, 13.6, 20.1, 21.8, 24.5, 23.1, 19.7, 18.3,
       21.2, 22.4, 20.6, 23.9]), 'y_test': array([23. , 20. , 17.5, 50. , 17.1, 16.5, 22.8, 29. , 10.2, 17.5, 16.4,
       33.2, 13.3,  7.2, 13.3,  8.4, 19.5, 18.7, 17.3, 27.5, 10.4, 12.3,
       21. , 33.1, 14.2, 18.6, 20.7, 22.5,  9.7, 29.8, 27.1, 19.6, 22. ,
       19.8, 22.5, 16.8, 17.8, 23.9, 20. , 37.9, 17.2, 35.4, 11.9, 22.9,
       10.9, 19.1, 17.2, 13.1, 23.2, 11.7, 24.7]), 'packages': [['atomicwrites', '1.1.5'], ['attrs', '18.1.0'], ['backcall', '0.1.0'], ['coverage', '4.5.1'], ['cycler', '0.10.0'], ['decorator', '4.3.0'], ['docopt', '0.6.2'], ['hashfs', '0.7.0'], ['hypothesis', '3.57.0'], ['ipykernel', '4.8.2'], ['ipython', '6.4.0'], ['ipython-genutils', '0.2.0'], ['jedi', '0.12.0'], ['jsonpickle', '0.9.6'], ['jsonschema', '2.6.0'], ['jupyter-client', '5.2.3'], ['jupyter-core', '4.4.0'], ['kiwisolver', '1.0.1'], ['Lasagne', '0.1'], ['matplotlib', '2.2.2'], ['more-itertools', '4.2.0'], ['mpmath', '1.0.0'], ['munch', '2.3.2'], ['nbformat', '4.4.0'], ['nbval', '0.9.1'], ['numpy', '1.14.3'], ['pandas', '0.23.0'], ['parso', '0.2.1'], ['pexpect', '4.6.0'], ['pickleshare', '0.7.4'], ['Pillow', '5.1.0'], ['pip', '10.0.1'], ['pkg-resources', '0.0.0'], ['pluggy', '0.6.0'], ['prompt-toolkit', '1.0.15'], ['ptyprocess', '0.5.2'], ['py', '1.5.3'], ['py-cpuinfo', '4.0.0'], ['Pygments', '2.2.0'], ['pymongo', '3.6.1'], ['pyparsing', '2.2.0'], ['pysgmcmc', '0.0.1'], ['pytest', '3.6.0'], ['python-dateutil', '2.7.3'], ['pytz', '2018.4'], ['pyzmq', '17.0.0'], ['sacred', '0.7.3'], ['scandir', '1.7'], ['scikit-learn', '0.19.1'], ['scipy', '1.1.0'], ['seaborn', '0.8.1'], ['setuptools', '39.2.0'], ['simplegeneric', '0.8.1'], ['six', '1.11.0'], ['SQLAlchemy', '1.2.8'], ['sympy', '1.1.1'], ['Theano', '0.8.0'], ['tinydb', '3.9.0.post1'], ['tinydb-serialization', '1.0.4'], ['torch', '0.4.0'], ['torchvision', '0.2.1'], ['tornado', '5.0.2'], ['tqdm', '4.23.4'], ['traitlets', '4.3.2'], ['wcwidth', '0.1.7'], ['wheel', '0.31.1'], ['wrapt', '1.10.11']], 'prediction_mean': array([20.172823, 18.855774, 20.323675, 50.244953, 16.752724, 15.391347,
       21.292063, 32.999065, 15.305175, 19.255733, 18.233631, 34.174892,
       13.557489,  8.380777, 19.68003 , 10.424576, 18.413855, 18.466513,
       15.881007, 24.045177, 10.248553, 11.206303, 21.203548, 33.461998,
       17.323318, 20.329649, 22.07159 , 20.586084, 11.28511 , 23.984947,
       25.660355, 23.765726, 22.93706 , 19.765198, 26.945408, 20.617228,
       16.322794, 23.799059, 18.72424 , 31.299458, 18.085182, 33.37627 ,
       20.54847 , 23.6834  , 13.132696, 18.671719, 10.167892, 16.042217,
       14.328814, 19.879044, 23.790691], dtype=float32), 'x_test': array([[5.90050e-01, 0.00000e+00, 2.18900e+01, 0.00000e+00, 6.24000e-01,
        6.37200e+00, 9.79000e+01, 2.32740e+00, 4.00000e+00, 4.37000e+02,
        2.12000e+01, 3.85760e+02, 1.11200e+01],
       [6.80117e+00, 0.00000e+00, 1.81000e+01, 0.00000e+00, 7.13000e-01,
        6.08100e+00, 8.44000e+01, 2.71750e+00, 2.40000e+01, 6.66000e+02,
        2.02000e+01, 3.96900e+02, 1.47000e+01],
       [3.11300e-02, 0.00000e+00, 4.39000e+00, 0.00000e+00, 4.42000e-01,
        6.01400e+00, 4.85000e+01, 8.01360e+00, 3.00000e+00, 3.52000e+02,
        1.88000e+01, 3.85640e+02, 1.05300e+01],
       [5.78340e-01, 2.00000e+01, 3.97000e+00, 0.00000e+00, 5.75000e-01,
        8.29700e+00, 6.70000e+01, 2.42160e+00, 5.00000e+00, 2.64000e+02,
        1.30000e+01, 3.84540e+02, 7.44000e+00],
       [5.02300e-02, 3.50000e+01, 6.06000e+00, 0.00000e+00, 4.37900e-01,
        5.70600e+00, 2.84000e+01, 6.64070e+00, 1.00000e+00, 3.04000e+02,
        1.69000e+01, 3.94020e+02, 1.24300e+01],
       [2.49800e-02, 0.00000e+00, 1.89000e+00, 0.00000e+00, 5.18000e-01,
        6.54000e+00, 5.97000e+01, 6.26690e+00, 1.00000e+00, 4.22000e+02,
        1.59000e+01, 3.89960e+02, 8.65000e+00],
       [1.00840e-01, 0.00000e+00, 1.00100e+01, 0.00000e+00, 5.47000e-01,
        6.71500e+00, 8.16000e+01, 2.67750e+00, 6.00000e+00, 4.32000e+02,
        1.78000e+01, 3.95590e+02, 1.01600e+01],
       [5.56100e-02, 7.00000e+01, 2.24000e+00, 0.00000e+00, 4.00000e-01,
        7.04100e+00, 1.00000e+01, 7.82780e+00, 5.00000e+00, 3.58000e+02,
        1.48000e+01, 3.71580e+02, 4.74000e+00],
       [1.22472e+01, 0.00000e+00, 1.81000e+01, 0.00000e+00, 5.84000e-01,
        5.83700e+00, 5.97000e+01, 1.99760e+00, 2.40000e+01, 6.66000e+02,
        2.02000e+01, 2.46500e+01, 1.56900e+01],
       [1.77830e-01, 0.00000e+00, 9.69000e+00, 0.00000e+00, 5.85000e-01,
        5.56900e+00, 7.35000e+01, 2.39990e+00, 6.00000e+00, 3.91000e+02,
        1.92000e+01, 3.95770e+02, 1.51000e+01],
       [4.81213e+00, 0.00000e+00, 1.81000e+01, 0.00000e+00, 7.13000e-01,
        6.70100e+00, 9.00000e+01, 2.59750e+00, 2.40000e+01, 6.66000e+02,
        2.02000e+01, 2.55230e+02, 1.64200e+01],
       [6.86000e-02, 0.00000e+00, 2.89000e+00, 0.00000e+00, 4.45000e-01,
        7.41600e+00, 6.25000e+01, 3.49520e+00, 2.00000e+00, 2.76000e+02,
        1.80000e+01, 3.96900e+02, 6.19000e+00],
       [9.82349e+00, 0.00000e+00, 1.81000e+01, 0.00000e+00, 6.71000e-01,
        6.79400e+00, 9.88000e+01, 1.35800e+00, 2.40000e+01, 6.66000e+02,
        2.02000e+01, 3.96900e+02, 2.12400e+01],
       [1.68118e+01, 0.00000e+00, 1.81000e+01, 0.00000e+00, 7.00000e-01,
        5.27700e+00, 9.81000e+01, 1.42610e+00, 2.40000e+01, 6.66000e+02,
        2.02000e+01, 3.96900e+02, 3.08100e+01],
       [6.39312e+00, 0.00000e+00, 1.81000e+01, 0.00000e+00, 5.84000e-01,
        6.16200e+00, 9.74000e+01, 2.20600e+00, 2.40000e+01, 6.66000e+02,
        2.02000e+01, 3.02760e+02, 2.41000e+01],
       [1.18123e+01, 0.00000e+00, 1.81000e+01, 0.00000e+00, 7.18000e-01,
        6.82400e+00, 7.65000e+01, 1.79400e+00, 2.40000e+01, 6.66000e+02,
        2.02000e+01, 4.84500e+01, 2.27400e+01],
       [1.71200e-01, 0.00000e+00, 8.56000e+00, 0.00000e+00, 5.20000e-01,
        5.83600e+00, 9.19000e+01, 2.21100e+00, 5.00000e+00, 3.84000e+02,
        2.09000e+01, 3.95670e+02, 1.86600e+01],
       [1.49320e-01, 2.50000e+01, 5.13000e+00, 0.00000e+00, 4.53000e-01,
        5.74100e+00, 6.62000e+01, 7.22540e+00, 8.00000e+00, 2.84000e+02,
        1.97000e+01, 3.95110e+02, 1.31500e+01],
       [1.50380e-01, 0.00000e+00, 2.56500e+01, 0.00000e+00, 5.81000e-01,
        5.85600e+00, 9.70000e+01, 1.94440e+00, 2.00000e+00, 1.88000e+02,
        1.91000e+01, 3.70310e+02, 2.54100e+01],
       [1.48660e-01, 0.00000e+00, 8.56000e+00, 0.00000e+00, 5.20000e-01,
        6.72700e+00, 7.99000e+01, 2.77780e+00, 5.00000e+00, 3.84000e+02,
        2.09000e+01, 3.94760e+02, 9.42000e+00],
       [2.59406e+01, 0.00000e+00, 1.81000e+01, 0.00000e+00, 6.79000e-01,
        5.30400e+00, 8.91000e+01, 1.64750e+00, 2.40000e+01, 6.66000e+02,
        2.02000e+01, 1.27360e+02, 2.66400e+01],
       [7.99248e+00, 0.00000e+00, 1.81000e+01, 0.00000e+00, 7.00000e-01,
        5.52000e+00, 1.00000e+02, 1.53310e+00, 2.40000e+01, 6.66000e+02,
        2.02000e+01, 3.96900e+02, 2.45600e+01],
       [4.75470e-01, 0.00000e+00, 9.90000e+00, 0.00000e+00, 5.44000e-01,
        6.11300e+00, 5.88000e+01, 4.00190e+00, 4.00000e+00, 3.04000e+02,
        1.84000e+01, 3.96230e+02, 1.27300e+01],
       [6.12700e-02, 4.00000e+01, 6.41000e+00, 1.00000e+00, 4.47000e-01,
        6.82600e+00, 2.76000e+01, 4.86280e+00, 4.00000e+00, 2.54000e+02,
        1.76000e+01, 3.93450e+02, 4.16000e+00],
       [7.02259e+00, 0.00000e+00, 1.81000e+01, 0.00000e+00, 7.18000e-01,
        6.00600e+00, 9.53000e+01, 1.87460e+00, 2.40000e+01, 6.66000e+02,
        2.02000e+01, 3.19980e+02, 1.57000e+01],
       [2.28760e-01, 0.00000e+00, 8.56000e+00, 0.00000e+00, 5.20000e-01,
        6.40500e+00, 8.54000e+01, 2.71470e+00, 5.00000e+00, 3.84000e+02,
        2.09000e+01, 7.08000e+01, 1.06300e+01],
       [9.06500e-02, 2.00000e+01, 6.96000e+00, 1.00000e+00, 4.64000e-01,
        5.92000e+00, 6.15000e+01, 3.91750e+00, 3.00000e+00, 2.23000e+02,
        1.86000e+01, 3.91340e+02, 1.36500e+01],
       [2.51990e-01, 0.00000e+00, 1.05900e+01, 0.00000e+00, 4.89000e-01,
        5.78300e+00, 7.27000e+01, 4.35490e+00, 4.00000e+00, 2.77000e+02,
        1.86000e+01, 3.89430e+02, 1.80600e+01],
       [1.15779e+01, 0.00000e+00, 1.81000e+01, 0.00000e+00, 7.00000e-01,
        5.03600e+00, 9.70000e+01, 1.77000e+00, 2.40000e+01, 6.66000e+02,
        2.02000e+01, 3.96900e+02, 2.56800e+01],
       [4.64689e+00, 0.00000e+00, 1.81000e+01, 0.00000e+00, 6.14000e-01,
        6.98000e+00, 6.76000e+01, 2.53290e+00, 2.40000e+01, 6.66000e+02,
        2.02000e+01, 3.74680e+02, 1.16600e+01],
       [5.37200e-02, 0.00000e+00, 1.39200e+01, 0.00000e+00, 4.37000e-01,
        6.54900e+00, 5.10000e+01, 5.96040e+00, 4.00000e+00, 2.89000e+02,
        1.60000e+01, 3.92850e+02, 7.39000e+00],
       [4.03841e+00, 0.00000e+00, 1.81000e+01, 0.00000e+00, 5.32000e-01,
        6.22900e+00, 9.07000e+01, 3.09930e+00, 2.40000e+01, 6.66000e+02,
        2.02000e+01, 3.95330e+02, 1.28700e+01],
       [1.09590e-01, 0.00000e+00, 1.19300e+01, 0.00000e+00, 5.73000e-01,
        6.79400e+00, 8.93000e+01, 2.38890e+00, 1.00000e+00, 2.73000e+02,
        2.10000e+01, 3.93450e+02, 6.48000e+00],
       [1.28020e-01, 0.00000e+00, 8.56000e+00, 0.00000e+00, 5.20000e-01,
        6.47400e+00, 9.71000e+01, 2.43290e+00, 5.00000e+00, 3.84000e+02,
        2.09000e+01, 3.95240e+02, 1.22700e+01],
       [6.46600e-02, 7.00000e+01, 2.24000e+00, 0.00000e+00, 4.00000e-01,
        6.34500e+00, 2.01000e+01, 7.82780e+00, 5.00000e+00, 3.58000e+02,
        1.48000e+01, 3.68240e+02, 4.97000e+00],
       [2.24380e-01, 0.00000e+00, 9.69000e+00, 0.00000e+00, 5.85000e-01,
        6.02700e+00, 7.97000e+01, 2.49820e+00, 6.00000e+00, 3.91000e+02,
        1.92000e+01, 3.96900e+02, 1.43300e+01],
       [5.44520e-01, 0.00000e+00, 2.18900e+01, 0.00000e+00, 6.24000e-01,
        6.15100e+00, 9.79000e+01, 1.66870e+00, 4.00000e+00, 4.37000e+02,
        2.12000e+01, 3.96900e+02, 1.84600e+01],
       [8.26500e-02, 0.00000e+00, 1.39200e+01, 0.00000e+00, 4.37000e-01,
        6.12700e+00, 1.84000e+01, 5.50270e+00, 4.00000e+00, 2.89000e+02,
        1.60000e+01, 3.96900e+02, 8.58000e+00],
       [4.35710e-01, 0.00000e+00, 1.05900e+01, 1.00000e+00, 4.89000e-01,
        5.34400e+00, 1.00000e+02, 3.87500e+00, 4.00000e+00, 2.77000e+02,
        1.86000e+01, 3.96900e+02, 2.30900e+01],
       [9.10300e-02, 0.00000e+00, 2.46000e+00, 0.00000e+00, 4.88000e-01,
        7.15500e+00, 9.22000e+01, 2.70060e+00, 3.00000e+00, 1.93000e+02,
        1.78000e+01, 3.94120e+02, 4.82000e+00],
       [6.16200e-02, 0.00000e+00, 4.39000e+00, 0.00000e+00, 4.42000e-01,
        5.89800e+00, 5.23000e+01, 8.01360e+00, 3.00000e+00, 3.52000e+02,
        1.88000e+01, 3.64610e+02, 1.26700e+01],
       [1.31100e-02, 9.00000e+01, 1.22000e+00, 0.00000e+00, 4.03000e-01,
        7.24900e+00, 2.19000e+01, 8.69660e+00, 5.00000e+00, 2.26000e+02,
        1.79000e+01, 3.95930e+02, 4.81000e+00],
       [4.74100e-02, 0.00000e+00, 1.19300e+01, 0.00000e+00, 5.73000e-01,
        6.03000e+00, 8.08000e+01, 2.50500e+00, 1.00000e+00, 2.73000e+02,
        2.10000e+01, 3.96900e+02, 7.88000e+00],
       [3.55100e-02, 2.50000e+01, 4.86000e+00, 0.00000e+00, 4.26000e-01,
        6.16700e+00, 4.67000e+01, 5.40070e+00, 4.00000e+00, 2.81000e+02,
        1.90000e+01, 3.90640e+02, 7.51000e+00],
       [3.76619e+01, 0.00000e+00, 1.81000e+01, 0.00000e+00, 6.79000e-01,
        6.20200e+00, 7.87000e+01, 1.86290e+00, 2.40000e+01, 6.66000e+02,
        2.02000e+01, 1.88200e+01, 1.45200e+01],
       [5.69175e+00, 0.00000e+00, 1.81000e+01, 0.00000e+00, 5.83000e-01,
        6.11400e+00, 7.98000e+01, 3.54590e+00, 2.40000e+01, 6.66000e+02,
        2.02000e+01, 3.92680e+02, 1.49800e+01],
       [1.40507e+01, 0.00000e+00, 1.81000e+01, 0.00000e+00, 5.97000e-01,
        6.65700e+00, 1.00000e+02, 1.52750e+00, 2.40000e+01, 6.66000e+02,
        2.02000e+01, 3.50500e+01, 2.12200e+01],
       [2.44668e+00, 0.00000e+00, 1.95800e+01, 0.00000e+00, 8.71000e-01,
        5.27200e+00, 9.40000e+01, 1.73640e+00, 5.00000e+00, 4.03000e+02,
        1.47000e+01, 8.86300e+01, 1.61400e+01],
       [5.29305e+00, 0.00000e+00, 1.81000e+01, 0.00000e+00, 7.00000e-01,
        6.05100e+00, 8.25000e+01, 2.16780e+00, 2.40000e+01, 6.66000e+02,
        2.02000e+01, 3.78380e+02, 1.87600e+01],
       [8.79212e+00, 0.00000e+00, 1.81000e+01, 0.00000e+00, 5.84000e-01,
        5.56500e+00, 7.06000e+01, 2.06350e+00, 2.40000e+01, 6.66000e+02,
        2.02000e+01, 3.65000e+00, 1.71600e+01],
       [1.75050e-01, 0.00000e+00, 5.96000e+00, 0.00000e+00, 4.99000e-01,
        5.96600e+00, 3.02000e+01, 3.84730e+00, 5.00000e+00, 2.79000e+02,
        1.92000e+01, 3.93430e+02, 1.01300e+01]])}
INFO - BNN_UCI - Completed after 0:01:28
