INFO - BNN_UCI - Running command 'fit_bnn'
INFO - BNN_UCI - Started run with ID "293"
/home/freidanm/repos/pytorch_experiments/experiments_env/src/pysgmcmc/pysgmcmc/data/datasets.py:14: FutureWarning: Method .as_matrix will be removed in a future version. Use .values instead.
  x_train = train_data.as_matrix(feature_columns)
/home/freidanm/repos/pytorch_experiments/experiments_env/src/pysgmcmc/pysgmcmc/data/datasets.py:15: FutureWarning: Method .as_matrix will be removed in a future version. Use .values instead.
  y_train = train_data[label_column].as_matrix()
/home/freidanm/repos/pytorch_experiments/experiments_env/src/pysgmcmc/pysgmcmc/data/datasets.py:17: FutureWarning: Method .as_matrix will be removed in a future version. Use .values instead.
  x_test = test_data.as_matrix(feature_columns)
/home/freidanm/repos/pytorch_experiments/experiments_env/src/pysgmcmc/pysgmcmc/data/datasets.py:18: FutureWarning: Method .as_matrix will be removed in a future version. Use .values instead.
  y_test = test_data[label_column].as_matrix()
INFO - root - Performing 15000 iterations
INFO - BNN_UCI - Result: {'prediction_mean': array([16.533205, 21.75253 , 27.080807, 18.621658, 24.228716, 39.531296,
       32.8737  , 23.4234  , 11.930549, 13.785559, 18.379707, 15.900179,
       10.233853, 17.33968 , 24.911112, 27.970684, 14.708309, 49.286537,
       10.772141, 20.523888, 25.17293 , 24.950237, 29.201675, 25.557224,
        8.926513, 15.531508, 34.7007  , 23.819916, 24.247644, 20.119736,
       18.053558, 23.559286, 23.826468, 21.593014, 45.30211 , 34.346565,
       22.96173 , 16.992195, 21.387926, 21.066065, 13.111791, 20.514147,
       25.997614, 24.47015 , 20.77899 , 36.455456, 20.302439, 21.100014,
       23.68674 , 13.422649, 19.174297], dtype=float32), 'x_train': array([[6.3200e-03, 1.8000e+01, 2.3100e+00, ..., 1.5300e+01, 3.9690e+02,
        4.9800e+00],
       [2.7310e-02, 0.0000e+00, 7.0700e+00, ..., 1.7800e+01, 3.9690e+02,
        9.1400e+00],
       [2.7290e-02, 0.0000e+00, 7.0700e+00, ..., 1.7800e+01, 3.9283e+02,
        4.0300e+00],
       ...,
       [4.5270e-02, 0.0000e+00, 1.1930e+01, ..., 2.1000e+01, 3.9690e+02,
        9.0800e+00],
       [1.0959e-01, 0.0000e+00, 1.1930e+01, ..., 2.1000e+01, 3.9345e+02,
        6.4800e+00],
       [4.7410e-02, 0.0000e+00, 1.1930e+01, ..., 2.1000e+01, 3.9690e+02,
        7.8800e+00]]), 'y_train': array([24. , 21.6, 34.7, 33.4, 36.2, 28.7, 22.9, 16.5, 18.9, 15. , 18.9,
       20.4, 18.2, 19.9, 23.1, 17.5, 20.2, 13.6, 19.6, 15.2, 14.5, 15.6,
       13.9, 16.6, 14.8, 18.4, 21. , 12.7, 14.5, 13.1, 13.5, 18.9, 21. ,
       24.7, 30.8, 34.9, 26.6, 25.3, 24.7, 21.2, 19.3, 16.6, 14.4, 19.4,
       19.7, 20.5, 25. , 23.4, 18.9, 35.4, 24.7, 23.3, 19.6, 18.7, 16. ,
       22.2, 25. , 33. , 23.5, 22. , 17.4, 20.9, 24.2, 21.7, 22.8, 23.4,
       24.1, 20. , 21.2, 20.3, 28. , 23.9, 24.8, 22.9, 23.9, 26.6, 22.5,
       22.2, 23.6, 28.7, 22.6, 22. , 22.9, 28.4, 21.4, 38.7, 43.8, 33.2,
       27.5, 26.5, 18.6, 19.3, 20.1, 19.5, 20.4, 19.8, 19.4, 18.8, 18.7,
       18.5, 18.3, 21.2, 19.2, 20.4, 19.3, 22. , 20.3, 20.5, 17.3, 18.8,
       21.4, 15.7, 16.2, 18. , 14.3, 19.2, 19.6, 23. , 18.4, 15.6, 18.1,
       17.4, 17.1, 13.3, 17.8, 14. , 14.4, 13.4, 15.6, 11.8, 13.8, 15.6,
       14.6, 17.8, 15.4, 19.6, 15.3, 19.4, 17. , 15.6, 13.1, 24.3, 23.3,
       27. , 50. , 50. , 50. , 22.7, 50. , 23.8, 23.8, 22.3, 17.4, 19.1,
       23.1, 23.6, 22.6, 29.4, 23.2, 24.6, 29.9, 37.2, 39.8, 36.2, 37.9,
       32.5, 26.4, 29.6, 32. , 29.8, 34.9, 37. , 30.5, 36.4, 31.1, 29.1,
       50. , 30.3, 34.6, 34.9, 32.9, 42.3, 48.5, 50. , 22.6, 24.4, 22.5,
       24.4, 20. , 21.7, 19.3, 22.4, 28.1, 23.7, 25. , 23.3, 28.7, 21.5,
       23. , 26.7, 27.5, 30.1, 44.8, 50. , 37.6, 31.6, 46.7, 31.5, 24.3,
       31.7, 41.7, 48.3, 29. , 24. , 25.1, 31.5, 23.7, 23.3, 22. , 22.2,
       23.7, 17.6, 24.3, 20.5, 24.5, 26.2, 24.4, 24.8, 29.6, 42.8, 21.9,
       20.9, 44. , 50. , 36. , 30.1, 43.1, 48.8, 31. , 36.5, 22.8, 30.7,
       43.5, 25.2, 24.4, 35.2, 32.4, 32. , 33.1, 29.1, 35.1, 45.4, 35.4,
       46. , 50. , 32.2, 22. , 20.1, 28.5, 23.9, 21.7, 28.6, 27.1, 22.5,
       29. , 24.8, 26.4, 33.1, 36.1, 28.4, 33.4, 28.2, 22.8, 20.3, 16.1,
       22.1, 19.4, 21.6, 23.8, 16.2, 17.8, 19.8, 23.1, 21. , 23.8, 23.1,
       20.4, 18.5, 25. , 24.6, 23. , 22.2, 19.3, 22.6, 19.8, 17.1, 19.4,
       22.2, 20.7, 21.1, 19.5, 18.5, 20.6, 19. , 18.7, 32.7, 16.5, 23.9,
       31.2, 17.2, 23.1, 24.5, 26.6, 22.9, 24.1, 18.6, 30.1, 18.2, 20.6,
       17.8, 21.7, 22.7, 25. , 19.9, 20.8, 16.8, 21.9, 27.5, 21.9, 23.1,
       50. , 50. , 50. , 50. , 50. , 13.8, 13.8, 15. , 13.9, 13.3, 13.1,
       10.2, 10.4, 10.9, 11.3, 12.3,  8.8,  7.2, 10.5,  7.4, 10.2, 11.5,
       15.1, 23.2,  9.7, 12.7, 13.1, 12.5,  8.5,  5. ,  6.3,  5.6,  7.2,
       12.1,  8.3,  8.5,  5. , 11.9, 27.9, 17.2, 27.5, 15. , 17.2, 17.9,
       16.3,  7. ,  7.2,  7.5, 10.4,  8.8,  8.4, 16.7, 14.2, 13.4, 11.7,
        8.3, 10.2, 10.9, 11. ,  9.5, 14.5, 14.1, 16.1, 14.3, 11.7,  8.7,
        8.4, 12.8, 10.5, 18.4, 15.4, 10.8, 11.8, 14.9, 14.1, 13. , 13.4,
       15.2, 16.1, 17.8, 12.7, 14.9, 20. , 16.4, 17.7, 19.5, 20.2, 21.4,
       19.9, 19. , 19.1, 19.1, 20.1, 19.9, 19.6, 29.8, 13.8, 12. , 14.6,
       21.4, 23. , 23.7, 25. , 21.8, 20.6, 21.2, 19.1, 20.6, 15.2,  7. ,
        8.1, 13.6, 20.1, 21.8, 24.5, 23.1, 19.7, 18.3, 21.2, 17.5, 16.8,
       22.4, 20.6, 22. , 11.9]), 'y_test': array([13.8, 22.6, 25. , 20. , 24.1, 41.3, 37.3, 24.8, 14.9, 14.1, 19.5,
       12.6,  9.6, 13.3, 21.1, 27.9, 17.1, 50. , 13.5, 21.5, 20.6, 20.7,
       31.6, 22. , 13.2, 16.7, 33.8, 23.2, 21.7, 20.3, 27.1, 22.8, 23.9,
       22.3, 50. , 33.2, 25. , 18.2, 23.2, 20.8, 18.5, 20. , 20.8, 21.7,
       20.1, 33.3, 17.5, 21.4, 21.7, 13.4, 19.4]), 'prediction_std': array([0.91830766, 0.96261513, 0.50425667, 0.72221667, 0.574404  ,
       0.49519604, 0.9740678 , 1.0334839 , 0.84564495, 0.64889634,
       0.5164085 , 0.88127774, 0.76217127, 0.8041196 , 0.4218304 ,
       0.8655062 , 0.9235108 , 0.9669721 , 0.64270127, 0.7463267 ,
       0.91441274, 0.5936599 , 1.0694205 , 0.62585527, 0.78264654,
       0.80842596, 0.65444946, 0.51316696, 0.5816497 , 0.4200808 ,
       0.4916057 , 0.59980756, 0.51269144, 0.6936706 , 0.8366407 ,
       0.7883971 , 0.5108097 , 0.38663003, 0.9939624 , 0.41096073,
       0.6696657 , 0.31858888, 1.2378604 , 0.5041851 , 0.45998242,
       1.0167431 , 0.8228256 , 0.8294578 , 0.7969892 , 1.3454428 ,
       0.72325283], dtype=float32), 'packages': [['atomicwrites', '1.1.5'], ['attrs', '18.1.0'], ['backcall', '0.1.0'], ['coverage', '4.5.1'], ['cycler', '0.10.0'], ['decorator', '4.3.0'], ['docopt', '0.6.2'], ['hashfs', '0.7.0'], ['hypothesis', '3.57.0'], ['ipykernel', '4.8.2'], ['ipython', '6.4.0'], ['ipython-genutils', '0.2.0'], ['jedi', '0.12.0'], ['jsonpickle', '0.9.6'], ['jsonschema', '2.6.0'], ['jupyter-client', '5.2.3'], ['jupyter-core', '4.4.0'], ['kiwisolver', '1.0.1'], ['Lasagne', '0.1'], ['matplotlib', '2.2.2'], ['more-itertools', '4.2.0'], ['mpmath', '1.0.0'], ['munch', '2.3.2'], ['nbformat', '4.4.0'], ['nbval', '0.9.1'], ['numpy', '1.14.3'], ['pandas', '0.23.0'], ['parso', '0.2.1'], ['pexpect', '4.6.0'], ['pickleshare', '0.7.4'], ['Pillow', '5.1.0'], ['pip', '10.0.1'], ['pkg-resources', '0.0.0'], ['pluggy', '0.6.0'], ['prompt-toolkit', '1.0.15'], ['ptyprocess', '0.5.2'], ['py', '1.5.3'], ['py-cpuinfo', '4.0.0'], ['Pygments', '2.2.0'], ['pymongo', '3.6.1'], ['pyparsing', '2.2.0'], ['pysgmcmc', '0.0.1'], ['pytest', '3.6.0'], ['python-dateutil', '2.7.3'], ['pytz', '2018.4'], ['pyzmq', '17.0.0'], ['sacred', '0.7.3'], ['scandir', '1.7'], ['scikit-learn', '0.19.1'], ['scipy', '1.1.0'], ['seaborn', '0.8.1'], ['setuptools', '39.2.0'], ['simplegeneric', '0.8.1'], ['six', '1.11.0'], ['SQLAlchemy', '1.2.8'], ['sympy', '1.1.1'], ['Theano', '0.8.0'], ['tinydb', '3.9.0.post1'], ['tinydb-serialization', '1.0.4'], ['torch', '0.4.0'], ['torchvision', '0.2.1'], ['tornado', '5.0.2'], ['tqdm', '4.23.4'], ['traitlets', '4.3.2'], ['wcwidth', '0.1.7'], ['wheel', '0.31.1'], ['wrapt', '1.10.11']], 'x_test': array([[8.64476e+00, 0.00000e+00, 1.81000e+01, 0.00000e+00, 6.93000e-01,
        6.19300e+00, 9.26000e+01, 1.79120e+00, 2.40000e+01, 6.66000e+02,
        2.02000e+01, 3.96900e+02, 1.51700e+01],
       [4.26131e+00, 0.00000e+00, 1.81000e+01, 0.00000e+00, 7.70000e-01,
        6.11200e+00, 8.13000e+01, 2.50910e+00, 2.40000e+01, 6.66000e+02,
        2.02000e+01, 3.90740e+02, 1.26700e+01],
       [2.92400e+00, 0.00000e+00, 1.95800e+01, 0.00000e+00, 6.05000e-01,
        6.10100e+00, 9.30000e+01, 2.28340e+00, 5.00000e+00, 4.03000e+02,
        1.47000e+01, 2.40160e+02, 9.81000e+00],
       [1.88360e-01, 0.00000e+00, 6.91000e+00, 0.00000e+00, 4.48000e-01,
        5.78600e+00, 3.33000e+01, 5.10040e+00, 3.00000e+00, 2.33000e+02,
        1.79000e+01, 3.96900e+02, 1.41500e+01],
       [3.44500e-02, 8.25000e+01, 2.03000e+00, 0.00000e+00, 4.15000e-01,
        6.16200e+00, 3.84000e+01, 6.27000e+00, 2.00000e+00, 3.48000e+02,
        1.47000e+01, 3.93770e+02, 7.43000e+00],
       [1.22358e+00, 0.00000e+00, 1.95800e+01, 0.00000e+00, 6.05000e-01,
        6.94300e+00, 9.74000e+01, 1.87730e+00, 5.00000e+00, 4.03000e+02,
        1.47000e+01, 3.63430e+02, 4.59000e+00],
       [7.88600e-02, 8.00000e+01, 4.95000e+00, 0.00000e+00, 4.11000e-01,
        7.14800e+00, 2.77000e+01, 5.11670e+00, 4.00000e+00, 2.45000e+02,
        1.92000e+01, 3.96900e+02, 3.56000e+00],
       [4.29700e-02, 5.25000e+01, 5.32000e+00, 0.00000e+00, 4.05000e-01,
        6.56500e+00, 2.29000e+01, 7.31720e+00, 6.00000e+00, 2.93000e+02,
        1.66000e+01, 3.71720e+02, 9.51000e+00],
       [9.51363e+00, 0.00000e+00, 1.81000e+01, 0.00000e+00, 7.13000e-01,
        6.72800e+00, 9.41000e+01, 2.49610e+00, 2.40000e+01, 6.66000e+02,
        2.02000e+01, 6.68000e+00, 1.87100e+01],
       [4.75237e+00, 0.00000e+00, 1.81000e+01, 0.00000e+00, 7.13000e-01,
        6.52500e+00, 8.65000e+01, 2.43580e+00, 2.40000e+01, 6.66000e+02,
        2.02000e+01, 5.09200e+01, 1.81300e+01],
       [1.32620e-01, 0.00000e+00, 8.56000e+00, 0.00000e+00, 5.20000e-01,
        5.85100e+00, 9.67000e+01, 2.10690e+00, 5.00000e+00, 3.84000e+02,
        2.09000e+01, 3.94050e+02, 1.64700e+01],
       [9.92485e+00, 0.00000e+00, 1.81000e+01, 0.00000e+00, 7.40000e-01,
        6.25100e+00, 9.66000e+01, 2.19800e+00, 2.40000e+01, 6.66000e+02,
        2.02000e+01, 3.88520e+02, 1.64400e+01],
       [1.44208e+01, 0.00000e+00, 1.81000e+01, 0.00000e+00, 7.40000e-01,
        6.46100e+00, 9.33000e+01, 2.00260e+00, 2.40000e+01, 6.66000e+02,
        2.02000e+01, 2.74900e+01, 1.80500e+01],
       [6.39312e+00, 0.00000e+00, 1.81000e+01, 0.00000e+00, 5.84000e-01,
        6.16200e+00, 9.74000e+01, 2.20600e+00, 2.40000e+01, 6.66000e+02,
        2.02000e+01, 3.02760e+02, 2.41000e+01],
       [2.99160e-01, 2.00000e+01, 6.96000e+00, 0.00000e+00, 4.64000e-01,
        5.85600e+00, 4.21000e+01, 4.42900e+00, 3.00000e+00, 2.23000e+02,
        1.86000e+01, 3.88650e+02, 1.30000e+01],
       [3.61500e-02, 8.00000e+01, 4.95000e+00, 0.00000e+00, 4.11000e-01,
        6.63000e+00, 2.34000e+01, 5.11670e+00, 4.00000e+00, 2.45000e+02,
        1.92000e+01, 3.96900e+02, 4.70000e+00],
       [9.72418e+00, 0.00000e+00, 1.81000e+01, 0.00000e+00, 7.40000e-01,
        6.40600e+00, 9.72000e+01, 2.06510e+00, 2.40000e+01, 6.66000e+02,
        2.02000e+01, 3.85960e+02, 1.95200e+01],
       [5.78340e-01, 2.00000e+01, 3.97000e+00, 0.00000e+00, 5.75000e-01,
        8.29700e+00, 6.70000e+01, 2.42160e+00, 5.00000e+00, 2.64000e+02,
        1.30000e+01, 3.84540e+02, 7.44000e+00],
       [8.20058e+00, 0.00000e+00, 1.81000e+01, 0.00000e+00, 7.13000e-01,
        5.93600e+00, 8.03000e+01, 2.77920e+00, 2.40000e+01, 6.66000e+02,
        2.02000e+01, 3.50000e+00, 1.69400e+01],
       [1.65660e+00, 0.00000e+00, 1.95800e+01, 0.00000e+00, 8.71000e-01,
        6.12200e+00, 9.73000e+01, 1.61800e+00, 5.00000e+00, 4.03000e+02,
        1.47000e+01, 3.72800e+02, 1.41000e+01],
       [4.29400e-02, 2.80000e+01, 1.50400e+01, 0.00000e+00, 4.64000e-01,
        6.24900e+00, 7.73000e+01, 3.61500e+00, 4.00000e+00, 2.70000e+02,
        1.82000e+01, 3.96900e+02, 1.05900e+01],
       [9.06500e-02, 2.00000e+01, 6.96000e+00, 1.00000e+00, 4.64000e-01,
        5.92000e+00, 6.15000e+01, 3.91750e+00, 3.00000e+00, 2.23000e+02,
        1.86000e+01, 3.91340e+02, 1.36500e+01],
       [1.43200e-02, 1.00000e+02, 1.32000e+00, 0.00000e+00, 4.11000e-01,
        6.81600e+00, 4.05000e+01, 8.32480e+00, 5.00000e+00, 2.56000e+02,
        1.51000e+01, 3.92900e+02, 3.95000e+00],
       [3.53700e-02, 3.40000e+01, 6.09000e+00, 0.00000e+00, 4.33000e-01,
        6.59000e+00, 4.04000e+01, 5.49170e+00, 7.00000e+00, 3.29000e+02,
        1.61000e+01, 3.95750e+02, 9.50000e+00],
       [1.38799e+00, 0.00000e+00, 8.14000e+00, 0.00000e+00, 5.38000e-01,
        5.95000e+00, 8.20000e+01, 3.99000e+00, 4.00000e+00, 3.07000e+02,
        2.10000e+01, 2.32600e+02, 2.77100e+01],
       [4.87141e+00, 0.00000e+00, 1.81000e+01, 0.00000e+00, 6.14000e-01,
        6.48400e+00, 9.36000e+01, 2.30530e+00, 2.40000e+01, 6.66000e+02,
        2.02000e+01, 3.96210e+02, 1.86800e+01],
       [5.40110e-01, 2.00000e+01, 3.97000e+00, 0.00000e+00, 6.47000e-01,
        7.20300e+00, 8.18000e+01, 2.11210e+00, 5.00000e+00, 2.64000e+02,
        1.30000e+01, 3.92800e+02, 9.59000e+00],
       [3.56868e+00, 0.00000e+00, 1.81000e+01, 0.00000e+00, 5.80000e-01,
        6.43700e+00, 7.50000e+01, 2.89650e+00, 2.40000e+01, 6.66000e+02,
        2.02000e+01, 3.93370e+02, 1.43600e+01],
       [4.07710e-01, 0.00000e+00, 6.20000e+00, 1.00000e+00, 5.07000e-01,
        6.16400e+00, 9.13000e+01, 3.04800e+00, 8.00000e+00, 3.07000e+02,
        1.74000e+01, 3.95240e+02, 2.14600e+01],
       [1.41030e-01, 0.00000e+00, 1.39200e+01, 0.00000e+00, 4.37000e-01,
        5.79000e+00, 5.80000e+01, 6.32000e+00, 4.00000e+00, 2.89000e+02,
        1.60000e+01, 3.96900e+02, 1.58400e+01],
       [1.44550e-01, 1.25000e+01, 7.87000e+00, 0.00000e+00, 5.24000e-01,
        6.17200e+00, 9.61000e+01, 5.95050e+00, 5.00000e+00, 3.11000e+02,
        1.52000e+01, 3.96900e+02, 1.91500e+01],
       [1.00840e-01, 0.00000e+00, 1.00100e+01, 0.00000e+00, 5.47000e-01,
        6.71500e+00, 8.16000e+01, 2.67750e+00, 6.00000e+00, 4.32000e+02,
        1.78000e+01, 3.95590e+02, 1.01600e+01],
       [6.07600e-02, 0.00000e+00, 1.19300e+01, 0.00000e+00, 5.73000e-01,
        6.97600e+00, 9.10000e+01, 2.16750e+00, 1.00000e+00, 2.73000e+02,
        2.10000e+01, 3.96900e+02, 5.64000e+00],
       [4.59000e-02, 5.25000e+01, 5.32000e+00, 0.00000e+00, 4.05000e-01,
        6.31500e+00, 4.56000e+01, 7.31720e+00, 6.00000e+00, 2.93000e+02,
        1.66000e+01, 3.96900e+02, 7.60000e+00],
       [5.60200e-02, 0.00000e+00, 2.46000e+00, 0.00000e+00, 4.88000e-01,
        7.83100e+00, 5.36000e+01, 3.19920e+00, 3.00000e+00, 1.93000e+02,
        1.78000e+01, 3.92630e+02, 4.45000e+00],
       [1.04690e-01, 4.00000e+01, 6.41000e+00, 1.00000e+00, 4.47000e-01,
        7.26700e+00, 4.90000e+01, 4.78720e+00, 4.00000e+00, 2.54000e+02,
        1.76000e+01, 3.89250e+02, 6.05000e+00],
       [2.87500e-02, 2.80000e+01, 1.50400e+01, 0.00000e+00, 4.64000e-01,
        6.21100e+00, 2.89000e+01, 3.66590e+00, 4.00000e+00, 2.70000e+02,
        1.82000e+01, 3.96330e+02, 6.21000e+00],
       [7.25800e-01, 0.00000e+00, 8.14000e+00, 0.00000e+00, 5.38000e-01,
        5.72700e+00, 6.95000e+01, 3.79650e+00, 4.00000e+00, 3.07000e+02,
        2.10000e+01, 3.90950e+02, 1.12800e+01],
       [3.87100e-02, 5.25000e+01, 5.32000e+00, 0.00000e+00, 4.05000e-01,
        6.20900e+00, 3.13000e+01, 7.31720e+00, 6.00000e+00, 2.93000e+02,
        1.66000e+01, 3.96900e+02, 7.14000e+00],
       [8.70700e-02, 0.00000e+00, 1.28300e+01, 0.00000e+00, 4.37000e-01,
        6.14000e+00, 4.58000e+01, 4.09050e+00, 5.00000e+00, 3.98000e+02,
        1.87000e+01, 3.86960e+02, 1.02700e+01],
       [1.91330e-01, 2.20000e+01, 5.86000e+00, 0.00000e+00, 4.31000e-01,
        5.60500e+00, 7.02000e+01, 7.95490e+00, 7.00000e+00, 3.30000e+02,
        1.91000e+01, 3.89130e+02, 1.84600e+01],
       [9.74400e-02, 0.00000e+00, 5.96000e+00, 0.00000e+00, 4.99000e-01,
        5.84100e+00, 6.14000e+01, 3.37790e+00, 5.00000e+00, 2.79000e+02,
        1.92000e+01, 3.77560e+02, 1.14100e+01],
       [1.20482e+01, 0.00000e+00, 1.81000e+01, 0.00000e+00, 6.14000e-01,
        5.64800e+00, 8.76000e+01, 1.95120e+00, 2.40000e+01, 6.66000e+02,
        2.02000e+01, 2.91550e+02, 1.41000e+01],
       [1.07930e-01, 0.00000e+00, 8.56000e+00, 0.00000e+00, 5.20000e-01,
        6.19500e+00, 5.44000e+01, 2.77780e+00, 5.00000e+00, 3.84000e+02,
        2.09000e+01, 3.93490e+02, 1.30000e+01],
       [1.06120e-01, 3.00000e+01, 4.93000e+00, 0.00000e+00, 4.28000e-01,
        6.09500e+00, 6.51000e+01, 6.33610e+00, 6.00000e+00, 3.00000e+02,
        1.66000e+01, 3.94620e+02, 1.24000e+01],
       [4.01100e-02, 8.00000e+01, 1.52000e+00, 0.00000e+00, 4.04000e-01,
        7.28700e+00, 3.41000e+01, 7.30900e+00, 2.00000e+00, 3.29000e+02,
        1.26000e+01, 3.96900e+02, 4.08000e+00],
       [3.11300e-02, 0.00000e+00, 4.39000e+00, 0.00000e+00, 4.42000e-01,
        6.01400e+00, 4.85000e+01, 8.01360e+00, 3.00000e+00, 3.52000e+02,
        1.88000e+01, 3.85640e+02, 1.05300e+01],
       [9.51200e-02, 0.00000e+00, 1.28300e+01, 0.00000e+00, 4.37000e-01,
        6.28600e+00, 4.50000e+01, 4.50260e+00, 5.00000e+00, 3.98000e+02,
        1.87000e+01, 3.83230e+02, 8.94000e+00],
       [9.37800e-02, 1.25000e+01, 7.87000e+00, 0.00000e+00, 5.24000e-01,
        5.88900e+00, 3.90000e+01, 5.45090e+00, 5.00000e+00, 3.11000e+02,
        1.52000e+01, 3.90500e+02, 1.57100e+01],
       [1.11604e+01, 0.00000e+00, 1.81000e+01, 0.00000e+00, 7.40000e-01,
        6.62900e+00, 9.46000e+01, 2.12470e+00, 2.40000e+01, 6.66000e+02,
        2.02000e+01, 1.09850e+02, 2.32700e+01],
       [4.37900e-02, 8.00000e+01, 3.37000e+00, 0.00000e+00, 3.98000e-01,
        5.78700e+00, 3.11000e+01, 6.61150e+00, 4.00000e+00, 3.37000e+02,
        1.61000e+01, 3.96900e+02, 1.02400e+01]])}
INFO - BNN_UCI - Completed after 0:01:14
