INFO - BNN_UCI - Running command 'fit_bnn'
INFO - BNN_UCI - Started run with ID "384"
/home/freidanm/repos/pytorch_experiments/experiments_env/src/pysgmcmc/pysgmcmc/data/datasets.py:14: FutureWarning: Method .as_matrix will be removed in a future version. Use .values instead.
  x_train = train_data.as_matrix(feature_columns)
/home/freidanm/repos/pytorch_experiments/experiments_env/src/pysgmcmc/pysgmcmc/data/datasets.py:15: FutureWarning: Method .as_matrix will be removed in a future version. Use .values instead.
  y_train = train_data[label_column].as_matrix()
/home/freidanm/repos/pytorch_experiments/experiments_env/src/pysgmcmc/pysgmcmc/data/datasets.py:17: FutureWarning: Method .as_matrix will be removed in a future version. Use .values instead.
  x_test = test_data.as_matrix(feature_columns)
/home/freidanm/repos/pytorch_experiments/experiments_env/src/pysgmcmc/pysgmcmc/data/datasets.py:18: FutureWarning: Method .as_matrix will be removed in a future version. Use .values instead.
  y_test = test_data[label_column].as_matrix()
INFO - root - Performing 15000 iterations
INFO - BNN_UCI - Result: {'x_test': array([[9.37800e-02, 1.25000e+01, 7.87000e+00, 0.00000e+00, 5.24000e-01,
        5.88900e+00, 3.90000e+01, 5.45090e+00, 5.00000e+00, 3.11000e+02,
        1.52000e+01, 3.90500e+02, 1.57100e+01],
       [2.17700e-02, 8.25000e+01, 2.03000e+00, 0.00000e+00, 4.15000e-01,
        7.61000e+00, 1.57000e+01, 6.27000e+00, 2.00000e+00, 3.48000e+02,
        1.47000e+01, 3.95380e+02, 3.11000e+00],
       [3.53700e-02, 3.40000e+01, 6.09000e+00, 0.00000e+00, 4.33000e-01,
        6.59000e+00, 4.04000e+01, 5.49170e+00, 7.00000e+00, 3.29000e+02,
        1.61000e+01, 3.95750e+02, 9.50000e+00],
       [9.82349e+00, 0.00000e+00, 1.81000e+01, 0.00000e+00, 6.71000e-01,
        6.79400e+00, 9.88000e+01, 1.35800e+00, 2.40000e+01, 6.66000e+02,
        2.02000e+01, 3.96900e+02, 2.12400e+01],
       [1.51772e+01, 0.00000e+00, 1.81000e+01, 0.00000e+00, 7.40000e-01,
        6.15200e+00, 1.00000e+02, 1.91420e+00, 2.40000e+01, 6.66000e+02,
        2.02000e+01, 9.32000e+00, 2.64500e+01],
       [5.40110e-01, 2.00000e+01, 3.97000e+00, 0.00000e+00, 6.47000e-01,
        7.20300e+00, 8.18000e+01, 2.11210e+00, 5.00000e+00, 2.64000e+02,
        1.30000e+01, 3.92800e+02, 9.59000e+00],
       [1.36420e-01, 0.00000e+00, 1.05900e+01, 0.00000e+00, 4.89000e-01,
        5.89100e+00, 2.23000e+01, 3.94540e+00, 4.00000e+00, 2.77000e+02,
        1.86000e+01, 3.96900e+02, 1.08700e+01],
       [1.49632e+00, 0.00000e+00, 1.95800e+01, 0.00000e+00, 8.71000e-01,
        5.40400e+00, 1.00000e+02, 1.59160e+00, 5.00000e+00, 4.03000e+02,
        1.47000e+01, 3.41600e+02, 1.32800e+01],
       [4.64689e+00, 0.00000e+00, 1.81000e+01, 0.00000e+00, 6.14000e-01,
        6.98000e+00, 6.76000e+01, 2.53290e+00, 2.40000e+01, 6.66000e+02,
        2.02000e+01, 3.74680e+02, 1.16600e+01],
       [1.23290e-01, 0.00000e+00, 1.00100e+01, 0.00000e+00, 5.47000e-01,
        5.91300e+00, 9.29000e+01, 2.35340e+00, 6.00000e+00, 4.32000e+02,
        1.78000e+01, 3.94950e+02, 1.62100e+01],
       [8.89762e+01, 0.00000e+00, 1.81000e+01, 0.00000e+00, 6.71000e-01,
        6.96800e+00, 9.19000e+01, 1.41650e+00, 2.40000e+01, 6.66000e+02,
        2.02000e+01, 3.96900e+02, 1.72100e+01],
       [2.22120e-01, 0.00000e+00, 1.00100e+01, 0.00000e+00, 5.47000e-01,
        6.09200e+00, 9.54000e+01, 2.54800e+00, 6.00000e+00, 4.32000e+02,
        1.78000e+01, 3.96900e+02, 1.70900e+01],
       [4.75237e+00, 0.00000e+00, 1.81000e+01, 0.00000e+00, 7.13000e-01,
        6.52500e+00, 8.65000e+01, 2.43580e+00, 2.40000e+01, 6.66000e+02,
        2.02000e+01, 5.09200e+01, 1.81300e+01],
       [8.49213e+00, 0.00000e+00, 1.81000e+01, 0.00000e+00, 5.84000e-01,
        6.34800e+00, 8.61000e+01, 2.05270e+00, 2.40000e+01, 6.66000e+02,
        2.02000e+01, 8.34500e+01, 1.76400e+01],
       [1.43900e-02, 6.00000e+01, 2.93000e+00, 0.00000e+00, 4.01000e-01,
        6.60400e+00, 1.88000e+01, 6.21960e+00, 1.00000e+00, 2.65000e+02,
        1.56000e+01, 3.76700e+02, 4.38000e+00],
       [1.71200e-01, 0.00000e+00, 8.56000e+00, 0.00000e+00, 5.20000e-01,
        5.83600e+00, 9.19000e+01, 2.21100e+00, 5.00000e+00, 3.84000e+02,
        2.09000e+01, 3.95670e+02, 1.86600e+01],
       [7.90410e-01, 0.00000e+00, 9.90000e+00, 0.00000e+00, 5.44000e-01,
        6.12200e+00, 5.28000e+01, 2.64030e+00, 4.00000e+00, 3.04000e+02,
        1.84000e+01, 3.96900e+02, 5.98000e+00],
       [2.24380e-01, 0.00000e+00, 9.69000e+00, 0.00000e+00, 5.85000e-01,
        6.02700e+00, 7.97000e+01, 2.49820e+00, 6.00000e+00, 3.91000e+02,
        1.92000e+01, 3.96900e+02, 1.43300e+01],
       [6.26300e-02, 0.00000e+00, 1.19300e+01, 0.00000e+00, 5.73000e-01,
        6.59300e+00, 6.91000e+01, 2.47860e+00, 1.00000e+00, 2.73000e+02,
        2.10000e+01, 3.91990e+02, 9.67000e+00],
       [1.20830e-01, 0.00000e+00, 2.89000e+00, 0.00000e+00, 4.45000e-01,
        8.06900e+00, 7.60000e+01, 3.49520e+00, 2.00000e+00, 2.76000e+02,
        1.80000e+01, 3.96900e+02, 4.21000e+00],
       [8.52040e-01, 0.00000e+00, 8.14000e+00, 0.00000e+00, 5.38000e-01,
        5.96500e+00, 8.92000e+01, 4.01230e+00, 4.00000e+00, 3.07000e+02,
        2.10000e+01, 3.92530e+02, 1.38300e+01],
       [7.87500e-02, 4.50000e+01, 3.44000e+00, 0.00000e+00, 4.37000e-01,
        6.78200e+00, 4.11000e+01, 3.78860e+00, 5.00000e+00, 3.98000e+02,
        1.52000e+01, 3.93870e+02, 6.68000e+00],
       [5.44114e+00, 0.00000e+00, 1.81000e+01, 0.00000e+00, 7.13000e-01,
        6.65500e+00, 9.82000e+01, 2.35520e+00, 2.40000e+01, 6.66000e+02,
        2.02000e+01, 3.55290e+02, 1.77300e+01],
       [3.04100e-02, 0.00000e+00, 5.19000e+00, 0.00000e+00, 5.15000e-01,
        5.89500e+00, 5.96000e+01, 5.61500e+00, 5.00000e+00, 2.24000e+02,
        2.02000e+01, 3.94810e+02, 1.05600e+01],
       [7.52601e+00, 0.00000e+00, 1.81000e+01, 0.00000e+00, 7.13000e-01,
        6.41700e+00, 9.83000e+01, 2.18500e+00, 2.40000e+01, 6.66000e+02,
        2.02000e+01, 3.04210e+02, 1.93100e+01],
       [1.39134e+01, 0.00000e+00, 1.81000e+01, 0.00000e+00, 7.13000e-01,
        6.20800e+00, 9.50000e+01, 2.22220e+00, 2.40000e+01, 6.66000e+02,
        2.02000e+01, 1.00630e+02, 1.51700e+01],
       [1.42362e+01, 0.00000e+00, 1.81000e+01, 0.00000e+00, 6.93000e-01,
        6.34300e+00, 1.00000e+02, 1.57410e+00, 2.40000e+01, 6.66000e+02,
        2.02000e+01, 3.96900e+02, 2.03200e+01],
       [1.83377e+00, 0.00000e+00, 1.95800e+01, 1.00000e+00, 6.05000e-01,
        7.80200e+00, 9.82000e+01, 2.04070e+00, 5.00000e+00, 4.03000e+02,
        1.47000e+01, 3.89610e+02, 1.92000e+00],
       [9.23230e+00, 0.00000e+00, 1.81000e+01, 0.00000e+00, 6.31000e-01,
        6.21600e+00, 1.00000e+02, 1.16910e+00, 2.40000e+01, 6.66000e+02,
        2.02000e+01, 3.66150e+02, 9.53000e+00],
       [2.48017e+01, 0.00000e+00, 1.81000e+01, 0.00000e+00, 6.93000e-01,
        5.34900e+00, 9.60000e+01, 1.70280e+00, 2.40000e+01, 6.66000e+02,
        2.02000e+01, 3.96900e+02, 1.97700e+01],
       [1.07930e-01, 0.00000e+00, 8.56000e+00, 0.00000e+00, 5.20000e-01,
        6.19500e+00, 5.44000e+01, 2.77780e+00, 5.00000e+00, 3.84000e+02,
        2.09000e+01, 3.93490e+02, 1.30000e+01],
       [5.47900e-02, 3.30000e+01, 2.18000e+00, 0.00000e+00, 4.72000e-01,
        6.61600e+00, 5.81000e+01, 3.37000e+00, 7.00000e+00, 2.22000e+02,
        1.84000e+01, 3.93360e+02, 8.93000e+00],
       [1.09600e-02, 5.50000e+01, 2.25000e+00, 0.00000e+00, 3.89000e-01,
        6.45300e+00, 3.19000e+01, 7.30730e+00, 1.00000e+00, 3.00000e+02,
        1.53000e+01, 3.94720e+02, 8.23000e+00],
       [1.96091e+01, 0.00000e+00, 1.81000e+01, 0.00000e+00, 6.71000e-01,
        7.31300e+00, 9.79000e+01, 1.31630e+00, 2.40000e+01, 6.66000e+02,
        2.02000e+01, 3.96900e+02, 1.34400e+01],
       [1.50860e-01, 0.00000e+00, 2.77400e+01, 0.00000e+00, 6.09000e-01,
        5.45400e+00, 9.27000e+01, 1.82090e+00, 4.00000e+00, 7.11000e+02,
        2.01000e+01, 3.95090e+02, 1.80600e+01],
       [1.14250e-01, 0.00000e+00, 1.38900e+01, 1.00000e+00, 5.50000e-01,
        6.37300e+00, 9.24000e+01, 3.36330e+00, 5.00000e+00, 2.76000e+02,
        1.64000e+01, 3.93740e+02, 1.05000e+01],
       [6.88800e-02, 0.00000e+00, 2.46000e+00, 0.00000e+00, 4.88000e-01,
        6.14400e+00, 6.22000e+01, 2.59790e+00, 3.00000e+00, 1.93000e+02,
        1.78000e+01, 3.96900e+02, 9.45000e+00],
       [6.46600e-02, 7.00000e+01, 2.24000e+00, 0.00000e+00, 4.00000e-01,
        6.34500e+00, 2.01000e+01, 7.82780e+00, 5.00000e+00, 3.58000e+02,
        1.48000e+01, 3.68240e+02, 4.97000e+00],
       [1.69020e-01, 0.00000e+00, 2.56500e+01, 0.00000e+00, 5.81000e-01,
        5.98600e+00, 8.84000e+01, 1.99290e+00, 2.00000e+00, 1.88000e+02,
        1.91000e+01, 3.85020e+02, 1.48100e+01],
       [3.51140e-01, 0.00000e+00, 7.38000e+00, 0.00000e+00, 4.93000e-01,
        6.04100e+00, 4.99000e+01, 4.72110e+00, 5.00000e+00, 2.87000e+02,
        1.96000e+01, 3.96900e+02, 7.70000e+00],
       [1.12658e+00, 0.00000e+00, 1.95800e+01, 1.00000e+00, 8.71000e-01,
        5.01200e+00, 8.80000e+01, 1.61020e+00, 5.00000e+00, 4.03000e+02,
        1.47000e+01, 3.43280e+02, 1.21200e+01],
       [7.95000e-02, 6.00000e+01, 1.69000e+00, 0.00000e+00, 4.11000e-01,
        6.57900e+00, 3.59000e+01, 1.07103e+01, 4.00000e+00, 4.11000e+02,
        1.83000e+01, 3.70780e+02, 5.49000e+00],
       [2.86558e+01, 0.00000e+00, 1.81000e+01, 0.00000e+00, 5.97000e-01,
        5.15500e+00, 1.00000e+02, 1.58940e+00, 2.40000e+01, 6.66000e+02,
        2.02000e+01, 2.10970e+02, 2.00800e+01],
       [8.98296e+00, 0.00000e+00, 1.81000e+01, 1.00000e+00, 7.70000e-01,
        6.21200e+00, 9.74000e+01, 2.12220e+00, 2.40000e+01, 6.66000e+02,
        2.02000e+01, 3.77730e+02, 1.76000e+01],
       [4.07710e-01, 0.00000e+00, 6.20000e+00, 1.00000e+00, 5.07000e-01,
        6.16400e+00, 9.13000e+01, 3.04800e+00, 8.00000e+00, 3.07000e+02,
        1.74000e+01, 3.95240e+02, 2.14600e+01],
       [4.83567e+00, 0.00000e+00, 1.81000e+01, 0.00000e+00, 5.83000e-01,
        5.90500e+00, 5.32000e+01, 3.15230e+00, 2.40000e+01, 6.66000e+02,
        2.02000e+01, 3.88220e+02, 1.14500e+01],
       [5.20140e-01, 2.00000e+01, 3.97000e+00, 0.00000e+00, 6.47000e-01,
        8.39800e+00, 9.15000e+01, 2.28850e+00, 5.00000e+00, 2.64000e+02,
        1.30000e+01, 3.86860e+02, 5.91000e+00],
       [5.05900e-02, 0.00000e+00, 4.49000e+00, 0.00000e+00, 4.49000e-01,
        6.38900e+00, 4.80000e+01, 4.77940e+00, 3.00000e+00, 2.47000e+02,
        1.85000e+01, 3.96900e+02, 9.62000e+00],
       [5.18800e-02, 0.00000e+00, 4.49000e+00, 0.00000e+00, 4.49000e-01,
        6.01500e+00, 4.51000e+01, 4.42720e+00, 3.00000e+00, 2.47000e+02,
        1.85000e+01, 3.95990e+02, 1.28600e+01],
       [8.02710e-01, 0.00000e+00, 8.14000e+00, 0.00000e+00, 5.38000e-01,
        5.45600e+00, 3.66000e+01, 3.79650e+00, 4.00000e+00, 3.07000e+02,
        2.10000e+01, 2.88990e+02, 1.16900e+01],
       [8.19900e-02, 0.00000e+00, 1.39200e+01, 0.00000e+00, 4.37000e-01,
        6.00900e+00, 4.23000e+01, 5.50270e+00, 4.00000e+00, 2.89000e+02,
        1.60000e+01, 3.96900e+02, 1.04000e+01]]), 'prediction_std': array([2.0351896 , 5.031927  , 1.5601649 , 1.6850576 , 1.3084769 ,
       0.9941136 , 1.3010937 , 1.7815503 , 2.2033985 , 1.0708885 ,
       2.1305244 , 2.0778866 , 1.2246678 , 1.7506644 , 1.7379359 ,
       1.2649215 , 0.97687435, 1.0079659 , 1.2111112 , 1.6749821 ,
       0.9236163 , 1.8781904 , 1.5966609 , 1.1533546 , 1.633945  ,
       1.6569092 , 1.6904001 , 1.3679479 , 2.6947334 , 1.5535377 ,
       1.2040944 , 1.5980896 , 1.7603014 , 1.6459677 , 0.84068584,
       1.1583457 , 1.320807  , 1.6395417 , 1.0905713 , 1.1640846 ,
       1.8157282 , 2.2181225 , 1.8532872 , 2.42656   , 1.1270937 ,
       1.4354182 , 1.0677149 , 1.605473  , 1.6643698 , 1.4832934 ,
       1.6643602 ], dtype=float32), 'prediction_mean': array([21.942104, 39.75241 , 22.797775, 13.460991,  9.841697, 36.436573,
       23.826721, 17.864044, 22.258745, 19.896282, 14.040909, 19.360443,
       13.57064 , 13.997173, 28.032013, 17.628954, 22.806574, 20.175667,
       23.254343, 35.009888, 16.281958, 30.15083 , 15.27325 , 18.738747,
       14.276597, 12.997099, 11.516078, 46.262695, 27.165264, 10.779781,
       24.240658, 26.000076, 22.148355, 20.714516, 11.64036 , 24.910826,
       26.489588, 24.725674, 20.336475, 20.063532, 14.633892, 21.320284,
       15.645983, 19.96919 , 20.58875 , 21.380428, 47.967762, 24.639198,
       21.893658, 17.601284, 22.208864], dtype=float32), 'y_train': array([24. , 21.6, 34.7, 33.4, 36.2, 28.7, 22.9, 27.1, 16.5, 18.9, 15. ,
       18.9, 20.4, 18.2, 19.9, 23.1, 17.5, 18.2, 13.6, 15.2, 14.5, 15.6,
       13.9, 16.6, 14.8, 18.4, 21. , 12.7, 14.5, 13.2, 13.1, 13.5, 18.9,
       20. , 21. , 24.7, 30.8, 34.9, 26.6, 25.3, 24.7, 21.2, 19.3, 20. ,
       16.6, 14.4, 19.4, 19.7, 20.5, 25. , 23.4, 18.9, 35.4, 24.7, 31.6,
       23.3, 19.6, 18.7, 16. , 22.2, 25. , 33. , 23.5, 19.4, 22. , 17.4,
       20.9, 24.2, 21.7, 22.8, 23.4, 24.1, 21.4, 20. , 20.8, 21.2, 20.3,
       28. , 23.9, 24.8, 22.9, 26.6, 22.2, 23.6, 28.7, 22.6, 22. , 22.9,
       25. , 20.6, 28.4, 21.4, 43.8, 33.2, 27.5, 26.5, 18.6, 19.3, 20.1,
       19.5, 20.4, 19.8, 19.4, 22.8, 18.5, 18.3, 21.2, 19.2, 20.4, 19.3,
       22. , 20.3, 20.5, 17.3, 18.8, 15.7, 16.2, 18. , 14.3, 19.2, 19.6,
       23. , 18.4, 15.6, 18.1, 17.4, 17.1, 13.3, 17.8, 14. , 14.4, 13.4,
       15.6, 11.8, 13.8, 15.6, 14.6, 17.8, 15.4, 21.5, 19.4, 17. , 15.6,
       13.1, 41.3, 24.3, 23.3, 27. , 50. , 50. , 22.7, 25. , 50. , 23.8,
       23.8, 22.3, 17.4, 19.1, 23.1, 23.6, 22.6, 29.4, 23.2, 24.6, 29.9,
       37.2, 39.8, 37.9, 32.5, 26.4, 29.6, 50. , 29.8, 34.9, 37. , 30.5,
       36.4, 31.1, 50. , 33.3, 30.3, 34.6, 34.9, 32.9, 24.1, 48.5, 50. ,
       24.4, 22.5, 24.4, 20. , 21.7, 19.3, 22.4, 28.1, 23.7, 25. , 23.3,
       28.7, 21.5, 26.7, 27.5, 30.1, 44.8, 50. , 37.6, 31.6, 46.7, 31.5,
       24.3, 31.7, 41.7, 48.3, 29. , 24. , 25.1, 31.5, 23.7, 23.3, 22. ,
       20.1, 22.2, 23.7, 17.6, 18.5, 24.3, 20.5, 24.5, 26.2, 24.4, 24.8,
       29.6, 42.8, 21.9, 20.9, 44. , 50. , 36. , 30.1, 43.1, 31. , 36.5,
       22.8, 30.7, 50. , 43.5, 20.7, 21.1, 25.2, 24.4, 35.2, 32.4, 32. ,
       33.2, 33.1, 29.1, 35.1, 45.4, 35.4, 46. , 50. , 32.2, 20.1, 23.2,
       22.3, 24.8, 28.5, 37.3, 27.9, 23.9, 28.6, 27.1, 20.3, 29. , 24.8,
       26.4, 33.1, 36.1, 33.4, 28.2, 22.8, 20.3, 16.1, 19.4, 21.6, 23.8,
       16.2, 17.8, 19.8, 23.1, 21. , 23.8, 23.1, 18.5, 25. , 24.6, 23. ,
       22.2, 19.3, 22.6, 19.8, 17.1, 19.4, 22.2, 20.7, 21.1, 19.5, 20.6,
       19. , 18.7, 32.7, 16.5, 23.9, 31.2, 17.5, 17.2, 23.1, 24.5, 26.6,
       22.9, 18.6, 30.1, 18.2, 20.6, 21.7, 22.7, 22.6, 25. , 19.9, 20.8,
       16.8, 21.9, 27.5, 21.9, 23.1, 50. , 50. , 50. , 50. , 13.8, 13.8,
       13.9, 13.1, 10.2, 10.9, 11.3, 12.3,  8.8,  7.2, 10.5,  7.4, 10.2,
       11.5, 15.1, 23.2,  9.7, 13.8, 12.7, 13.1, 12.5,  8.5,  5. ,  6.3,
        5.6, 12.1,  8.5,  5. , 11.9, 27.9, 17.2, 27.5, 15. , 17.2, 17.9,
        7. ,  7.2,  7.5, 10.4,  8.8,  8.4, 16.7, 14.2, 20.8, 13.4, 11.7,
        8.3, 10.2, 10.9, 11. ,  9.5, 14.1, 16.1, 14.3, 13.4,  9.6,  8.4,
       12.8, 10.5, 17.1, 18.4, 15.4, 10.8, 11.8, 14.9, 12.6, 14.1, 13.4,
       16.1, 17.8, 14.9, 12.7, 13.5, 14.9, 20. , 16.4, 17.7, 19.5, 20.2,
       21.4, 19.9, 19. , 19.1, 19.1, 20.1, 19.9, 19.6, 23.2, 13.8, 13.3,
       16.7, 12. , 14.6, 21.4, 23. , 23.7, 25. , 21.8, 20.6, 21.2, 19.1,
        7. ,  8.1, 13.6, 20.1, 21.8, 24.5, 23.1, 19.7, 18.3, 21.2, 17.5,
       20.6, 23.9, 22. , 11.9]), 'x_train': array([[6.3200e-03, 1.8000e+01, 2.3100e+00, ..., 1.5300e+01, 3.9690e+02,
        4.9800e+00],
       [2.7310e-02, 0.0000e+00, 7.0700e+00, ..., 1.7800e+01, 3.9690e+02,
        9.1400e+00],
       [2.7290e-02, 0.0000e+00, 7.0700e+00, ..., 1.7800e+01, 3.9283e+02,
        4.0300e+00],
       ...,
       [6.0760e-02, 0.0000e+00, 1.1930e+01, ..., 2.1000e+01, 3.9690e+02,
        5.6400e+00],
       [1.0959e-01, 0.0000e+00, 1.1930e+01, ..., 2.1000e+01, 3.9345e+02,
        6.4800e+00],
       [4.7410e-02, 0.0000e+00, 1.1930e+01, ..., 2.1000e+01, 3.9690e+02,
        7.8800e+00]]), 'packages': [['atomicwrites', '1.1.5'], ['attrs', '18.1.0'], ['backcall', '0.1.0'], ['coverage', '4.5.1'], ['cycler', '0.10.0'], ['decorator', '4.3.0'], ['docopt', '0.6.2'], ['hashfs', '0.7.0'], ['hypothesis', '3.57.0'], ['ipykernel', '4.8.2'], ['ipython', '6.4.0'], ['ipython-genutils', '0.2.0'], ['jedi', '0.12.0'], ['jsonpickle', '0.9.6'], ['jsonschema', '2.6.0'], ['jupyter-client', '5.2.3'], ['jupyter-core', '4.4.0'], ['kiwisolver', '1.0.1'], ['Lasagne', '0.1'], ['matplotlib', '2.2.2'], ['more-itertools', '4.2.0'], ['mpmath', '1.0.0'], ['munch', '2.3.2'], ['nbformat', '4.4.0'], ['nbval', '0.9.1'], ['numpy', '1.14.3'], ['pandas', '0.23.0'], ['parso', '0.2.1'], ['pexpect', '4.6.0'], ['pickleshare', '0.7.4'], ['Pillow', '5.1.0'], ['pip', '10.0.1'], ['pkg-resources', '0.0.0'], ['pluggy', '0.6.0'], ['prompt-toolkit', '1.0.15'], ['ptyprocess', '0.5.2'], ['py', '1.5.3'], ['py-cpuinfo', '4.0.0'], ['Pygments', '2.2.0'], ['pymongo', '3.6.1'], ['pyparsing', '2.2.0'], ['pysgmcmc', '0.0.1'], ['pytest', '3.6.0'], ['python-dateutil', '2.7.3'], ['pytz', '2018.4'], ['pyzmq', '17.0.0'], ['sacred', '0.7.3'], ['scandir', '1.7'], ['scikit-learn', '0.19.1'], ['scipy', '1.1.0'], ['seaborn', '0.8.1'], ['setuptools', '39.2.0'], ['simplegeneric', '0.8.1'], ['six', '1.11.0'], ['SQLAlchemy', '1.2.8'], ['sympy', '1.1.1'], ['Theano', '0.8.0'], ['tinydb', '3.9.0.post1'], ['tinydb-serialization', '1.0.4'], ['torch', '0.4.0'], ['torchvision', '0.2.1'], ['tornado', '5.0.2'], ['tqdm', '4.23.4'], ['traitlets', '4.3.2'], ['wcwidth', '0.1.7'], ['wheel', '0.31.1'], ['wrapt', '1.10.11']], 'y_test': array([21.7, 42.3, 22. , 13.3,  8.7, 33.8, 22.6, 19.6, 29.8, 18.8, 10.4,
       18.7, 14.1, 14.5, 29.1, 19.5, 22.1, 16.8, 22.4, 38.7, 19.6, 32. ,
       15.2, 18.5, 13. , 11.7,  7.2, 50. , 50. ,  8.3, 21.7, 28.4, 22. ,
       15. , 15.2, 23. , 36.2, 22.5, 21.4, 20.4, 15.3, 24.1, 16.3, 17.8,
       21.7, 20.6, 48.8, 23.9, 22.5, 20.2, 21.7])}
INFO - BNN_UCI - Completed after 0:03:40
