INFO - BNN_UCI - Running command 'fit_bnn'
INFO - BNN_UCI - Started run with ID "354"
/home/freidanm/repos/pytorch_experiments/experiments_env/src/pysgmcmc/pysgmcmc/data/datasets.py:14: FutureWarning: Method .as_matrix will be removed in a future version. Use .values instead.
  x_train = train_data.as_matrix(feature_columns)
/home/freidanm/repos/pytorch_experiments/experiments_env/src/pysgmcmc/pysgmcmc/data/datasets.py:15: FutureWarning: Method .as_matrix will be removed in a future version. Use .values instead.
  y_train = train_data[label_column].as_matrix()
/home/freidanm/repos/pytorch_experiments/experiments_env/src/pysgmcmc/pysgmcmc/data/datasets.py:17: FutureWarning: Method .as_matrix will be removed in a future version. Use .values instead.
  x_test = test_data.as_matrix(feature_columns)
/home/freidanm/repos/pytorch_experiments/experiments_env/src/pysgmcmc/pysgmcmc/data/datasets.py:18: FutureWarning: Method .as_matrix will be removed in a future version. Use .values instead.
  y_test = test_data[label_column].as_matrix()
INFO - root - Performing 15000 iterations
INFO - BNN_UCI - Result: {'y_test': array([19.6, 20.1, 50. , 24.6, 30.8, 22.6, 33.4, 19.5, 22. ,  9.5, 27.9,
        9.6, 10.9, 12.6, 50. , 33.2, 17.1, 20.4, 21.4, 31.5, 23. , 15.2,
       24. , 14.5,  7.5, 13.2, 30.5, 23.7, 19.4, 21.2, 16.6, 20.7, 24.4,
       15.3, 19.5, 23.6, 21.8, 44. , 28. , 22. , 14.2, 19.5, 22.7, 17.6,
       17.4, 23. , 28.4, 14.5, 18.8, 28.1, 23.2]), 'x_test': array([[4.03841e+00, 0.00000e+00, 1.81000e+01, 0.00000e+00, 5.32000e-01,
        6.22900e+00, 9.07000e+01, 3.09930e+00, 2.40000e+01, 6.66000e+02,
        2.02000e+01, 3.95330e+02, 1.28700e+01],
       [1.06120e-01, 3.00000e+01, 4.93000e+00, 0.00000e+00, 4.28000e-01,
        6.09500e+00, 6.51000e+01, 6.33610e+00, 6.00000e+00, 3.00000e+02,
        1.66000e+01, 3.94620e+02, 1.24000e+01],
       [1.50100e-02, 9.00000e+01, 1.21000e+00, 1.00000e+00, 4.01000e-01,
        7.92300e+00, 2.48000e+01, 5.88500e+00, 1.00000e+00, 1.98000e+02,
        1.36000e+01, 3.95520e+02, 3.16000e+00],
       [1.91860e-01, 0.00000e+00, 7.38000e+00, 0.00000e+00, 4.93000e-01,
        6.43100e+00, 1.47000e+01, 5.41590e+00, 5.00000e+00, 2.87000e+02,
        1.96000e+01, 3.93680e+02, 5.08000e+00],
       [2.76300e-02, 7.50000e+01, 2.95000e+00, 0.00000e+00, 4.28000e-01,
        6.59500e+00, 2.18000e+01, 5.40110e+00, 3.00000e+00, 2.52000e+02,
        1.83000e+01, 3.95630e+02, 4.32000e+00],
       [4.26131e+00, 0.00000e+00, 1.81000e+01, 0.00000e+00, 7.70000e-01,
        6.11200e+00, 8.13000e+01, 2.50910e+00, 2.40000e+01, 6.66000e+02,
        2.02000e+01, 3.90740e+02, 1.26700e+01],
       [3.23700e-02, 0.00000e+00, 2.18000e+00, 0.00000e+00, 4.58000e-01,
        6.99800e+00, 4.58000e+01, 6.06220e+00, 3.00000e+00, 2.22000e+02,
        1.87000e+01, 3.94630e+02, 2.94000e+00],
       [1.32620e-01, 0.00000e+00, 8.56000e+00, 0.00000e+00, 5.20000e-01,
        5.85100e+00, 9.67000e+01, 2.10690e+00, 5.00000e+00, 3.84000e+02,
        2.09000e+01, 3.94050e+02, 1.64700e+01],
       [3.53700e-02, 3.40000e+01, 6.09000e+00, 0.00000e+00, 4.33000e-01,
        6.59000e+00, 4.04000e+01, 5.49170e+00, 7.00000e+00, 3.29000e+02,
        1.61000e+01, 3.95750e+02, 9.50000e+00],
       [9.33889e+00, 0.00000e+00, 1.81000e+01, 0.00000e+00, 6.79000e-01,
        6.38000e+00, 9.56000e+01, 1.96820e+00, 2.40000e+01, 6.66000e+02,
        2.02000e+01, 6.07200e+01, 2.40800e+01],
       [1.19511e+01, 0.00000e+00, 1.81000e+01, 0.00000e+00, 6.59000e-01,
        5.60800e+00, 1.00000e+02, 1.28520e+00, 2.40000e+01, 6.66000e+02,
        2.02000e+01, 3.32090e+02, 1.21300e+01],
       [1.44208e+01, 0.00000e+00, 1.81000e+01, 0.00000e+00, 7.40000e-01,
        6.46100e+00, 9.33000e+01, 2.00260e+00, 2.40000e+01, 6.66000e+02,
        2.02000e+01, 2.74900e+01, 1.80500e+01],
       [3.76619e+01, 0.00000e+00, 1.81000e+01, 0.00000e+00, 6.79000e-01,
        6.20200e+00, 7.87000e+01, 1.86290e+00, 2.40000e+01, 6.66000e+02,
        2.02000e+01, 1.88200e+01, 1.45200e+01],
       [9.92485e+00, 0.00000e+00, 1.81000e+01, 0.00000e+00, 7.40000e-01,
        6.25100e+00, 9.66000e+01, 2.19800e+00, 2.40000e+01, 6.66000e+02,
        2.02000e+01, 3.88520e+02, 1.64400e+01],
       [2.00900e-02, 9.50000e+01, 2.68000e+00, 0.00000e+00, 4.16100e-01,
        8.03400e+00, 3.19000e+01, 5.11800e+00, 4.00000e+00, 2.24000e+02,
        1.47000e+01, 3.90550e+02, 2.88000e+00],
       [6.86000e-02, 0.00000e+00, 2.89000e+00, 0.00000e+00, 4.45000e-01,
        7.41600e+00, 6.25000e+01, 3.49520e+00, 2.00000e+00, 2.76000e+02,
        1.80000e+01, 3.96900e+02, 6.19000e+00],
       [5.02300e-02, 3.50000e+01, 6.06000e+00, 0.00000e+00, 4.37900e-01,
        5.70600e+00, 2.84000e+01, 6.64070e+00, 1.00000e+00, 3.04000e+02,
        1.69000e+01, 3.94020e+02, 1.24300e+01],
       [6.29760e-01, 0.00000e+00, 8.14000e+00, 0.00000e+00, 5.38000e-01,
        5.94900e+00, 6.18000e+01, 4.70750e+00, 4.00000e+00, 3.07000e+02,
        2.10000e+01, 3.96900e+02, 8.26000e+00],
       [9.51200e-02, 0.00000e+00, 1.28300e+01, 0.00000e+00, 4.37000e-01,
        6.28600e+00, 4.50000e+01, 4.50260e+00, 5.00000e+00, 3.98000e+02,
        1.87000e+01, 3.83230e+02, 8.94000e+00],
       [4.41780e-01, 0.00000e+00, 6.20000e+00, 0.00000e+00, 5.04000e-01,
        6.55200e+00, 2.14000e+01, 3.37510e+00, 8.00000e+00, 3.07000e+02,
        1.74000e+01, 3.80340e+02, 3.76000e+00],
       [3.03470e-01, 0.00000e+00, 7.38000e+00, 0.00000e+00, 4.93000e-01,
        6.31200e+00, 2.89000e+01, 5.41590e+00, 5.00000e+00, 2.87000e+02,
        1.96000e+01, 3.96900e+02, 6.15000e+00],
       [1.23247e+00, 0.00000e+00, 8.14000e+00, 0.00000e+00, 5.38000e-01,
        6.14200e+00, 9.17000e+01, 3.97690e+00, 4.00000e+00, 3.07000e+02,
        2.10000e+01, 3.96900e+02, 1.87200e+01],
       [3.30450e-01, 0.00000e+00, 6.20000e+00, 0.00000e+00, 5.07000e-01,
        6.08600e+00, 6.15000e+01, 3.65190e+00, 8.00000e+00, 3.07000e+02,
        1.74000e+01, 3.76750e+02, 1.08800e+01],
       [8.49213e+00, 0.00000e+00, 1.81000e+01, 0.00000e+00, 5.84000e-01,
        6.34800e+00, 8.61000e+01, 2.05270e+00, 2.40000e+01, 6.66000e+02,
        2.02000e+01, 8.34500e+01, 1.76400e+01],
       [1.08342e+01, 0.00000e+00, 1.81000e+01, 0.00000e+00, 6.79000e-01,
        6.78200e+00, 9.08000e+01, 1.81950e+00, 2.40000e+01, 6.66000e+02,
        2.02000e+01, 2.15700e+01, 2.57900e+01],
       [1.38799e+00, 0.00000e+00, 8.14000e+00, 0.00000e+00, 5.38000e-01,
        5.95000e+00, 8.20000e+01, 3.99000e+00, 4.00000e+00, 3.07000e+02,
        2.10000e+01, 2.32600e+02, 2.77100e+01],
       [6.91100e-02, 4.50000e+01, 3.44000e+00, 0.00000e+00, 4.37000e-01,
        6.73900e+00, 3.08000e+01, 6.47980e+00, 5.00000e+00, 3.98000e+02,
        1.52000e+01, 3.89710e+02, 4.69000e+00],
       [5.70818e+00, 0.00000e+00, 1.81000e+01, 0.00000e+00, 5.32000e-01,
        6.75000e+00, 7.49000e+01, 3.33170e+00, 2.40000e+01, 6.66000e+02,
        2.02000e+01, 3.93070e+02, 7.74000e+00],
       [2.63630e-01, 0.00000e+00, 8.56000e+00, 0.00000e+00, 5.20000e-01,
        6.22900e+00, 9.12000e+01, 2.54510e+00, 5.00000e+00, 3.84000e+02,
        2.09000e+01, 3.91230e+02, 1.55500e+01],
       [3.67367e+00, 0.00000e+00, 1.81000e+01, 0.00000e+00, 5.83000e-01,
        6.31200e+00, 5.19000e+01, 3.99170e+00, 2.40000e+01, 6.66000e+02,
        2.02000e+01, 3.88620e+02, 1.05800e+01],
       [2.29270e-01, 0.00000e+00, 6.91000e+00, 0.00000e+00, 4.48000e-01,
        6.03000e+00, 8.55000e+01, 5.68940e+00, 3.00000e+00, 2.33000e+02,
        1.79000e+01, 3.92740e+02, 1.88000e+01],
       [3.73800e-02, 0.00000e+00, 5.19000e+00, 0.00000e+00, 5.15000e-01,
        6.31000e+00, 3.85000e+01, 6.45840e+00, 5.00000e+00, 2.24000e+02,
        2.02000e+01, 3.89400e+02, 6.75000e+00],
       [1.35870e-01, 0.00000e+00, 1.05900e+01, 1.00000e+00, 4.89000e-01,
        6.06400e+00, 5.91000e+01, 4.23920e+00, 4.00000e+00, 2.77000e+02,
        1.86000e+01, 3.81320e+02, 1.46600e+01],
       [1.12658e+00, 0.00000e+00, 1.95800e+01, 1.00000e+00, 8.71000e-01,
        5.01200e+00, 8.80000e+01, 1.61020e+00, 5.00000e+00, 4.03000e+02,
        1.47000e+01, 3.43280e+02, 1.21200e+01],
       [1.71200e-01, 0.00000e+00, 8.56000e+00, 0.00000e+00, 5.20000e-01,
        5.83600e+00, 9.19000e+01, 2.21100e+00, 5.00000e+00, 3.84000e+02,
        2.09000e+01, 3.95670e+02, 1.86600e+01],
       [5.66000e-02, 0.00000e+00, 3.41000e+00, 0.00000e+00, 4.89000e-01,
        7.00700e+00, 8.63000e+01, 3.42170e+00, 2.00000e+00, 2.70000e+02,
        1.78000e+01, 3.96900e+02, 5.50000e+00],
       [1.73310e-01, 0.00000e+00, 9.69000e+00, 0.00000e+00, 5.85000e-01,
        5.70700e+00, 5.40000e+01, 2.38170e+00, 6.00000e+00, 3.91000e+02,
        1.92000e+01, 3.96900e+02, 1.20100e+01],
       [1.53800e-02, 9.00000e+01, 3.75000e+00, 0.00000e+00, 3.94000e-01,
        7.45400e+00, 3.42000e+01, 6.33610e+00, 3.00000e+00, 2.44000e+02,
        1.59000e+01, 3.86340e+02, 3.11000e+00],
       [4.11300e-02, 2.50000e+01, 4.86000e+00, 0.00000e+00, 4.26000e-01,
        6.72700e+00, 3.35000e+01, 5.40070e+00, 4.00000e+00, 2.81000e+02,
        1.90000e+01, 3.96900e+02, 5.29000e+00],
       [1.13290e-01, 3.00000e+01, 4.93000e+00, 0.00000e+00, 4.28000e-01,
        6.89700e+00, 5.43000e+01, 6.33610e+00, 6.00000e+00, 3.00000e+02,
        1.66000e+01, 3.91250e+02, 1.13800e+01],
       [7.02259e+00, 0.00000e+00, 1.81000e+01, 0.00000e+00, 7.18000e-01,
        6.00600e+00, 9.53000e+01, 1.87460e+00, 2.40000e+01, 6.66000e+02,
        2.02000e+01, 3.19980e+02, 1.57000e+01],
       [3.42700e-02, 0.00000e+00, 5.19000e+00, 0.00000e+00, 5.15000e-01,
        5.86900e+00, 4.63000e+01, 5.23110e+00, 5.00000e+00, 2.24000e+02,
        2.02000e+01, 3.96900e+02, 9.80000e+00],
       [5.20177e+00, 0.00000e+00, 1.81000e+01, 1.00000e+00, 7.70000e-01,
        6.12700e+00, 8.34000e+01, 2.72270e+00, 2.40000e+01, 6.66000e+02,
        2.02000e+01, 3.95430e+02, 1.14800e+01],
       [2.06080e-01, 2.20000e+01, 5.86000e+00, 0.00000e+00, 4.31000e-01,
        5.59300e+00, 7.65000e+01, 7.95490e+00, 7.00000e+00, 3.30000e+02,
        1.91000e+01, 3.72490e+02, 1.25000e+01],
       [1.35540e-01, 1.25000e+01, 6.07000e+00, 0.00000e+00, 4.09000e-01,
        5.59400e+00, 3.68000e+01, 6.49800e+00, 4.00000e+00, 3.45000e+02,
        1.89000e+01, 3.96900e+02, 1.30900e+01],
       [1.14250e-01, 0.00000e+00, 1.38900e+01, 1.00000e+00, 5.50000e-01,
        6.37300e+00, 9.24000e+01, 3.36330e+00, 5.00000e+00, 2.76000e+02,
        1.64000e+01, 3.93740e+02, 1.05000e+01],
       [5.47900e-02, 3.30000e+01, 2.18000e+00, 0.00000e+00, 4.72000e-01,
        6.61600e+00, 5.81000e+01, 3.37000e+00, 7.00000e+00, 2.22000e+02,
        1.84000e+01, 3.93360e+02, 8.93000e+00],
       [1.35472e+00, 0.00000e+00, 8.14000e+00, 0.00000e+00, 5.38000e-01,
        6.07200e+00, 1.00000e+02, 4.17500e+00, 4.00000e+00, 3.07000e+02,
        2.10000e+01, 3.76730e+02, 1.30400e+01],
       [9.84900e-02, 0.00000e+00, 2.56500e+01, 0.00000e+00, 5.81000e-01,
        5.87900e+00, 9.58000e+01, 2.00630e+00, 2.00000e+00, 1.88000e+02,
        1.91000e+01, 3.79380e+02, 1.75800e+01],
       [1.40520e-01, 0.00000e+00, 1.05900e+01, 0.00000e+00, 4.89000e-01,
        6.37500e+00, 3.23000e+01, 3.94540e+00, 4.00000e+00, 2.77000e+02,
        1.86000e+01, 3.85810e+02, 9.38000e+00],
       [3.56868e+00, 0.00000e+00, 1.81000e+01, 0.00000e+00, 5.80000e-01,
        6.43700e+00, 7.50000e+01, 2.89650e+00, 2.40000e+01, 6.66000e+02,
        2.02000e+01, 3.93370e+02, 1.43600e+01]]), 'y_train': array([24. , 21.6, 34.7, 36.2, 28.7, 22.9, 27.1, 16.5, 18.9, 15. , 18.9,
       21.7, 18.2, 19.9, 23.1, 17.5, 20.2, 18.2, 13.6, 19.6, 14.5, 15.6,
       13.9, 16.6, 14.8, 18.4, 21. , 12.7, 13.1, 13.5, 18.9, 20. , 21. ,
       24.7, 34.9, 26.6, 25.3, 24.7, 21.2, 19.3, 20. , 14.4, 19.4, 19.7,
       20.5, 25. , 23.4, 18.9, 35.4, 24.7, 31.6, 23.3, 19.6, 18.7, 16. ,
       22.2, 25. , 33. , 23.5, 19.4, 22. , 20.9, 24.2, 21.7, 22.8, 23.4,
       24.1, 20. , 20.8, 21.2, 20.3, 23.9, 24.8, 22.9, 23.9, 26.6, 22.5,
       22.2, 28.7, 22.6, 22. , 22.9, 25. , 20.6, 28.4, 21.4, 38.7, 43.8,
       27.5, 26.5, 18.6, 19.3, 20.1, 20.4, 19.8, 21.7, 22.8, 18.8, 18.7,
       18.5, 18.3, 21.2, 19.2, 20.4, 19.3, 22. , 20.3, 20.5, 17.3, 21.4,
       15.7, 16.2, 18. , 14.3, 19.2, 19.6, 23. , 18.4, 15.6, 18.1, 17.4,
       17.1, 13.3, 17.8, 14. , 14.4, 13.4, 15.6, 11.8, 13.8, 15.6, 14.6,
       17.8, 15.4, 21.5, 19.6, 19.4, 17. , 15.6, 13.1, 41.3, 24.3, 23.3,
       27. , 50. , 50. , 50. , 22.7, 25. , 50. , 23.8, 23.8, 22.3, 17.4,
       19.1, 23.1, 23.6, 22.6, 29.4, 23.2, 24.6, 29.9, 37.2, 39.8, 36.2,
       37.9, 32.5, 26.4, 29.6, 50. , 32. , 29.8, 34.9, 37. , 36.4, 31.1,
       29.1, 50. , 33.3, 30.3, 34.6, 34.9, 32.9, 24.1, 42.3, 48.5, 22.6,
       24.4, 22.5, 20. , 21.7, 19.3, 22.4, 23.7, 25. , 23.3, 28.7, 21.5,
       26.7, 21.7, 27.5, 30.1, 44.8, 50. , 37.6, 31.6, 46.7, 24.3, 31.7,
       41.7, 48.3, 29. , 25.1, 31.5, 23.7, 23.3, 22.2, 23.7, 18.5, 24.3,
       20.5, 24.5, 26.2, 24.4, 24.8, 29.6, 42.8, 21.9, 20.9, 50. , 36. ,
       30.1, 33.8, 43.1, 48.8, 31. , 36.5, 22.8, 30.7, 50. , 43.5, 20.7,
       21.1, 25.2, 24.4, 35.2, 32.4, 32. , 33.2, 33.1, 29.1, 35.1, 45.4,
       35.4, 46. , 32.2, 22. , 20.1, 23.2, 22.3, 24.8, 28.5, 37.3, 27.9,
       23.9, 21.7, 28.6, 27.1, 20.3, 22.5, 29. , 24.8, 26.4, 33.1, 36.1,
       33.4, 28.2, 22.8, 20.3, 16.1, 22.1, 19.4, 21.6, 23.8, 16.2, 17.8,
       19.8, 23.1, 21. , 23.8, 23.1, 20.4, 18.5, 25. , 22.2, 19.3, 22.6,
       19.8, 19.4, 22.2, 21.1, 18.5, 20.6, 19. , 18.7, 32.7, 16.5, 23.9,
       31.2, 17.5, 17.2, 23.1, 24.5, 26.6, 22.9, 24.1, 18.6, 30.1, 18.2,
       20.6, 17.8, 21.7, 25. , 19.9, 20.8, 16.8, 21.9, 27.5, 21.9, 23.1,
       50. , 50. , 50. , 50. , 50. , 13.8, 13.8, 15. , 13.9, 13.3, 13.1,
       10.2, 10.4, 10.9, 11.3, 12.3,  8.8,  7.2, 10.5,  7.4, 10.2, 11.5,
       15.1, 23.2,  9.7, 13.8, 12.7, 13.1, 12.5,  8.5,  5. ,  6.3,  5.6,
        7.2, 12.1,  8.3,  8.5,  5. , 11.9, 17.2, 27.5, 15. , 17.2, 17.9,
       16.3,  7. ,  7.2, 10.4,  8.8,  8.4, 16.7, 20.8, 13.4, 11.7,  8.3,
       10.2, 11. , 14.1, 16.1, 14.3, 11.7, 13.4,  8.7,  8.4, 12.8, 10.5,
       17.1, 18.4, 15.4, 10.8, 11.8, 14.9, 14.1, 13. , 13.4, 15.2, 16.1,
       17.8, 14.9, 14.1, 12.7, 13.5, 14.9, 20. , 16.4, 17.7, 19.5, 20.2,
       21.4, 19.9, 19. , 19.1, 19.1, 20.1, 19.9, 29.8, 13.8, 13.3, 16.7,
       12. , 14.6, 21.4, 23. , 25. , 21.8, 20.6, 19.1, 20.6, 15.2,  7. ,
        8.1, 13.6, 20.1, 24.5, 23.1, 19.7, 18.3, 21.2, 17.5, 16.8, 22.4,
       20.6, 23.9, 22. , 11.9]), 'x_train': array([[6.3200e-03, 1.8000e+01, 2.3100e+00, ..., 1.5300e+01, 3.9690e+02,
        4.9800e+00],
       [2.7310e-02, 0.0000e+00, 7.0700e+00, ..., 1.7800e+01, 3.9690e+02,
        9.1400e+00],
       [2.7290e-02, 0.0000e+00, 7.0700e+00, ..., 1.7800e+01, 3.9283e+02,
        4.0300e+00],
       ...,
       [6.0760e-02, 0.0000e+00, 1.1930e+01, ..., 2.1000e+01, 3.9690e+02,
        5.6400e+00],
       [1.0959e-01, 0.0000e+00, 1.1930e+01, ..., 2.1000e+01, 3.9345e+02,
        6.4800e+00],
       [4.7410e-02, 0.0000e+00, 1.1930e+01, ..., 2.1000e+01, 3.9690e+02,
        7.8800e+00]]), 'packages': [['atomicwrites', '1.1.5'], ['attrs', '18.1.0'], ['backcall', '0.1.0'], ['coverage', '4.5.1'], ['cycler', '0.10.0'], ['decorator', '4.3.0'], ['docopt', '0.6.2'], ['hashfs', '0.7.0'], ['hypothesis', '3.57.0'], ['ipykernel', '4.8.2'], ['ipython', '6.4.0'], ['ipython-genutils', '0.2.0'], ['jedi', '0.12.0'], ['jsonpickle', '0.9.6'], ['jsonschema', '2.6.0'], ['jupyter-client', '5.2.3'], ['jupyter-core', '4.4.0'], ['kiwisolver', '1.0.1'], ['Lasagne', '0.1'], ['matplotlib', '2.2.2'], ['more-itertools', '4.2.0'], ['mpmath', '1.0.0'], ['munch', '2.3.2'], ['nbformat', '4.4.0'], ['nbval', '0.9.1'], ['numpy', '1.14.3'], ['pandas', '0.23.0'], ['parso', '0.2.1'], ['pexpect', '4.6.0'], ['pickleshare', '0.7.4'], ['Pillow', '5.1.0'], ['pip', '10.0.1'], ['pkg-resources', '0.0.0'], ['pluggy', '0.6.0'], ['prompt-toolkit', '1.0.15'], ['ptyprocess', '0.5.2'], ['py', '1.5.3'], ['py-cpuinfo', '4.0.0'], ['Pygments', '2.2.0'], ['pymongo', '3.6.1'], ['pyparsing', '2.2.0'], ['pysgmcmc', '0.0.1'], ['pytest', '3.6.0'], ['python-dateutil', '2.7.3'], ['pytz', '2018.4'], ['pyzmq', '17.0.0'], ['sacred', '0.7.3'], ['scandir', '1.7'], ['scikit-learn', '0.19.1'], ['scipy', '1.1.0'], ['seaborn', '0.8.1'], ['setuptools', '39.2.0'], ['simplegeneric', '0.8.1'], ['six', '1.11.0'], ['SQLAlchemy', '1.2.8'], ['sympy', '1.1.1'], ['Theano', '0.8.0'], ['tinydb', '3.9.0.post1'], ['tinydb-serialization', '1.0.4'], ['torch', '0.4.0'], ['torchvision', '0.2.1'], ['tornado', '5.0.2'], ['tqdm', '4.23.4'], ['traitlets', '4.3.2'], ['wcwidth', '0.1.7'], ['wheel', '0.31.1'], ['wrapt', '1.10.11']], 'prediction_mean': array([24.915106 , 18.730654 , 44.889626 , 25.264557 , 28.297764 ,
       20.864237 , 35.42013  , 16.305424 , 25.862892 , 11.294402 ,
       34.44075  , 11.944626 ,  9.418086 , 16.632282 , 49.728924 ,
       35.57763  , 18.742496 , 18.404346 , 22.054207 , 30.651672 ,
       24.292198 , 15.571729 , 22.9757   , 16.125832 , 10.934267 ,
        6.7876425, 28.923695 , 27.469198 , 18.184105 , 21.596333 ,
       18.482817 , 21.85484  , 24.007399 , 14.039964 , 16.091578 ,
       29.848312 , 20.187458 , 43.17939  , 26.944363 , 25.968464 ,
       15.203455 , 19.617651 , 22.26196  , 16.776651 , 18.493336 ,
       23.370779 , 29.96859  , 16.52015  , 19.841637 , 26.006598 ,
       23.493523 ], dtype=float32), 'prediction_std': array([2.0771003 , 1.2056093 , 3.955983  , 0.8908271 , 0.94825757,
       1.3305272 , 2.3276806 , 1.3341342 , 1.0461823 , 0.7653807 ,
       4.0726204 , 1.0594034 , 2.2006118 , 1.3487312 , 1.4805495 ,
       1.4426461 , 0.9387023 , 1.2561718 , 0.9727913 , 1.9716378 ,
       0.88941526, 1.1761825 , 1.0818703 , 1.0844986 , 0.73327833,
       3.667235  , 1.2272431 , 1.0439813 , 1.649144  , 0.93763965,
       1.4274062 , 1.128132  , 1.3869034 , 1.651444  , 1.381064  ,
       1.7959297 , 1.049381  , 1.1084992 , 1.4172535 , 1.1348331 ,
       1.4538982 , 1.0478845 , 1.2800419 , 0.94573796, 0.9750099 ,
       1.1892511 , 1.2828331 , 1.5606279 , 1.0721394 , 0.9009675 ,
       2.1593843 ], dtype=float32)}
INFO - BNN_UCI - Completed after 0:04:02
