INFO - BNN_UCI - Running command 'fit_bnn'
INFO - BNN_UCI - Started run with ID "312"
/home/freidanm/repos/pytorch_experiments/experiments_env/src/pysgmcmc/pysgmcmc/data/datasets.py:14: FutureWarning: Method .as_matrix will be removed in a future version. Use .values instead.
  x_train = train_data.as_matrix(feature_columns)
/home/freidanm/repos/pytorch_experiments/experiments_env/src/pysgmcmc/pysgmcmc/data/datasets.py:15: FutureWarning: Method .as_matrix will be removed in a future version. Use .values instead.
  y_train = train_data[label_column].as_matrix()
/home/freidanm/repos/pytorch_experiments/experiments_env/src/pysgmcmc/pysgmcmc/data/datasets.py:17: FutureWarning: Method .as_matrix will be removed in a future version. Use .values instead.
  x_test = test_data.as_matrix(feature_columns)
/home/freidanm/repos/pytorch_experiments/experiments_env/src/pysgmcmc/pysgmcmc/data/datasets.py:18: FutureWarning: Method .as_matrix will be removed in a future version. Use .values instead.
  y_test = test_data[label_column].as_matrix()
INFO - root - Performing 15000 iterations
INFO - BNN_UCI - Result: {'y_train': array([24. , 21.6, 34.7, 33.4, 36.2, 28.7, 22.9, 27.1, 16.5, 18.9, 15. ,
       18.9, 21.7, 20.4, 18.2, 19.9, 23.1, 17.5, 20.2, 18.2, 13.6, 19.6,
       15.2, 14.5, 13.9, 16.6, 14.8, 18.4, 21. , 12.7, 14.5, 13.2, 13.1,
       13.5, 18.9, 20. , 21. , 24.7, 30.8, 34.9, 26.6, 24.7, 21.2, 19.3,
       20. , 16.6, 14.4, 19.4, 19.7, 20.5, 25. , 23.4, 18.9, 35.4, 24.7,
       31.6, 23.3, 19.6, 16. , 22.2, 25. , 33. , 23.5, 19.4, 22. , 20.9,
       24.2, 21.7, 22.8, 23.4, 24.1, 21.4, 20. , 20.8, 21.2, 20.3, 28. ,
       23.9, 24.8, 22.9, 23.9, 26.6, 22.5, 22.2, 23.6, 22.6, 22. , 22.9,
       25. , 20.6, 28.4, 21.4, 38.7, 43.8, 33.2, 27.5, 26.5, 18.6, 19.3,
       20.1, 19.5, 19.5, 20.4, 19.8, 19.4, 21.7, 22.8, 18.7, 18.5, 18.3,
       21.2, 19.2, 20.4, 19.3, 22. , 20.3, 20.5, 17.3, 18.8, 21.4, 15.7,
       16.2, 18. , 14.3, 19.2, 19.6, 23. , 18.4, 15.6, 18.1, 17.1, 13.3,
       17.8, 14. , 14.4, 13.4, 15.6, 11.8, 13.8, 15.6, 14.6, 17.8, 15.4,
       21.5, 19.6, 15.3, 19.4, 17. , 15.6, 41.3, 24.3, 27. , 50. , 50. ,
       25. , 50. , 23.8, 23.8, 17.4, 19.1, 23.1, 23.6, 22.6, 29.4, 23.2,
       24.6, 29.9, 37.2, 39.8, 36.2, 32.5, 26.4, 29.6, 50. , 32. , 29.8,
       34.9, 37. , 30.5, 36.4, 31.1, 29.1, 50. , 30.3, 34.6, 34.9, 32.9,
       24.1, 42.3, 48.5, 22.6, 24.4, 22.5, 24.4, 20. , 21.7, 22.4, 28.1,
       23.7, 25. , 23.3, 28.7, 21.5, 23. , 26.7, 21.7, 27.5, 30.1, 44.8,
       37.6, 31.6, 46.7, 31.5, 24.3, 31.7, 41.7, 48.3, 29. , 24. , 25.1,
       31.5, 23.7, 23.3, 22. , 20.1, 22.2, 23.7, 17.6, 18.5, 24.3, 20.5,
       24.5, 24.4, 24.8, 42.8, 21.9, 20.9, 44. , 50. , 30.1, 33.8, 48.8,
       31. , 36.5, 22.8, 30.7, 50. , 43.5, 20.7, 24.4, 35.2, 32.4, 32. ,
       33.2, 33.1, 29.1, 35.1, 45.4, 46. , 50. , 32.2, 22. , 20.1, 23.2,
       22.3, 24.8, 28.5, 37.3, 27.9, 23.9, 21.7, 28.6, 27.1, 20.3, 22.5,
       29. , 24.8, 22. , 33.1, 36.1, 28.4, 33.4, 28.2, 22.8, 20.3, 16.1,
       22.1, 21.6, 23.8, 16.2, 17.8, 19.8, 23.1, 21. , 23.8, 23.1, 18.5,
       25. , 24.6, 23. , 22.2, 19.3, 22.6, 19.8, 17.1, 19.4, 20.7, 21.1,
       19.5, 18.5, 20.6, 19. , 18.7, 32.7, 16.5, 23.9, 31.2, 17.5, 17.2,
       23.1, 26.6, 22.9, 24.1, 18.6, 30.1, 20.6, 17.8, 21.7, 25. , 19.9,
       20.8, 16.8, 21.9, 27.5, 21.9, 50. , 50. , 50. , 50. , 50. , 13.8,
       13.8, 15. , 13.9, 13.3, 10.2, 10.4, 11.3, 12.3,  7.2, 10.5,  7.4,
       10.2, 11.5, 15.1,  9.7, 13.8, 12.7, 13.1, 12.5,  8.5,  5. ,  6.3,
        7.2, 12.1,  8.3,  8.5, 11.9, 27.9, 17.2, 27.5, 15. , 17.2, 17.9,
       16.3,  7. ,  7.2,  7.5, 10.4,  8.8,  8.4, 16.7, 20.8, 13.4,  8.3,
       10.2, 10.9, 11. ,  9.5, 14.5, 14.1, 16.1, 14.3, 11.7, 13.4,  9.6,
        8.7,  8.4, 12.8, 17.1, 18.4, 15.4, 10.8, 11.8, 14.9, 12.6, 14.1,
       13. , 15.2, 16.1, 17.8, 14.9, 14.1, 12.7, 13.5, 14.9, 16.4, 17.7,
       19.5, 20.2, 19.9, 19. , 19.1, 19.1, 20.1, 19.6, 29.8, 13.8, 13.3,
       16.7, 14.6, 21.4, 23. , 23.7, 25. , 21.8, 20.6, 21.2, 20.6, 15.2,
        7. ,  8.1, 13.6, 20.1, 24.5, 23.1, 19.7, 18.3, 21.2, 17.5, 16.8,
       20.6, 23.9, 22. , 11.9]), 'y_test': array([21.8, 17.4,  5. , 12. , 22.6, 50. , 23.3, 24.5, 22.4, 18.2, 13.1,
       19.3, 18.7, 23.2, 26.4, 35.4, 29.6, 11.7, 19.1, 25.3, 10.5,  8.8,
       37.9, 26.2, 21.1, 13.4, 20.4, 21.4,  5.6, 15.6, 17.4, 50. , 14.2,
       23.1, 28.7, 18.8, 22.2, 23.2, 36. , 22.7, 50. , 20. , 22.3, 43.1,
       19.9, 22.7, 19.4, 33.3, 25.2, 13.1, 10.9]), 'prediction_std': array([1.3255367 , 1.1511899 , 1.1274576 , 1.1694517 , 1.2076762 ,
       1.1309025 , 2.7007964 , 0.9964142 , 2.0216885 , 0.99918485,
       1.0276507 , 0.9724875 , 0.9417815 , 1.0811076 , 1.1658964 ,
       1.349215  , 1.3128889 , 1.3082274 , 1.6774399 , 1.0668306 ,
       1.0287532 , 1.6227708 , 1.0982344 , 1.0678711 , 1.0700185 ,
       0.9680862 , 1.0069528 , 1.5391512 , 1.2025635 , 0.9807586 ,
       0.9753585 , 1.4294795 , 1.095477  , 1.67777   , 1.5378454 ,
       0.9323683 , 1.095465  , 1.9499445 , 1.7775239 , 0.8666341 ,
       1.2197589 , 0.9280741 , 1.1067736 , 2.1588953 , 2.0146754 ,
       1.7220815 , 0.9414102 , 1.3798525 , 1.0284071 , 1.1944598 ,
       0.99181646], dtype=float32), 'prediction_mean': array([20.012337, 16.54176 ,  9.012139, 12.640575, 20.640411, 49.412777,
       31.132654, 26.886202, 25.991837, 18.58035 , 14.570011, 20.29927 ,
       18.773296, 16.009123, 24.8892  , 36.332787, 28.198929, 13.768359,
       19.33003 , 23.956364,  9.488341, 12.737079, 32.54626 , 26.062618,
       21.519283, 14.058961, 20.712473, 23.53138 ,  7.604101, 15.894653,
       20.009388, 49.000725, 15.713833, 17.016048, 29.927143, 18.119   ,
       22.02871 , 23.975779, 36.675926, 20.122824, 47.579556, 17.405909,
       24.257547, 40.316   , 19.315516, 23.000072, 20.455221, 36.39814 ,
       26.558376,  9.109046, 10.901381], dtype=float32), 'packages': [['atomicwrites', '1.1.5'], ['attrs', '18.1.0'], ['backcall', '0.1.0'], ['coverage', '4.5.1'], ['cycler', '0.10.0'], ['decorator', '4.3.0'], ['docopt', '0.6.2'], ['hashfs', '0.7.0'], ['hypothesis', '3.57.0'], ['ipykernel', '4.8.2'], ['ipython', '6.4.0'], ['ipython-genutils', '0.2.0'], ['jedi', '0.12.0'], ['jsonpickle', '0.9.6'], ['jsonschema', '2.6.0'], ['jupyter-client', '5.2.3'], ['jupyter-core', '4.4.0'], ['kiwisolver', '1.0.1'], ['Lasagne', '0.1'], ['matplotlib', '2.2.2'], ['more-itertools', '4.2.0'], ['mpmath', '1.0.0'], ['munch', '2.3.2'], ['nbformat', '4.4.0'], ['nbval', '0.9.1'], ['numpy', '1.14.3'], ['pandas', '0.23.0'], ['parso', '0.2.1'], ['pexpect', '4.6.0'], ['pickleshare', '0.7.4'], ['Pillow', '5.1.0'], ['pip', '10.0.1'], ['pkg-resources', '0.0.0'], ['pluggy', '0.6.0'], ['prompt-toolkit', '1.0.15'], ['ptyprocess', '0.5.2'], ['py', '1.5.3'], ['py-cpuinfo', '4.0.0'], ['Pygments', '2.2.0'], ['pymongo', '3.6.1'], ['pyparsing', '2.2.0'], ['pysgmcmc', '0.0.1'], ['pytest', '3.6.0'], ['python-dateutil', '2.7.3'], ['pytz', '2018.4'], ['pyzmq', '17.0.0'], ['sacred', '0.7.3'], ['scandir', '1.7'], ['scikit-learn', '0.19.1'], ['scipy', '1.1.0'], ['seaborn', '0.8.1'], ['setuptools', '39.2.0'], ['simplegeneric', '0.8.1'], ['six', '1.11.0'], ['SQLAlchemy', '1.2.8'], ['sympy', '1.1.1'], ['Theano', '0.8.0'], ['tinydb', '3.9.0.post1'], ['tinydb-serialization', '1.0.4'], ['torch', '0.4.0'], ['torchvision', '0.2.1'], ['tornado', '5.0.2'], ['tqdm', '4.23.4'], ['traitlets', '4.3.2'], ['wcwidth', '0.1.7'], ['wheel', '0.31.1'], ['wrapt', '1.10.11']], 'x_test': array([[1.73310e-01, 0.00000e+00, 9.69000e+00, 0.00000e+00, 5.85000e-01,
        5.70700e+00, 5.40000e+01, 2.38170e+00, 6.00000e+00, 3.91000e+02,
        1.92000e+01, 3.96900e+02, 1.20100e+01],
       [3.22640e-01, 0.00000e+00, 2.18900e+01, 0.00000e+00, 6.24000e-01,
        5.94200e+00, 9.35000e+01, 1.96690e+00, 4.00000e+00, 4.37000e+02,
        2.12000e+01, 3.78250e+02, 1.69000e+01],
       [6.79208e+01, 0.00000e+00, 1.81000e+01, 0.00000e+00, 6.93000e-01,
        5.68300e+00, 1.00000e+02, 1.42540e+00, 2.40000e+01, 6.66000e+02,
        2.02000e+01, 3.84970e+02, 2.29800e+01],
       [1.50234e+01, 0.00000e+00, 1.81000e+01, 0.00000e+00, 6.14000e-01,
        5.30400e+00, 9.73000e+01, 2.10070e+00, 2.40000e+01, 6.66000e+02,
        2.02000e+01, 3.49480e+02, 2.49100e+01],
       [4.26131e+00, 0.00000e+00, 1.81000e+01, 0.00000e+00, 7.70000e-01,
        6.11200e+00, 8.13000e+01, 2.50910e+00, 2.40000e+01, 6.66000e+02,
        2.02000e+01, 3.90740e+02, 1.26700e+01],
       [2.00900e-02, 9.50000e+01, 2.68000e+00, 0.00000e+00, 4.16100e-01,
        8.03400e+00, 3.19000e+01, 5.11800e+00, 4.00000e+00, 2.24000e+02,
        1.47000e+01, 3.90550e+02, 2.88000e+00],
       [1.42502e+00, 0.00000e+00, 1.95800e+01, 0.00000e+00, 8.71000e-01,
        6.51000e+00, 1.00000e+02, 1.76590e+00, 5.00000e+00, 4.03000e+02,
        1.47000e+01, 3.64310e+02, 7.39000e+00],
       [1.50100e-02, 8.00000e+01, 2.01000e+00, 0.00000e+00, 4.35000e-01,
        6.63500e+00, 2.97000e+01, 8.34400e+00, 4.00000e+00, 2.80000e+02,
        1.70000e+01, 3.90940e+02, 5.99000e+00],
       [6.26300e-02, 0.00000e+00, 1.19300e+01, 0.00000e+00, 5.73000e-01,
        6.59300e+00, 6.91000e+01, 2.47860e+00, 1.00000e+00, 2.73000e+02,
        2.10000e+01, 3.91990e+02, 9.67000e+00],
       [4.30100e-02, 8.00000e+01, 1.91000e+00, 0.00000e+00, 4.13000e-01,
        5.66300e+00, 2.19000e+01, 1.05857e+01, 4.00000e+00, 3.34000e+02,
        2.20000e+01, 3.82800e+02, 8.05000e+00],
       [2.44668e+00, 0.00000e+00, 1.95800e+01, 0.00000e+00, 8.71000e-01,
        5.27200e+00, 9.40000e+01, 1.73640e+00, 5.00000e+00, 4.03000e+02,
        1.47000e+01, 8.86300e+01, 1.61400e+01],
       [3.75780e-01, 0.00000e+00, 1.05900e+01, 1.00000e+00, 4.89000e-01,
        5.40400e+00, 8.86000e+01, 3.66500e+00, 4.00000e+00, 2.77000e+02,
        1.86000e+01, 3.95240e+02, 2.39800e+01],
       [1.49320e-01, 2.50000e+01, 5.13000e+00, 0.00000e+00, 4.53000e-01,
        5.74100e+00, 6.62000e+01, 7.22540e+00, 8.00000e+00, 2.84000e+02,
        1.97000e+01, 3.95110e+02, 1.31500e+01],
       [5.29305e+00, 0.00000e+00, 1.81000e+01, 0.00000e+00, 7.00000e-01,
        6.05100e+00, 8.25000e+01, 2.16780e+00, 2.40000e+01, 6.66000e+02,
        2.02000e+01, 3.78380e+02, 1.87600e+01],
       [9.26600e-02, 3.40000e+01, 6.09000e+00, 0.00000e+00, 4.33000e-01,
        6.49500e+00, 1.84000e+01, 5.49170e+00, 7.00000e+00, 3.29000e+02,
        1.61000e+01, 3.83610e+02, 8.67000e+00],
       [3.70500e-02, 2.00000e+01, 3.33000e+00, 0.00000e+00, 4.42900e-01,
        6.96800e+00, 3.72000e+01, 5.24470e+00, 5.00000e+00, 2.16000e+02,
        1.49000e+01, 3.92230e+02, 4.59000e+00],
       [8.22100e-02, 2.20000e+01, 5.86000e+00, 0.00000e+00, 4.31000e-01,
        6.95700e+00, 6.80000e+00, 8.90670e+00, 7.00000e+00, 3.30000e+02,
        1.91000e+01, 3.86090e+02, 3.53000e+00],
       [8.79212e+00, 0.00000e+00, 1.81000e+01, 0.00000e+00, 5.84000e-01,
        5.56500e+00, 7.06000e+01, 2.06350e+00, 2.40000e+01, 6.66000e+02,
        2.02000e+01, 3.65000e+00, 1.71600e+01],
       [5.69175e+00, 0.00000e+00, 1.81000e+01, 0.00000e+00, 5.83000e-01,
        6.11400e+00, 7.98000e+01, 3.54590e+00, 2.40000e+01, 6.66000e+02,
        2.02000e+01, 3.92680e+02, 1.49800e+01],
       [1.41500e-01, 0.00000e+00, 6.91000e+00, 0.00000e+00, 4.48000e-01,
        6.16900e+00, 6.60000e+00, 5.72090e+00, 3.00000e+00, 2.33000e+02,
        1.79000e+01, 3.83370e+02, 5.81000e+00],
       [2.20511e+01, 0.00000e+00, 1.81000e+01, 0.00000e+00, 7.40000e-01,
        5.81800e+00, 9.24000e+01, 1.86620e+00, 2.40000e+01, 6.66000e+02,
        2.02000e+01, 3.91450e+02, 2.21100e+01],
       [2.00849e+01, 0.00000e+00, 1.81000e+01, 0.00000e+00, 7.00000e-01,
        4.36800e+00, 9.12000e+01, 1.43950e+00, 2.40000e+01, 6.66000e+02,
        2.02000e+01, 2.85830e+02, 3.06300e+01],
       [9.10300e-02, 0.00000e+00, 2.46000e+00, 0.00000e+00, 4.88000e-01,
        7.15500e+00, 9.22000e+01, 2.70060e+00, 3.00000e+00, 1.93000e+02,
        1.78000e+01, 3.94120e+02, 4.82000e+00],
       [1.90730e-01, 2.20000e+01, 5.86000e+00, 0.00000e+00, 4.31000e-01,
        6.71800e+00, 1.75000e+01, 7.82650e+00, 7.00000e+00, 3.30000e+02,
        1.91000e+01, 3.93740e+02, 6.56000e+00],
       [2.99160e-01, 2.00000e+01, 6.96000e+00, 0.00000e+00, 4.64000e-01,
        5.85600e+00, 4.21000e+01, 4.42900e+00, 3.00000e+00, 2.23000e+02,
        1.86000e+01, 3.88650e+02, 1.30000e+01],
       [6.71772e+00, 0.00000e+00, 1.81000e+01, 0.00000e+00, 7.13000e-01,
        6.74900e+00, 9.26000e+01, 2.32360e+00, 2.40000e+01, 6.66000e+02,
        2.02000e+01, 3.20000e-01, 1.74400e+01],
       [3.51140e-01, 0.00000e+00, 7.38000e+00, 0.00000e+00, 4.93000e-01,
        6.04100e+00, 4.99000e+01, 4.72110e+00, 5.00000e+00, 2.87000e+02,
        1.96000e+01, 3.96900e+02, 7.70000e+00],
       [7.83932e+00, 0.00000e+00, 1.81000e+01, 0.00000e+00, 6.55000e-01,
        6.20900e+00, 6.54000e+01, 2.96340e+00, 2.40000e+01, 6.66000e+02,
        2.02000e+01, 3.96900e+02, 1.32200e+01],
       [2.50461e+01, 0.00000e+00, 1.81000e+01, 0.00000e+00, 6.93000e-01,
        5.98700e+00, 1.00000e+02, 1.58880e+00, 2.40000e+01, 6.66000e+02,
        2.02000e+01, 3.96900e+02, 2.67700e+01],
       [7.50260e-01, 0.00000e+00, 8.14000e+00, 0.00000e+00, 5.38000e-01,
        5.92400e+00, 9.41000e+01, 4.39960e+00, 4.00000e+00, 3.07000e+02,
        2.10000e+01, 3.94330e+02, 1.63000e+01],
       [1.35540e-01, 1.25000e+01, 6.07000e+00, 0.00000e+00, 4.09000e-01,
        5.59400e+00, 3.68000e+01, 6.49800e+00, 4.00000e+00, 3.45000e+02,
        1.89000e+01, 3.96900e+02, 1.30900e+01],
       [1.46336e+00, 0.00000e+00, 1.95800e+01, 0.00000e+00, 6.05000e-01,
        7.48900e+00, 9.08000e+01, 1.97090e+00, 5.00000e+00, 4.03000e+02,
        1.47000e+01, 3.74430e+02, 1.73000e+00],
       [7.02259e+00, 0.00000e+00, 1.81000e+01, 0.00000e+00, 7.18000e-01,
        6.00600e+00, 9.53000e+01, 1.87460e+00, 2.40000e+01, 6.66000e+02,
        2.02000e+01, 3.19980e+02, 1.57000e+01],
       [1.35222e+01, 0.00000e+00, 1.81000e+01, 0.00000e+00, 6.31000e-01,
        3.86300e+00, 1.00000e+02, 1.51060e+00, 2.40000e+01, 6.66000e+02,
        2.02000e+01, 1.31420e+02, 1.33300e+01],
       [5.30200e-02, 0.00000e+00, 3.41000e+00, 0.00000e+00, 4.89000e-01,
        7.07900e+00, 6.31000e+01, 3.41450e+00, 2.00000e+00, 2.70000e+02,
        1.78000e+01, 3.96060e+02, 5.70000e+00],
       [1.23290e-01, 0.00000e+00, 1.00100e+01, 0.00000e+00, 5.47000e-01,
        5.91300e+00, 9.29000e+01, 2.35340e+00, 6.00000e+00, 4.32000e+02,
        1.78000e+01, 3.94950e+02, 1.62100e+01],
       [5.08300e-02, 0.00000e+00, 5.19000e+00, 0.00000e+00, 5.15000e-01,
        6.31600e+00, 3.81000e+01, 6.45840e+00, 5.00000e+00, 2.24000e+02,
        2.02000e+01, 3.89710e+02, 5.68000e+00],
       [3.56868e+00, 0.00000e+00, 1.81000e+01, 0.00000e+00, 5.80000e-01,
        6.43700e+00, 7.50000e+01, 2.89650e+00, 2.40000e+01, 6.66000e+02,
        2.02000e+01, 3.93370e+02, 1.43600e+01],
       [6.63510e-01, 2.00000e+01, 3.97000e+00, 0.00000e+00, 6.47000e-01,
        7.33300e+00, 1.00000e+02, 1.89460e+00, 5.00000e+00, 2.64000e+02,
        1.30000e+01, 3.83290e+02, 7.79000e+00],
       [2.24236e+00, 0.00000e+00, 1.95800e+01, 0.00000e+00, 6.05000e-01,
        5.85400e+00, 9.18000e+01, 2.42200e+00, 5.00000e+00, 4.03000e+02,
        1.47000e+01, 3.95110e+02, 1.16400e+01],
       [5.26930e-01, 0.00000e+00, 6.20000e+00, 0.00000e+00, 5.04000e-01,
        8.72500e+00, 8.30000e+01, 2.89440e+00, 8.00000e+00, 3.07000e+02,
        1.74000e+01, 3.82000e+02, 4.63000e+00],
       [6.80117e+00, 0.00000e+00, 1.81000e+01, 0.00000e+00, 7.13000e-01,
        6.08100e+00, 8.44000e+01, 2.71750e+00, 2.40000e+01, 6.66000e+02,
        2.02000e+01, 3.96900e+02, 1.47000e+01],
       [2.44953e+00, 0.00000e+00, 1.95800e+01, 0.00000e+00, 6.05000e-01,
        6.40200e+00, 9.52000e+01, 2.26250e+00, 5.00000e+00, 4.03000e+02,
        1.47000e+01, 3.30040e+02, 1.13200e+01],
       [5.34120e-01, 2.00000e+01, 3.97000e+00, 0.00000e+00, 6.47000e-01,
        7.52000e+00, 8.94000e+01, 2.13980e+00, 5.00000e+00, 2.64000e+02,
        1.30000e+01, 3.88370e+02, 7.26000e+00],
       [4.34879e+00, 0.00000e+00, 1.81000e+01, 0.00000e+00, 5.80000e-01,
        6.16700e+00, 8.40000e+01, 3.03340e+00, 2.40000e+01, 6.66000e+02,
        2.02000e+01, 3.96900e+02, 1.62900e+01],
       [5.20177e+00, 0.00000e+00, 1.81000e+01, 1.00000e+00, 7.70000e-01,
        6.12700e+00, 8.34000e+01, 2.72270e+00, 2.40000e+01, 6.66000e+02,
        2.02000e+01, 3.95430e+02, 1.14800e+01],
       [2.61690e-01, 0.00000e+00, 9.90000e+00, 0.00000e+00, 5.44000e-01,
        6.02300e+00, 9.04000e+01, 2.83400e+00, 4.00000e+00, 3.04000e+02,
        1.84000e+01, 3.96300e+02, 1.17200e+01],
       [4.01100e-02, 8.00000e+01, 1.52000e+00, 0.00000e+00, 4.04000e-01,
        7.28700e+00, 3.41000e+01, 7.30900e+00, 2.00000e+00, 3.29000e+02,
        1.26000e+01, 3.96900e+02, 4.08000e+00],
       [1.62110e-01, 2.00000e+01, 6.96000e+00, 0.00000e+00, 4.64000e-01,
        6.24000e+00, 1.63000e+01, 4.42900e+00, 3.00000e+00, 2.23000e+02,
        1.86000e+01, 3.96900e+02, 6.59000e+00],
       [2.36482e+01, 0.00000e+00, 1.81000e+01, 0.00000e+00, 6.71000e-01,
        6.38000e+00, 9.62000e+01, 1.38610e+00, 2.40000e+01, 6.66000e+02,
        2.02000e+01, 3.96900e+02, 2.36900e+01],
       [1.58744e+01, 0.00000e+00, 1.81000e+01, 0.00000e+00, 6.71000e-01,
        6.54500e+00, 9.91000e+01, 1.51920e+00, 2.40000e+01, 6.66000e+02,
        2.02000e+01, 3.96900e+02, 2.10800e+01]]), 'x_train': array([[6.3200e-03, 1.8000e+01, 2.3100e+00, ..., 1.5300e+01, 3.9690e+02,
        4.9800e+00],
       [2.7310e-02, 0.0000e+00, 7.0700e+00, ..., 1.7800e+01, 3.9690e+02,
        9.1400e+00],
       [2.7290e-02, 0.0000e+00, 7.0700e+00, ..., 1.7800e+01, 3.9283e+02,
        4.0300e+00],
       ...,
       [6.0760e-02, 0.0000e+00, 1.1930e+01, ..., 2.1000e+01, 3.9690e+02,
        5.6400e+00],
       [1.0959e-01, 0.0000e+00, 1.1930e+01, ..., 2.1000e+01, 3.9345e+02,
        6.4800e+00],
       [4.7410e-02, 0.0000e+00, 1.1930e+01, ..., 2.1000e+01, 3.9690e+02,
        7.8800e+00]])}
INFO - BNN_UCI - Completed after 0:03:23
