INFO - BNN_UCI - Running command 'fit_bnn'
INFO - BNN_UCI - Started run with ID "379"
/home/freidanm/repos/pytorch_experiments/experiments_env/src/pysgmcmc/pysgmcmc/data/datasets.py:14: FutureWarning: Method .as_matrix will be removed in a future version. Use .values instead.
  x_train = train_data.as_matrix(feature_columns)
/home/freidanm/repos/pytorch_experiments/experiments_env/src/pysgmcmc/pysgmcmc/data/datasets.py:15: FutureWarning: Method .as_matrix will be removed in a future version. Use .values instead.
  y_train = train_data[label_column].as_matrix()
/home/freidanm/repos/pytorch_experiments/experiments_env/src/pysgmcmc/pysgmcmc/data/datasets.py:17: FutureWarning: Method .as_matrix will be removed in a future version. Use .values instead.
  x_test = test_data.as_matrix(feature_columns)
/home/freidanm/repos/pytorch_experiments/experiments_env/src/pysgmcmc/pysgmcmc/data/datasets.py:18: FutureWarning: Method .as_matrix will be removed in a future version. Use .values instead.
  y_test = test_data[label_column].as_matrix()
INFO - root - Performing 15000 iterations
INFO - BNN_UCI - Result: {'x_train': array([[6.3200e-03, 1.8000e+01, 2.3100e+00, ..., 1.5300e+01, 3.9690e+02,
        4.9800e+00],
       [2.7310e-02, 0.0000e+00, 7.0700e+00, ..., 1.7800e+01, 3.9690e+02,
        9.1400e+00],
       [2.7290e-02, 0.0000e+00, 7.0700e+00, ..., 1.7800e+01, 3.9283e+02,
        4.0300e+00],
       ...,
       [4.5270e-02, 0.0000e+00, 1.1930e+01, ..., 2.1000e+01, 3.9690e+02,
        9.0800e+00],
       [6.0760e-02, 0.0000e+00, 1.1930e+01, ..., 2.1000e+01, 3.9690e+02,
        5.6400e+00],
       [4.7410e-02, 0.0000e+00, 1.1930e+01, ..., 2.1000e+01, 3.9690e+02,
        7.8800e+00]]), 'prediction_std': array([1.3534564 , 1.0315026 , 1.4753306 , 1.389832  , 1.1098388 ,
       1.0825598 , 1.0789342 , 1.7044737 , 1.5605907 , 1.5635217 ,
       1.2200077 , 0.68029857, 0.72491735, 1.1547636 , 1.1300503 ,
       1.044903  , 1.3956978 , 0.8430391 , 1.0646336 , 1.2488695 ,
       1.3985169 , 1.2856477 , 1.2307174 , 1.2317564 , 1.3565719 ,
       0.8875442 , 0.83405006, 0.6688097 , 0.9785878 , 0.95472455,
       1.3984677 , 1.3631727 , 0.9287082 , 1.1631265 , 1.1869414 ,
       1.3656256 , 1.090637  , 1.2088184 , 0.6626963 , 1.4571983 ,
       1.4472378 , 0.65485215, 1.079307  , 1.2356608 , 1.0619684 ,
       1.7933306 , 1.2882807 , 1.2753936 , 0.68059844, 1.4819939 ,
       2.091495  ], dtype=float32), 'y_train': array([24. , 21.6, 34.7, 33.4, 36.2, 28.7, 27.1, 18.9, 15. , 18.9, 21.7,
       20.4, 18.2, 19.9, 23.1, 17.5, 20.2, 18.2, 13.6, 19.6, 15.2, 14.5,
       15.6, 13.9, 16.6, 14.8, 18.4, 21. , 12.7, 14.5, 13.2, 13.5, 18.9,
       20. , 21. , 24.7, 30.8, 34.9, 25.3, 24.7, 19.3, 20. , 16.6, 19.4,
       19.7, 20.5, 23.4, 18.9, 35.4, 24.7, 31.6, 23.3, 19.6, 18.7, 16. ,
       22.2, 25. , 33. , 23.5, 22. , 20.9, 24.2, 21.7, 22.8, 23.4, 24.1,
       21.4, 20. , 20.8, 21.2, 20.3, 28. , 23.9, 24.8, 23.9, 26.6, 22.5,
       22.2, 23.6, 28.7, 22.6, 22. , 22.9, 25. , 20.6, 28.4, 21.4, 38.7,
       43.8, 33.2, 27.5, 26.5, 18.6, 19.3, 20.1, 19.5, 19.5, 20.4, 19.8,
       19.4, 21.7, 18.8, 18.7, 18.5, 18.3, 21.2, 19.2, 20.4, 19.3, 22. ,
       20.3, 20.5, 17.3, 18.8, 21.4, 15.7, 16.2, 18. , 14.3, 19.2, 19.6,
       23. , 18.4, 15.6, 18.1, 17.4, 17.1, 13.3, 17.8, 14.4, 13.4, 15.6,
       11.8, 13.8, 15.6, 14.6, 17.8, 15.4, 21.5, 19.6, 15.3, 19.4, 17. ,
       15.6, 13.1, 41.3, 24.3, 23.3, 27. , 50. , 50. , 50. , 22.7, 25. ,
       50. , 23.8, 23.8, 22.3, 17.4, 19.1, 23.1, 23.6, 22.6, 29.4, 24.6,
       29.9, 37.2, 39.8, 36.2, 37.9, 32.5, 26.4, 29.6, 50. , 32. , 29.8,
       34.9, 37. , 30.5, 36.4, 29.1, 50. , 33.3, 30.3, 34.6, 34.9, 32.9,
       24.1, 42.3, 48.5, 50. , 22.6, 24.4, 22.5, 24.4, 20. , 21.7, 19.3,
       22.4, 28.1, 23.7, 25. , 23.3, 21.5, 23. , 26.7, 21.7, 27.5, 30.1,
       44.8, 50. , 37.6, 31.6, 46.7, 31.5, 48.3, 29. , 24. , 25.1, 31.5,
       23.7, 23.3, 22. , 20.1, 22.2, 23.7, 17.6, 18.5, 24.3, 20.5, 24.5,
       26.2, 24.4, 24.8, 29.6, 42.8, 21.9, 20.9, 44. , 36. , 30.1, 43.1,
       48.8, 31. , 36.5, 22.8, 30.7, 50. , 43.5, 20.7, 21.1, 25.2, 24.4,
       35.2, 32.4, 32. , 29.1, 35.4, 46. , 50. , 32.2, 22. , 20.1, 23.2,
       22.3, 24.8, 28.5, 37.3, 27.9, 23.9, 28.6, 27.1, 20.3, 22.5, 29. ,
       24.8, 22. , 33.1, 36.1, 28.4, 33.4, 22.8, 20.3, 16.1, 22.1, 19.4,
       23.8, 16.2, 17.8, 19.8, 21. , 23.8, 23.1, 20.4, 18.5, 25. , 24.6,
       23. , 22.2, 19.3, 22.6, 19.8, 17.1, 19.4, 22.2, 20.7, 21.1, 19.5,
       19. , 18.7, 32.7, 16.5, 23.9, 31.2, 17.5, 17.2, 23.1, 26.6, 22.9,
       18.6, 30.1, 18.2, 20.6, 17.8, 21.7, 22.6, 25. , 19.9, 20.8, 16.8,
       21.9, 27.5, 21.9, 23.1, 50. , 50. , 50. , 13.8, 13.8, 15. , 13.9,
       13.3, 13.1, 10.2, 10.4, 10.9, 11.3, 12.3,  8.8,  7.2, 10.5,  7.4,
       10.2, 11.5, 15.1, 23.2,  9.7, 13.8, 12.7, 13.1, 12.5,  8.5,  5. ,
        6.3,  5.6,  7.2, 12.1,  8.3,  8.5,  5. , 11.9, 27.9, 17.2, 27.5,
       15. , 17.2, 17.9, 16.3,  7. ,  7.2,  7.5, 10.4,  8.8,  8.4, 16.7,
       20.8, 11.7,  8.3, 10.9,  9.5, 14.5, 14.1, 16.1, 14.3, 11.7,  9.6,
        8.7, 12.8, 10.5, 17.1, 18.4, 15.4, 10.8, 11.8, 12.6, 13. , 13.4,
       15.2, 16.1, 17.8, 14.9, 12.7, 13.5, 14.9, 20. , 16.4, 17.7, 20.2,
       21.4, 19.9, 19. , 19.1, 19.1, 20.1, 19.6, 23.2, 13.8, 13.3, 16.7,
       12. , 21.4, 23. , 23.7, 25. , 20.6, 21.2, 19.1, 20.6, 15.2,  7. ,
        8.1, 13.6, 20.1, 21.8, 24.5, 23.1, 19.7, 18.3, 21.2, 17.5, 16.8,
       22.4, 20.6, 23.9, 11.9]), 'y_test': array([29.8, 14.1, 19.9, 16.5, 25. , 13.4, 11. , 33.2, 31.7, 22.8, 19.5,
       21.7, 22. , 41.7, 24.1, 22.7, 14.2, 22.9, 23.1, 14. , 35.1, 26.4,
       14.1, 10.2, 14.9, 21.2, 13.1, 18.5, 17.4, 23.2, 21.8,  8.4, 28.2,
       21.6, 13.4, 33.1, 26.6, 19.4, 24.3, 14.6, 31.1, 33.8, 22.9, 24.5,
       50. , 50. , 14.4, 28.7, 20.6, 50. , 45.4]), 'packages': [['atomicwrites', '1.1.5'], ['attrs', '18.1.0'], ['backcall', '0.1.0'], ['coverage', '4.5.1'], ['cycler', '0.10.0'], ['decorator', '4.3.0'], ['docopt', '0.6.2'], ['hashfs', '0.7.0'], ['hypothesis', '3.57.0'], ['ipykernel', '4.8.2'], ['ipython', '6.4.0'], ['ipython-genutils', '0.2.0'], ['jedi', '0.12.0'], ['jsonpickle', '0.9.6'], ['jsonschema', '2.6.0'], ['jupyter-client', '5.2.3'], ['jupyter-core', '4.4.0'], ['kiwisolver', '1.0.1'], ['Lasagne', '0.1'], ['matplotlib', '2.2.2'], ['more-itertools', '4.2.0'], ['mpmath', '1.0.0'], ['munch', '2.3.2'], ['nbformat', '4.4.0'], ['nbval', '0.9.1'], ['numpy', '1.14.3'], ['pandas', '0.23.0'], ['parso', '0.2.1'], ['pexpect', '4.6.0'], ['pickleshare', '0.7.4'], ['Pillow', '5.1.0'], ['pip', '10.0.1'], ['pkg-resources', '0.0.0'], ['pluggy', '0.6.0'], ['prompt-toolkit', '1.0.15'], ['ptyprocess', '0.5.2'], ['py', '1.5.3'], ['py-cpuinfo', '4.0.0'], ['Pygments', '2.2.0'], ['pymongo', '3.6.1'], ['pyparsing', '2.2.0'], ['pysgmcmc', '0.0.1'], ['pytest', '3.6.0'], ['python-dateutil', '2.7.3'], ['pytz', '2018.4'], ['pyzmq', '17.0.0'], ['sacred', '0.7.3'], ['scandir', '1.7'], ['scikit-learn', '0.19.1'], ['scipy', '1.1.0'], ['seaborn', '0.8.1'], ['setuptools', '39.2.0'], ['simplegeneric', '0.8.1'], ['six', '1.11.0'], ['SQLAlchemy', '1.2.8'], ['sympy', '1.1.1'], ['Theano', '0.8.0'], ['tinydb', '3.9.0.post1'], ['tinydb-serialization', '1.0.4'], ['torch', '0.4.0'], ['torchvision', '0.2.1'], ['tornado', '5.0.2'], ['tqdm', '4.23.4'], ['traitlets', '4.3.2'], ['wcwidth', '0.1.7'], ['wheel', '0.31.1'], ['wrapt', '1.10.11']], 'prediction_mean': array([20.869375 , 14.4113865, 21.38354  , 28.068125 , 24.945124 ,
       10.069245 , 11.440106 , 34.771152 , 33.308514 , 20.254782 ,
       18.544046 , 22.552778 , 21.25705  , 46.064034 , 23.459616 ,
       22.256207 , 17.302582 , 19.084032 , 21.323471 , 14.790023 ,
       35.497948 , 24.330294 , 12.724709 , 10.491248 , 14.679499 ,
       23.232803 , 15.320559 , 18.535778 , 20.000727 , 21.499952 ,
       22.450594 , 10.766524 , 29.149815 , 18.10437  , 12.573059 ,
       32.924675 , 29.458454 , 20.99198  , 23.159306 , 13.589618 ,
       29.553545 , 35.963486 , 23.493994 , 26.383553 , 50.426605 ,
       33.93014  , 19.648079 , 27.083431 , 21.11134  , 31.660902 ,
       41.837856 ], dtype=float32), 'x_test': array([[4.64689e+00, 0.00000e+00, 1.81000e+01, 0.00000e+00, 6.14000e-01,
        6.98000e+00, 6.76000e+01, 2.53290e+00, 2.40000e+01, 6.66000e+02,
        2.02000e+01, 3.74680e+02, 1.16600e+01],
       [4.75237e+00, 0.00000e+00, 1.81000e+01, 0.00000e+00, 7.13000e-01,
        6.52500e+00, 8.65000e+01, 2.43580e+00, 2.40000e+01, 6.66000e+02,
        2.02000e+01, 5.09200e+01, 1.81300e+01],
       [4.34879e+00, 0.00000e+00, 1.81000e+01, 0.00000e+00, 5.80000e-01,
        6.16700e+00, 8.40000e+01, 3.03340e+00, 2.40000e+01, 6.66000e+02,
        2.02000e+01, 3.96900e+02, 1.62900e+01],
       [2.11240e-01, 1.25000e+01, 7.87000e+00, 0.00000e+00, 5.24000e-01,
        5.63100e+00, 1.00000e+02, 6.08210e+00, 5.00000e+00, 3.11000e+02,
        1.52000e+01, 3.86630e+02, 2.99300e+01],
       [5.36000e-02, 2.10000e+01, 5.64000e+00, 0.00000e+00, 4.39000e-01,
        6.51100e+00, 2.11000e+01, 6.81470e+00, 4.00000e+00, 2.43000e+02,
        1.68000e+01, 3.96900e+02, 5.28000e+00],
       [1.11604e+01, 0.00000e+00, 1.81000e+01, 0.00000e+00, 7.40000e-01,
        6.62900e+00, 9.46000e+01, 2.12470e+00, 2.40000e+01, 6.66000e+02,
        2.02000e+01, 1.09850e+02, 2.32700e+01],
       [7.36711e+00, 0.00000e+00, 1.81000e+01, 0.00000e+00, 6.79000e-01,
        6.19300e+00, 7.81000e+01, 1.93560e+00, 2.40000e+01, 6.66000e+02,
        2.02000e+01, 9.67300e+01, 2.15200e+01],
       [1.04690e-01, 4.00000e+01, 6.41000e+00, 1.00000e+00, 4.47000e-01,
        7.26700e+00, 4.90000e+01, 4.78720e+00, 4.00000e+00, 2.54000e+02,
        1.76000e+01, 3.89250e+02, 6.05000e+00],
       [4.62960e-01, 0.00000e+00, 6.20000e+00, 0.00000e+00, 5.04000e-01,
        7.41200e+00, 7.69000e+01, 3.67150e+00, 8.00000e+00, 3.07000e+02,
        1.74000e+01, 3.76140e+02, 5.25000e+00],
       [1.00840e-01, 0.00000e+00, 1.00100e+01, 0.00000e+00, 5.47000e-01,
        6.71500e+00, 8.16000e+01, 2.67750e+00, 6.00000e+00, 4.32000e+02,
        1.78000e+01, 3.95590e+02, 1.01600e+01],
       [6.65492e+00, 0.00000e+00, 1.81000e+01, 0.00000e+00, 7.13000e-01,
        6.31700e+00, 8.30000e+01, 2.73440e+00, 2.40000e+01, 6.66000e+02,
        2.02000e+01, 3.96900e+02, 1.39900e+01],
       [8.19900e-02, 0.00000e+00, 1.39200e+01, 0.00000e+00, 4.37000e-01,
        6.00900e+00, 4.23000e+01, 5.50270e+00, 4.00000e+00, 2.89000e+02,
        1.60000e+01, 3.96900e+02, 1.04000e+01],
       [1.09590e-01, 0.00000e+00, 1.19300e+01, 0.00000e+00, 5.73000e-01,
        6.79400e+00, 8.93000e+01, 2.38890e+00, 1.00000e+00, 2.73000e+02,
        2.10000e+01, 3.93450e+02, 6.48000e+00],
       [5.75290e-01, 0.00000e+00, 6.20000e+00, 0.00000e+00, 5.07000e-01,
        8.33700e+00, 7.33000e+01, 3.83840e+00, 8.00000e+00, 3.07000e+02,
        1.74000e+01, 3.85910e+02, 2.47000e+00],
       [7.95000e-02, 6.00000e+01, 1.69000e+00, 0.00000e+00, 4.11000e-01,
        6.57900e+00, 3.59000e+01, 1.07103e+01, 4.00000e+00, 4.11000e+02,
        1.83000e+01, 3.70780e+02, 5.49000e+00],
       [5.20177e+00, 0.00000e+00, 1.81000e+01, 1.00000e+00, 7.70000e-01,
        6.12700e+00, 8.34000e+01, 2.72270e+00, 2.40000e+01, 6.66000e+02,
        2.02000e+01, 3.95430e+02, 1.14800e+01],
       [7.02259e+00, 0.00000e+00, 1.81000e+01, 0.00000e+00, 7.18000e-01,
        6.00600e+00, 9.53000e+01, 1.87460e+00, 2.40000e+01, 6.66000e+02,
        2.02000e+01, 3.19980e+02, 1.57000e+01],
       [8.82900e-02, 1.25000e+01, 7.87000e+00, 0.00000e+00, 5.24000e-01,
        6.01200e+00, 6.66000e+01, 5.56050e+00, 5.00000e+00, 3.11000e+02,
        1.52000e+01, 3.95600e+02, 1.24300e+01],
       [4.02020e-01, 0.00000e+00, 9.90000e+00, 0.00000e+00, 5.44000e-01,
        6.38200e+00, 6.72000e+01, 3.53250e+00, 4.00000e+00, 3.04000e+02,
        1.84000e+01, 3.95210e+02, 1.03600e+01],
       [2.90900e-01, 0.00000e+00, 2.18900e+01, 0.00000e+00, 6.24000e-01,
        6.17400e+00, 9.36000e+01, 1.61190e+00, 4.00000e+00, 4.37000e+02,
        2.12000e+01, 3.88080e+02, 2.41600e+01],
       [2.10380e-01, 2.00000e+01, 3.33000e+00, 0.00000e+00, 4.42900e-01,
        6.81200e+00, 3.22000e+01, 4.10070e+00, 5.00000e+00, 2.16000e+02,
        1.49000e+01, 3.96900e+02, 4.85000e+00],
       [9.26600e-02, 3.40000e+01, 6.09000e+00, 0.00000e+00, 4.33000e-01,
        6.49500e+00, 1.84000e+01, 5.49170e+00, 7.00000e+00, 3.29000e+02,
        1.61000e+01, 3.83610e+02, 8.67000e+00],
       [9.32909e+00, 0.00000e+00, 1.81000e+01, 0.00000e+00, 7.13000e-01,
        6.18500e+00, 9.87000e+01, 2.26160e+00, 2.40000e+01, 6.66000e+02,
        2.02000e+01, 3.96900e+02, 1.81300e+01],
       [1.22472e+01, 0.00000e+00, 1.81000e+01, 0.00000e+00, 5.84000e-01,
        5.83700e+00, 5.97000e+01, 1.99760e+00, 2.40000e+01, 6.66000e+02,
        2.02000e+01, 2.46500e+01, 1.56900e+01],
       [6.28807e+00, 0.00000e+00, 1.81000e+01, 0.00000e+00, 7.40000e-01,
        6.34100e+00, 9.64000e+01, 2.07200e+00, 2.40000e+01, 6.66000e+02,
        2.02000e+01, 3.18010e+02, 1.77900e+01],
       [1.22690e-01, 0.00000e+00, 6.91000e+00, 0.00000e+00, 4.48000e-01,
        6.06900e+00, 4.00000e+01, 5.72090e+00, 3.00000e+00, 2.33000e+02,
        1.79000e+01, 3.89390e+02, 9.55000e+00],
       [1.15172e+00, 0.00000e+00, 8.14000e+00, 0.00000e+00, 5.38000e-01,
        5.70100e+00, 9.50000e+01, 3.78720e+00, 4.00000e+00, 3.07000e+02,
        2.10000e+01, 3.58770e+02, 1.83500e+01],
       [3.04100e-02, 0.00000e+00, 5.19000e+00, 0.00000e+00, 5.15000e-01,
        5.89500e+00, 5.96000e+01, 5.61500e+00, 5.00000e+00, 2.24000e+02,
        2.02000e+01, 3.94810e+02, 1.05600e+01],
       [1.35540e-01, 1.25000e+01, 6.07000e+00, 0.00000e+00, 4.09000e-01,
        5.59400e+00, 3.68000e+01, 6.49800e+00, 4.00000e+00, 3.45000e+02,
        1.89000e+01, 3.96900e+02, 1.30900e+01],
       [7.02200e-02, 0.00000e+00, 4.05000e+00, 0.00000e+00, 5.10000e-01,
        6.02000e+00, 4.72000e+01, 3.55490e+00, 5.00000e+00, 2.96000e+02,
        1.66000e+01, 3.93230e+02, 1.01100e+01],
       [2.81838e+00, 0.00000e+00, 1.81000e+01, 0.00000e+00, 5.32000e-01,
        5.76200e+00, 4.03000e+01, 4.09830e+00, 2.40000e+01, 6.66000e+02,
        2.02000e+01, 3.92920e+02, 1.04200e+01],
       [1.36781e+01, 0.00000e+00, 1.81000e+01, 0.00000e+00, 7.40000e-01,
        5.93500e+00, 8.79000e+01, 1.82060e+00, 2.40000e+01, 6.66000e+02,
        2.02000e+01, 6.89500e+01, 3.40200e+01],
       [4.93200e-02, 3.30000e+01, 2.18000e+00, 0.00000e+00, 4.72000e-01,
        6.84900e+00, 7.03000e+01, 3.18270e+00, 7.00000e+00, 2.22000e+02,
        1.84000e+01, 3.96900e+02, 7.53000e+00],
       [2.69380e-01, 0.00000e+00, 9.90000e+00, 0.00000e+00, 5.44000e-01,
        6.26600e+00, 8.28000e+01, 3.26280e+00, 4.00000e+00, 3.04000e+02,
        1.84000e+01, 3.93390e+02, 7.90000e+00],
       [7.05042e+00, 0.00000e+00, 1.81000e+01, 0.00000e+00, 6.14000e-01,
        6.10300e+00, 8.51000e+01, 2.02180e+00, 2.40000e+01, 6.66000e+02,
        2.02000e+01, 2.52000e+00, 2.32900e+01],
       [6.12700e-02, 4.00000e+01, 6.41000e+00, 1.00000e+00, 4.47000e-01,
        6.82600e+00, 2.76000e+01, 4.86280e+00, 4.00000e+00, 2.54000e+02,
        1.76000e+01, 3.93450e+02, 4.16000e+00],
       [1.27440e-01, 0.00000e+00, 6.91000e+00, 0.00000e+00, 4.48000e-01,
        6.77000e+00, 2.90000e+00, 5.72090e+00, 3.00000e+00, 2.33000e+02,
        1.79000e+01, 3.85410e+02, 4.84000e+00],
       [4.37900e-02, 8.00000e+01, 3.37000e+00, 0.00000e+00, 3.98000e-01,
        5.78700e+00, 3.11000e+01, 6.61150e+00, 4.00000e+00, 3.37000e+02,
        1.61000e+01, 3.96900e+02, 1.02400e+01],
       [5.37000e-01, 0.00000e+00, 6.20000e+00, 0.00000e+00, 5.04000e-01,
        5.98100e+00, 6.81000e+01, 3.67150e+00, 8.00000e+00, 3.07000e+02,
        1.74000e+01, 3.78350e+02, 1.16500e+01],
       [1.02330e+01, 0.00000e+00, 1.81000e+01, 0.00000e+00, 6.14000e-01,
        6.18500e+00, 9.67000e+01, 2.17050e+00, 2.40000e+01, 6.66000e+02,
        2.02000e+01, 3.79700e+02, 1.80300e+01],
       [2.18700e-02, 6.00000e+01, 2.93000e+00, 0.00000e+00, 4.01000e-01,
        6.80000e+00, 9.90000e+00, 6.21960e+00, 1.00000e+00, 2.65000e+02,
        1.56000e+01, 3.93370e+02, 5.03000e+00],
       [5.40110e-01, 2.00000e+01, 3.97000e+00, 0.00000e+00, 6.47000e-01,
        7.20300e+00, 8.18000e+01, 2.11210e+00, 5.00000e+00, 2.64000e+02,
        1.30000e+01, 3.92800e+02, 9.59000e+00],
       [3.55100e-02, 2.50000e+01, 4.86000e+00, 0.00000e+00, 4.26000e-01,
        6.16700e+00, 4.67000e+01, 5.40070e+00, 4.00000e+00, 2.81000e+02,
        1.90000e+01, 3.90640e+02, 7.51000e+00],
       [1.50100e-02, 8.00000e+01, 2.01000e+00, 0.00000e+00, 4.35000e-01,
        6.63500e+00, 2.97000e+01, 8.34400e+00, 4.00000e+00, 2.80000e+02,
        1.70000e+01, 3.90940e+02, 5.99000e+00],
       [6.11540e-01, 2.00000e+01, 3.97000e+00, 0.00000e+00, 6.47000e-01,
        8.70400e+00, 8.69000e+01, 1.80100e+00, 5.00000e+00, 2.64000e+02,
        1.30000e+01, 3.89700e+02, 5.12000e+00],
       [8.26725e+00, 0.00000e+00, 1.81000e+01, 1.00000e+00, 6.68000e-01,
        5.87500e+00, 8.96000e+01, 1.12960e+00, 2.40000e+01, 6.66000e+02,
        2.02000e+01, 3.47880e+02, 8.88000e+00],
       [2.53870e-01, 0.00000e+00, 6.91000e+00, 0.00000e+00, 4.48000e-01,
        5.39900e+00, 9.53000e+01, 5.87000e+00, 3.00000e+00, 2.33000e+02,
        1.79000e+01, 3.96900e+02, 3.08100e+01],
       [7.01300e-02, 0.00000e+00, 1.38900e+01, 0.00000e+00, 5.50000e-01,
        6.64200e+00, 8.51000e+01, 3.42110e+00, 5.00000e+00, 2.76000e+02,
        1.64000e+01, 3.92780e+02, 9.69000e+00],
       [3.30600e-02, 0.00000e+00, 5.19000e+00, 0.00000e+00, 5.15000e-01,
        6.05900e+00, 3.73000e+01, 4.81220e+00, 5.00000e+00, 2.24000e+02,
        2.02000e+01, 3.96140e+02, 8.51000e+00],
       [9.23230e+00, 0.00000e+00, 1.81000e+01, 0.00000e+00, 6.31000e-01,
        6.21600e+00, 1.00000e+02, 1.16910e+00, 2.40000e+01, 6.66000e+02,
        2.02000e+01, 3.66150e+02, 9.53000e+00],
       [3.57800e-02, 2.00000e+01, 3.33000e+00, 0.00000e+00, 4.42900e-01,
        7.82000e+00, 6.45000e+01, 4.69470e+00, 5.00000e+00, 2.16000e+02,
        1.49000e+01, 3.87310e+02, 3.76000e+00]])}
INFO - BNN_UCI - Completed after 0:03:42
