INFO - BNN_UCI - Running command 'fit_bnn'
INFO - BNN_UCI - Started run with ID "412"
/home/freidanm/repos/pytorch_experiments/experiments_env/src/pysgmcmc/pysgmcmc/data/datasets.py:14: FutureWarning: Method .as_matrix will be removed in a future version. Use .values instead.
  x_train = train_data.as_matrix(feature_columns)
/home/freidanm/repos/pytorch_experiments/experiments_env/src/pysgmcmc/pysgmcmc/data/datasets.py:15: FutureWarning: Method .as_matrix will be removed in a future version. Use .values instead.
  y_train = train_data[label_column].as_matrix()
/home/freidanm/repos/pytorch_experiments/experiments_env/src/pysgmcmc/pysgmcmc/data/datasets.py:17: FutureWarning: Method .as_matrix will be removed in a future version. Use .values instead.
  x_test = test_data.as_matrix(feature_columns)
/home/freidanm/repos/pytorch_experiments/experiments_env/src/pysgmcmc/pysgmcmc/data/datasets.py:18: FutureWarning: Method .as_matrix will be removed in a future version. Use .values instead.
  y_test = test_data[label_column].as_matrix()
INFO - root - Performing 15000 iterations
INFO - BNN_UCI - Result: {'x_test': array([[1.19294e+00, 0.00000e+00, 2.18900e+01, 0.00000e+00, 6.24000e-01,
        6.32600e+00, 9.77000e+01, 2.27100e+00, 4.00000e+00, 4.37000e+02,
        2.12000e+01, 3.96900e+02, 1.22600e+01],
       [5.51500e-02, 3.30000e+01, 2.18000e+00, 0.00000e+00, 4.72000e-01,
        7.23600e+00, 4.11000e+01, 4.02200e+00, 7.00000e+00, 2.22000e+02,
        1.84000e+01, 3.93680e+02, 6.93000e+00],
       [4.02020e-01, 0.00000e+00, 9.90000e+00, 0.00000e+00, 5.44000e-01,
        6.38200e+00, 6.72000e+01, 3.53250e+00, 4.00000e+00, 3.04000e+02,
        1.84000e+01, 3.95210e+02, 1.03600e+01],
       [4.42228e+00, 0.00000e+00, 1.81000e+01, 0.00000e+00, 5.84000e-01,
        6.00300e+00, 9.45000e+01, 2.54030e+00, 2.40000e+01, 6.66000e+02,
        2.02000e+01, 3.31290e+02, 2.13200e+01],
       [5.20140e-01, 2.00000e+01, 3.97000e+00, 0.00000e+00, 6.47000e-01,
        8.39800e+00, 9.15000e+01, 2.28850e+00, 5.00000e+00, 2.64000e+02,
        1.30000e+01, 3.86860e+02, 5.91000e+00],
       [3.15330e-01, 0.00000e+00, 6.20000e+00, 0.00000e+00, 5.04000e-01,
        8.26600e+00, 7.83000e+01, 2.89440e+00, 8.00000e+00, 3.07000e+02,
        1.74000e+01, 3.85050e+02, 4.14000e+00],
       [8.15174e+00, 0.00000e+00, 1.81000e+01, 0.00000e+00, 7.00000e-01,
        5.39000e+00, 9.89000e+01, 1.72810e+00, 2.40000e+01, 6.66000e+02,
        2.02000e+01, 3.96900e+02, 2.08500e+01],
       [9.23230e+00, 0.00000e+00, 1.81000e+01, 0.00000e+00, 6.31000e-01,
        6.21600e+00, 1.00000e+02, 1.16910e+00, 2.40000e+01, 6.66000e+02,
        2.02000e+01, 3.66150e+02, 9.53000e+00],
       [1.43337e+01, 0.00000e+00, 1.81000e+01, 0.00000e+00, 6.14000e-01,
        6.22900e+00, 8.80000e+01, 1.95120e+00, 2.40000e+01, 6.66000e+02,
        2.02000e+01, 3.83320e+02, 1.31100e+01],
       [1.22358e+00, 0.00000e+00, 1.95800e+01, 0.00000e+00, 6.05000e-01,
        6.94300e+00, 9.74000e+01, 1.87730e+00, 5.00000e+00, 4.03000e+02,
        1.47000e+01, 3.63430e+02, 4.59000e+00],
       [4.93200e-02, 3.30000e+01, 2.18000e+00, 0.00000e+00, 4.72000e-01,
        6.84900e+00, 7.03000e+01, 3.18270e+00, 7.00000e+00, 2.22000e+02,
        1.84000e+01, 3.96900e+02, 7.53000e+00],
       [5.73116e+00, 0.00000e+00, 1.81000e+01, 0.00000e+00, 5.32000e-01,
        7.06100e+00, 7.70000e+01, 3.41060e+00, 2.40000e+01, 6.66000e+02,
        2.02000e+01, 3.95280e+02, 7.01000e+00],
       [4.41700e-02, 7.00000e+01, 2.24000e+00, 0.00000e+00, 4.00000e-01,
        6.87100e+00, 4.74000e+01, 7.82780e+00, 5.00000e+00, 3.58000e+02,
        1.48000e+01, 3.90860e+02, 6.07000e+00],
       [1.68118e+01, 0.00000e+00, 1.81000e+01, 0.00000e+00, 7.00000e-01,
        5.27700e+00, 9.81000e+01, 1.42610e+00, 2.40000e+01, 6.66000e+02,
        2.02000e+01, 3.96900e+02, 3.08100e+01],
       [9.06500e-02, 2.00000e+01, 6.96000e+00, 1.00000e+00, 4.64000e-01,
        5.92000e+00, 6.15000e+01, 3.91750e+00, 3.00000e+00, 2.23000e+02,
        1.86000e+01, 3.91340e+02, 1.36500e+01],
       [1.06590e-01, 8.00000e+01, 1.91000e+00, 0.00000e+00, 4.13000e-01,
        5.93600e+00, 1.95000e+01, 1.05857e+01, 4.00000e+00, 3.34000e+02,
        2.20000e+01, 3.76040e+02, 5.57000e+00],
       [7.02200e-02, 0.00000e+00, 4.05000e+00, 0.00000e+00, 5.10000e-01,
        6.02000e+00, 4.72000e+01, 3.55490e+00, 5.00000e+00, 2.96000e+02,
        1.66000e+01, 3.93230e+02, 1.01100e+01],
       [6.89900e-02, 0.00000e+00, 2.56500e+01, 0.00000e+00, 5.81000e-01,
        5.87000e+00, 6.97000e+01, 2.25770e+00, 2.00000e+00, 1.88000e+02,
        1.91000e+01, 3.89150e+02, 1.43700e+01],
       [1.12658e+00, 0.00000e+00, 1.95800e+01, 1.00000e+00, 8.71000e-01,
        5.01200e+00, 8.80000e+01, 1.61020e+00, 5.00000e+00, 4.03000e+02,
        1.47000e+01, 3.43280e+02, 1.21200e+01],
       [1.10874e+01, 0.00000e+00, 1.81000e+01, 0.00000e+00, 7.18000e-01,
        6.41100e+00, 1.00000e+02, 1.85890e+00, 2.40000e+01, 6.66000e+02,
        2.02000e+01, 3.18750e+02, 1.50200e+01],
       [4.35710e-01, 0.00000e+00, 1.05900e+01, 1.00000e+00, 4.89000e-01,
        5.34400e+00, 1.00000e+02, 3.87500e+00, 4.00000e+00, 2.77000e+02,
        1.86000e+01, 3.96900e+02, 2.30900e+01],
       [1.08342e+01, 0.00000e+00, 1.81000e+01, 0.00000e+00, 6.79000e-01,
        6.78200e+00, 9.08000e+01, 1.81950e+00, 2.40000e+01, 6.66000e+02,
        2.02000e+01, 2.15700e+01, 2.57900e+01],
       [1.42362e+01, 0.00000e+00, 1.81000e+01, 0.00000e+00, 6.93000e-01,
        6.34300e+00, 1.00000e+02, 1.57410e+00, 2.40000e+01, 6.66000e+02,
        2.02000e+01, 3.96900e+02, 2.03200e+01],
       [1.55757e+01, 0.00000e+00, 1.81000e+01, 0.00000e+00, 5.80000e-01,
        5.92600e+00, 7.10000e+01, 2.90840e+00, 2.40000e+01, 6.66000e+02,
        2.02000e+01, 3.68740e+02, 1.81300e+01],
       [1.35540e-01, 1.25000e+01, 6.07000e+00, 0.00000e+00, 4.09000e-01,
        5.59400e+00, 3.68000e+01, 6.49800e+00, 4.00000e+00, 3.45000e+02,
        1.89000e+01, 3.96900e+02, 1.30900e+01],
       [1.39600e-01, 0.00000e+00, 8.56000e+00, 0.00000e+00, 5.20000e-01,
        6.16700e+00, 9.00000e+01, 2.42100e+00, 5.00000e+00, 3.84000e+02,
        2.09000e+01, 3.92690e+02, 1.23300e+01],
       [6.88800e-02, 0.00000e+00, 2.46000e+00, 0.00000e+00, 4.88000e-01,
        6.14400e+00, 6.22000e+01, 2.59790e+00, 3.00000e+00, 1.93000e+02,
        1.78000e+01, 3.96900e+02, 9.45000e+00],
       [7.97800e-02, 4.00000e+01, 6.41000e+00, 0.00000e+00, 4.47000e-01,
        6.48200e+00, 3.21000e+01, 4.14030e+00, 4.00000e+00, 2.54000e+02,
        1.76000e+01, 3.96900e+02, 7.19000e+00],
       [9.10300e-02, 0.00000e+00, 2.46000e+00, 0.00000e+00, 4.88000e-01,
        7.15500e+00, 9.22000e+01, 2.70060e+00, 3.00000e+00, 1.93000e+02,
        1.78000e+01, 3.94120e+02, 4.82000e+00],
       [2.77974e+00, 0.00000e+00, 1.95800e+01, 0.00000e+00, 8.71000e-01,
        4.90300e+00, 9.78000e+01, 1.34590e+00, 5.00000e+00, 4.03000e+02,
        1.47000e+01, 3.96900e+02, 2.92900e+01],
       [1.41385e+00, 0.00000e+00, 1.95800e+01, 1.00000e+00, 8.71000e-01,
        6.12900e+00, 9.60000e+01, 1.74940e+00, 5.00000e+00, 4.03000e+02,
        1.47000e+01, 3.21020e+02, 1.51200e+01],
       [1.26500e-01, 2.50000e+01, 5.13000e+00, 0.00000e+00, 4.53000e-01,
        6.76200e+00, 4.34000e+01, 7.98090e+00, 8.00000e+00, 2.84000e+02,
        1.97000e+01, 3.95580e+02, 9.50000e+00],
       [1.39140e-01, 0.00000e+00, 4.05000e+00, 0.00000e+00, 5.10000e-01,
        5.57200e+00, 8.85000e+01, 2.59610e+00, 5.00000e+00, 2.96000e+02,
        1.66000e+01, 3.96900e+02, 1.46900e+01],
       [2.10380e-01, 2.00000e+01, 3.33000e+00, 0.00000e+00, 4.42900e-01,
        6.81200e+00, 3.22000e+01, 4.10070e+00, 5.00000e+00, 2.16000e+02,
        1.49000e+01, 3.96900e+02, 4.85000e+00],
       [2.51990e-01, 0.00000e+00, 1.05900e+01, 0.00000e+00, 4.89000e-01,
        5.78300e+00, 7.27000e+01, 4.35490e+00, 4.00000e+00, 2.77000e+02,
        1.86000e+01, 3.89430e+02, 1.80600e+01],
       [3.51140e-01, 0.00000e+00, 7.38000e+00, 0.00000e+00, 4.93000e-01,
        6.04100e+00, 4.99000e+01, 4.72110e+00, 5.00000e+00, 2.87000e+02,
        1.96000e+01, 3.96900e+02, 7.70000e+00],
       [1.96091e+01, 0.00000e+00, 1.81000e+01, 0.00000e+00, 6.71000e-01,
        7.31300e+00, 9.79000e+01, 1.31630e+00, 2.40000e+01, 6.66000e+02,
        2.02000e+01, 3.96900e+02, 1.34400e+01],
       [3.93200e-02, 0.00000e+00, 3.41000e+00, 0.00000e+00, 4.89000e-01,
        6.40500e+00, 7.39000e+01, 3.09210e+00, 2.00000e+00, 2.70000e+02,
        1.78000e+01, 3.93550e+02, 8.20000e+00],
       [5.90050e-01, 0.00000e+00, 2.18900e+01, 0.00000e+00, 6.24000e-01,
        6.37200e+00, 9.79000e+01, 2.32740e+00, 4.00000e+00, 4.37000e+02,
        2.12000e+01, 3.85760e+02, 1.11200e+01],
       [2.50461e+01, 0.00000e+00, 1.81000e+01, 0.00000e+00, 6.93000e-01,
        5.98700e+00, 1.00000e+02, 1.58880e+00, 2.40000e+01, 6.66000e+02,
        2.02000e+01, 3.96900e+02, 2.67700e+01],
       [1.48660e-01, 0.00000e+00, 8.56000e+00, 0.00000e+00, 5.20000e-01,
        6.72700e+00, 7.99000e+01, 2.77780e+00, 5.00000e+00, 3.84000e+02,
        2.09000e+01, 3.94760e+02, 9.42000e+00],
       [7.01300e-02, 0.00000e+00, 1.38900e+01, 0.00000e+00, 5.50000e-01,
        6.64200e+00, 8.51000e+01, 3.42110e+00, 5.00000e+00, 2.76000e+02,
        1.64000e+01, 3.92780e+02, 9.69000e+00],
       [1.90730e-01, 2.20000e+01, 5.86000e+00, 0.00000e+00, 4.31000e-01,
        6.71800e+00, 1.75000e+01, 7.82650e+00, 7.00000e+00, 3.30000e+02,
        1.91000e+01, 3.93740e+02, 6.56000e+00],
       [7.84200e-01, 0.00000e+00, 8.14000e+00, 0.00000e+00, 5.38000e-01,
        5.99000e+00, 8.17000e+01, 4.25790e+00, 4.00000e+00, 3.07000e+02,
        2.10000e+01, 3.86750e+02, 1.46700e+01],
       [1.14250e-01, 0.00000e+00, 1.38900e+01, 1.00000e+00, 5.50000e-01,
        6.37300e+00, 9.24000e+01, 3.36330e+00, 5.00000e+00, 2.76000e+02,
        1.64000e+01, 3.93740e+02, 1.05000e+01],
       [3.32105e+00, 0.00000e+00, 1.95800e+01, 1.00000e+00, 8.71000e-01,
        5.40300e+00, 1.00000e+02, 1.32160e+00, 5.00000e+00, 4.03000e+02,
        1.47000e+01, 3.96900e+02, 2.68200e+01],
       [4.41780e-01, 0.00000e+00, 6.20000e+00, 0.00000e+00, 5.04000e-01,
        6.55200e+00, 2.14000e+01, 3.37510e+00, 8.00000e+00, 3.07000e+02,
        1.74000e+01, 3.80340e+02, 3.76000e+00],
       [3.25430e-01, 0.00000e+00, 2.18900e+01, 0.00000e+00, 6.24000e-01,
        6.43100e+00, 9.88000e+01, 1.81250e+00, 4.00000e+00, 4.37000e+02,
        2.12000e+01, 3.96900e+02, 1.53900e+01],
       [5.20580e-01, 0.00000e+00, 6.20000e+00, 1.00000e+00, 5.07000e-01,
        6.63100e+00, 7.65000e+01, 4.14800e+00, 8.00000e+00, 3.07000e+02,
        1.74000e+01, 3.88450e+02, 9.54000e+00],
       [2.21880e-01, 2.00000e+01, 6.96000e+00, 1.00000e+00, 4.64000e-01,
        7.69100e+00, 5.18000e+01, 4.36650e+00, 3.00000e+00, 2.23000e+02,
        1.86000e+01, 3.90770e+02, 6.58000e+00],
       [3.82140e-01, 0.00000e+00, 6.20000e+00, 0.00000e+00, 5.04000e-01,
        8.04000e+00, 8.65000e+01, 3.21570e+00, 8.00000e+00, 3.07000e+02,
        1.74000e+01, 3.87380e+02, 3.13000e+00]]), 'prediction_std': array([1.0911324 , 1.7320086 , 1.0256215 , 1.4352874 , 1.18579   ,
       1.9601226 , 1.660735  , 1.1323045 , 0.9881205 , 2.0158281 ,
       1.3461915 , 1.0786996 , 1.8580984 , 1.5957193 , 1.0670336 ,
       1.0197238 , 0.93436325, 0.7585609 , 1.5106084 , 1.5853417 ,
       1.2070726 , 1.6258867 , 1.0209689 , 1.2502885 , 0.7990873 ,
       1.2011194 , 1.3486778 , 1.5094537 , 1.4677328 , 0.8248753 ,
       1.5319936 , 1.2958404 , 0.6957335 , 1.5492156 , 0.801132  ,
       1.2884449 , 1.8297524 , 1.2005546 , 1.1150892 , 1.1492969 ,
       1.3783389 , 1.459794  , 1.2728581 , 1.0620115 , 0.7923477 ,
       1.4011168 , 1.7002186 , 1.239709  , 0.7425155 , 1.0986328 ,
       1.706345  ], dtype=float32), 'prediction_mean': array([18.151493 , 37.883343 , 22.108543 , 11.59009  , 48.664192 ,
       47.2622   , 10.804125 , 25.925697 , 19.500452 , 40.96154  ,
       31.267689 , 24.236156 , 27.958143 ,  8.823139 , 21.17662  ,
       20.134281 , 23.548075 , 20.104988 , 21.879286 , 15.9125805,
       19.73623  , 10.107619 , 10.961226 , 11.087931 , 17.999771 ,
       18.910902 , 29.730217 , 25.222939 , 31.609938 , 15.89071  ,
       17.039492 , 27.273523 , 24.707384 , 34.027576 , 19.138327 ,
       21.039457 , 23.534798 , 23.283379 , 17.722683 ,  9.233303 ,
       23.617908 , 26.48666  , 26.95809  , 18.048336 , 23.953123 ,
       20.92237  , 31.760773 , 18.832228 , 25.856678 , 33.920506 ,
       39.2412   ], dtype=float32), 'y_train': array([24. , 21.6, 34.7, 33.4, 36.2, 28.7, 22.9, 27.1, 16.5, 18.9, 15. ,
       18.9, 21.7, 20.4, 18.2, 19.9, 23.1, 20.2, 18.2, 13.6, 19.6, 15.2,
       14.5, 15.6, 13.9, 16.6, 14.8, 18.4, 21. , 12.7, 14.5, 13.2, 13.1,
       13.5, 18.9, 20. , 21. , 24.7, 30.8, 34.9, 26.6, 25.3, 24.7, 21.2,
       19.3, 20. , 16.6, 14.4, 19.4, 19.7, 20.5, 25. , 23.4, 18.9, 35.4,
       24.7, 31.6, 23.3, 19.6, 18.7, 16. , 22.2, 33. , 23.5, 19.4, 22. ,
       20.9, 24.2, 21.7, 22.8, 23.4, 24.1, 21.4, 20. , 20.8, 21.2, 20.3,
       28. , 23.9, 24.8, 22.9, 23.9, 26.6, 22.5, 22.2, 23.6, 28.7, 22.6,
       22.9, 25. , 20.6, 28.4, 21.4, 38.7, 43.8, 33.2, 26.5, 18.6, 19.3,
       19.5, 19.5, 20.4, 19.8, 19.4, 21.7, 22.8, 18.8, 18.7, 18.5, 18.3,
       21.2, 19.2, 20.4, 19.3, 20.3, 20.5, 17.3, 18.8, 21.4, 15.7, 16.2,
       14.3, 19.2, 18.4, 15.6, 18.1, 17.4, 17.1, 13.3, 17.8, 14. , 14.4,
       15.6, 13.8, 15.6, 14.6, 17.8, 15.4, 21.5, 19.6, 19.4, 15.6, 13.1,
       24.3, 23.3, 27. , 50. , 50. , 50. , 22.7, 25. , 50. , 23.8, 23.8,
       22.3, 17.4, 19.1, 23.6, 22.6, 29.4, 24.6, 29.9, 37.2, 39.8, 32.5,
       26.4, 29.6, 50. , 32. , 29.8, 34.9, 37. , 30.5, 36.4, 31.1, 29.1,
       50. , 33.3, 30.3, 34.6, 34.9, 32.9, 24.1, 42.3, 48.5, 50. , 22.6,
       24.4, 24.4, 21.7, 19.3, 22.4, 28.1, 23.7, 25. , 23.3, 21.5, 26.7,
       21.7, 27.5, 30.1, 50. , 31.6, 46.7, 24.3, 31.7, 41.7, 48.3, 29. ,
       24. , 31.5, 23.7, 23.3, 22. , 20.1, 22.2, 23.7, 17.6, 18.5, 24.3,
       20.5, 24.5, 24.4, 24.8, 29.6, 42.8, 21.9, 20.9, 44. , 50. , 36. ,
       30.1, 33.8, 43.1, 31. , 36.5, 22.8, 30.7, 50. , 43.5, 21.1, 25.2,
       24.4, 32.4, 32. , 33.2, 33.1, 45.4, 35.4, 46. , 50. , 32.2, 22. ,
       20.1, 23.2, 22.3, 24.8, 28.5, 37.3, 27.9, 23.9, 21.7, 28.6, 27.1,
       20.3, 22.5, 29. , 22. , 26.4, 33.1, 28.4, 33.4, 22.8, 20.3, 16.1,
       22.1, 19.4, 21.6, 23.8, 16.2, 17.8, 19.8, 21. , 23.8, 23.1, 18.5,
       25. , 24.6, 23. , 22.2, 19.3, 22.6, 19.8, 17.1, 19.4, 22.2, 20.7,
       21.1, 19.5, 18.5, 20.6, 19. , 18.7, 32.7, 16.5, 23.9, 31.2, 17.5,
       17.2, 23.1, 24.5, 26.6, 22.9, 24.1, 18.6, 30.1, 18.2, 17.8, 21.7,
       22.7, 22.6, 25. , 19.9, 20.8, 16.8, 21.9, 27.5, 21.9, 23.1, 50. ,
       50. , 50. , 50. , 13.8, 13.8, 13.9, 13.3, 13.1, 10.2, 10.4, 10.9,
       11.3, 12.3,  8.8, 10.5,  7.4, 10.2, 15.1, 23.2,  9.7, 13.8, 12.7,
       13.1, 12.5,  8.5,  5. ,  6.3, 12.1,  8.3,  8.5,  5. , 11.9, 27.9,
       17.2, 27.5, 15. , 17.2, 17.9, 16.3,  7. ,  7.2, 10.4,  8.8,  8.4,
       14.2, 20.8, 13.4, 11.7,  8.3, 10.2, 10.9, 11. ,  9.5, 14.5, 14.1,
       16.1, 14.3, 11.7, 13.4,  9.6,  8.7,  8.4, 12.8, 10.5, 17.1, 18.4,
       15.4, 10.8, 11.8, 14.9, 12.6, 14.1, 13. , 13.4, 15.2, 16.1, 17.8,
       14.9, 14.1, 12.7, 13.5, 14.9, 20. , 16.4, 17.7, 19.5, 20.2, 21.4,
       19.9, 19. , 20.1, 19.9, 19.6, 23.2, 29.8, 13.8, 13.3, 16.7, 12. ,
       14.6, 23. , 23.7, 21.8, 20.6, 21.2, 19.1, 20.6, 15.2,  7. ,  8.1,
       13.6, 20.1, 21.8, 24.5, 23.1, 19.7, 18.3, 21.2, 17.5, 16.8, 22.4,
       20.6, 23.9, 22. , 11.9]), 'x_train': array([[6.3200e-03, 1.8000e+01, 2.3100e+00, ..., 1.5300e+01, 3.9690e+02,
        4.9800e+00],
       [2.7310e-02, 0.0000e+00, 7.0700e+00, ..., 1.7800e+01, 3.9690e+02,
        9.1400e+00],
       [2.7290e-02, 0.0000e+00, 7.0700e+00, ..., 1.7800e+01, 3.9283e+02,
        4.0300e+00],
       ...,
       [6.0760e-02, 0.0000e+00, 1.1930e+01, ..., 2.1000e+01, 3.9690e+02,
        5.6400e+00],
       [1.0959e-01, 0.0000e+00, 1.1930e+01, ..., 2.1000e+01, 3.9345e+02,
        6.4800e+00],
       [4.7410e-02, 0.0000e+00, 1.1930e+01, ..., 2.1000e+01, 3.9690e+02,
        7.8800e+00]]), 'packages': [['atomicwrites', '1.1.5'], ['attrs', '18.1.0'], ['backcall', '0.1.0'], ['coverage', '4.5.1'], ['cycler', '0.10.0'], ['decorator', '4.3.0'], ['docopt', '0.6.2'], ['hashfs', '0.7.0'], ['hypothesis', '3.57.0'], ['ipykernel', '4.8.2'], ['ipython', '6.4.0'], ['ipython-genutils', '0.2.0'], ['jedi', '0.12.0'], ['jsonpickle', '0.9.6'], ['jsonschema', '2.6.0'], ['jupyter-client', '5.2.3'], ['jupyter-core', '4.4.0'], ['kiwisolver', '1.0.1'], ['Lasagne', '0.1'], ['matplotlib', '2.2.2'], ['more-itertools', '4.2.0'], ['mpmath', '1.0.0'], ['munch', '2.3.2'], ['nbformat', '4.4.0'], ['nbval', '0.9.1'], ['numpy', '1.14.3'], ['pandas', '0.23.0'], ['parso', '0.2.1'], ['pexpect', '4.6.0'], ['pickleshare', '0.7.4'], ['Pillow', '5.1.0'], ['pip', '10.0.1'], ['pkg-resources', '0.0.0'], ['pluggy', '0.6.0'], ['prompt-toolkit', '1.0.15'], ['ptyprocess', '0.5.2'], ['py', '1.5.3'], ['py-cpuinfo', '4.0.0'], ['Pygments', '2.2.0'], ['pymongo', '3.6.1'], ['pyparsing', '2.2.0'], ['pysgmcmc', '0.0.1'], ['pytest', '3.6.0'], ['python-dateutil', '2.7.3'], ['pytz', '2018.4'], ['pyzmq', '17.0.0'], ['sacred', '0.7.3'], ['scandir', '1.7'], ['scikit-learn', '0.19.1'], ['scipy', '1.1.0'], ['seaborn', '0.8.1'], ['setuptools', '39.2.0'], ['simplegeneric', '0.8.1'], ['six', '1.11.0'], ['SQLAlchemy', '1.2.8'], ['sympy', '1.1.1'], ['Theano', '0.8.0'], ['tinydb', '3.9.0.post1'], ['tinydb-serialization', '1.0.4'], ['torch', '0.4.0'], ['torchvision', '0.2.1'], ['tornado', '5.0.2'], ['tqdm', '4.23.4'], ['traitlets', '4.3.2'], ['wcwidth', '0.1.7'], ['wheel', '0.31.1'], ['wrapt', '1.10.11']], 'y_test': array([19.6, 36.1, 23.1, 19.1, 48.8, 44.8, 11.5, 50. , 21.4, 41.3, 28.2,
       25. , 24.8,  7.2, 20.7, 20.6, 23.2, 22. , 15.3, 16.7, 20. ,  7.5,
        7.2, 19.1, 17.4, 20.1, 36.2, 29.1, 37.9, 11.8, 17. , 25. , 23.1,
       35.1, 22.5, 20.4, 15. , 22. , 23. ,  5.6, 27.5, 28.7, 26.2, 17.5,
       23. , 13.4, 31.5, 18. , 25.1, 35.2, 37.6])}
INFO - BNN_UCI - Completed after 0:03:45
