INFO - BNN_UCI - Running command 'fit_bnn'
INFO - BNN_UCI - Started run with ID "336"
/home/freidanm/repos/pytorch_experiments/experiments_env/src/pysgmcmc/pysgmcmc/data/datasets.py:14: FutureWarning: Method .as_matrix will be removed in a future version. Use .values instead.
  x_train = train_data.as_matrix(feature_columns)
/home/freidanm/repos/pytorch_experiments/experiments_env/src/pysgmcmc/pysgmcmc/data/datasets.py:15: FutureWarning: Method .as_matrix will be removed in a future version. Use .values instead.
  y_train = train_data[label_column].as_matrix()
/home/freidanm/repos/pytorch_experiments/experiments_env/src/pysgmcmc/pysgmcmc/data/datasets.py:17: FutureWarning: Method .as_matrix will be removed in a future version. Use .values instead.
  x_test = test_data.as_matrix(feature_columns)
/home/freidanm/repos/pytorch_experiments/experiments_env/src/pysgmcmc/pysgmcmc/data/datasets.py:18: FutureWarning: Method .as_matrix will be removed in a future version. Use .values instead.
  y_test = test_data[label_column].as_matrix()
INFO - root - Performing 15000 iterations
INFO - BNN_UCI - Result: {'x_test': array([[6.28807e+00, 0.00000e+00, 1.81000e+01, 0.00000e+00, 7.40000e-01,
        6.34100e+00, 9.64000e+01, 2.07200e+00, 2.40000e+01, 6.66000e+02,
        2.02000e+01, 3.18010e+02, 1.77900e+01],
       [5.51500e-02, 3.30000e+01, 2.18000e+00, 0.00000e+00, 4.72000e-01,
        7.23600e+00, 4.11000e+01, 4.02200e+00, 7.00000e+00, 2.22000e+02,
        1.84000e+01, 3.93680e+02, 6.93000e+00],
       [5.11358e+01, 0.00000e+00, 1.81000e+01, 0.00000e+00, 5.97000e-01,
        5.75700e+00, 1.00000e+02, 1.41300e+00, 2.40000e+01, 6.66000e+02,
        2.02000e+01, 2.60000e+00, 1.01100e+01],
       [3.73800e-02, 0.00000e+00, 5.19000e+00, 0.00000e+00, 5.15000e-01,
        6.31000e+00, 3.85000e+01, 6.45840e+00, 5.00000e+00, 2.24000e+02,
        2.02000e+01, 3.89400e+02, 6.75000e+00],
       [2.76300e-02, 7.50000e+01, 2.95000e+00, 0.00000e+00, 4.28000e-01,
        6.59500e+00, 2.18000e+01, 5.40110e+00, 3.00000e+00, 2.52000e+02,
        1.83000e+01, 3.95630e+02, 4.32000e+00],
       [4.42228e+00, 0.00000e+00, 1.81000e+01, 0.00000e+00, 5.84000e-01,
        6.00300e+00, 9.45000e+01, 2.54030e+00, 2.40000e+01, 6.66000e+02,
        2.02000e+01, 3.31290e+02, 2.13200e+01],
       [1.80846e+01, 0.00000e+00, 1.81000e+01, 0.00000e+00, 6.79000e-01,
        6.43400e+00, 1.00000e+02, 1.83470e+00, 2.40000e+01, 6.66000e+02,
        2.02000e+01, 2.72500e+01, 2.90500e+01],
       [6.64200e-02, 0.00000e+00, 4.05000e+00, 0.00000e+00, 5.10000e-01,
        6.86000e+00, 7.44000e+01, 2.91530e+00, 5.00000e+00, 2.96000e+02,
        1.66000e+01, 3.91270e+02, 6.92000e+00],
       [2.77974e+00, 0.00000e+00, 1.95800e+01, 0.00000e+00, 8.71000e-01,
        4.90300e+00, 9.78000e+01, 1.34590e+00, 5.00000e+00, 4.03000e+02,
        1.47000e+01, 3.96900e+02, 2.92900e+01],
       [2.00849e+01, 0.00000e+00, 1.81000e+01, 0.00000e+00, 7.00000e-01,
        4.36800e+00, 9.12000e+01, 1.43950e+00, 2.40000e+01, 6.66000e+02,
        2.02000e+01, 2.85830e+02, 3.06300e+01],
       [2.51990e-01, 0.00000e+00, 1.05900e+01, 0.00000e+00, 4.89000e-01,
        5.78300e+00, 7.27000e+01, 4.35490e+00, 4.00000e+00, 2.77000e+02,
        1.86000e+01, 3.89430e+02, 1.80600e+01],
       [1.95390e-01, 0.00000e+00, 1.08100e+01, 0.00000e+00, 4.13000e-01,
        6.24500e+00, 6.20000e+00, 5.28730e+00, 4.00000e+00, 3.05000e+02,
        1.92000e+01, 3.77170e+02, 7.54000e+00],
       [1.39134e+01, 0.00000e+00, 1.81000e+01, 0.00000e+00, 7.13000e-01,
        6.20800e+00, 9.50000e+01, 2.22220e+00, 2.40000e+01, 6.66000e+02,
        2.02000e+01, 1.00630e+02, 1.51700e+01],
       [9.25200e-02, 3.00000e+01, 4.93000e+00, 0.00000e+00, 4.28000e-01,
        6.60600e+00, 4.22000e+01, 6.18990e+00, 6.00000e+00, 3.00000e+02,
        1.66000e+01, 3.83780e+02, 7.37000e+00],
       [5.36000e-02, 2.10000e+01, 5.64000e+00, 0.00000e+00, 4.39000e-01,
        6.51100e+00, 2.11000e+01, 6.81470e+00, 4.00000e+00, 2.43000e+02,
        1.68000e+01, 3.96900e+02, 5.28000e+00],
       [4.54192e+00, 0.00000e+00, 1.81000e+01, 0.00000e+00, 7.70000e-01,
        6.39800e+00, 8.80000e+01, 2.51820e+00, 2.40000e+01, 6.66000e+02,
        2.02000e+01, 3.74560e+02, 7.79000e+00],
       [8.37000e-02, 4.50000e+01, 3.44000e+00, 0.00000e+00, 4.37000e-01,
        7.18500e+00, 3.89000e+01, 4.56670e+00, 5.00000e+00, 3.98000e+02,
        1.52000e+01, 3.96900e+02, 5.39000e+00],
       [3.23700e-02, 0.00000e+00, 2.18000e+00, 0.00000e+00, 4.58000e-01,
        6.99800e+00, 4.58000e+01, 6.06220e+00, 3.00000e+00, 2.22000e+02,
        1.87000e+01, 3.94630e+02, 2.94000e+00],
       [6.71772e+00, 0.00000e+00, 1.81000e+01, 0.00000e+00, 7.13000e-01,
        6.74900e+00, 9.26000e+01, 2.32360e+00, 2.40000e+01, 6.66000e+02,
        2.02000e+01, 3.20000e-01, 1.74400e+01],
       [5.18800e-02, 0.00000e+00, 4.49000e+00, 0.00000e+00, 4.49000e-01,
        6.01500e+00, 4.51000e+01, 4.42720e+00, 3.00000e+00, 2.47000e+02,
        1.85000e+01, 3.95990e+02, 1.28600e+01],
       [6.72400e-02, 0.00000e+00, 3.24000e+00, 0.00000e+00, 4.60000e-01,
        6.33300e+00, 1.72000e+01, 5.21460e+00, 4.00000e+00, 4.30000e+02,
        1.69000e+01, 3.75210e+02, 7.34000e+00],
       [1.71710e-01, 2.50000e+01, 5.13000e+00, 0.00000e+00, 4.53000e-01,
        5.96600e+00, 9.34000e+01, 6.81850e+00, 8.00000e+00, 2.84000e+02,
        1.97000e+01, 3.78080e+02, 1.44400e+01],
       [3.75780e-01, 0.00000e+00, 1.05900e+01, 1.00000e+00, 4.89000e-01,
        5.40400e+00, 8.86000e+01, 3.66500e+00, 4.00000e+00, 2.77000e+02,
        1.86000e+01, 3.95240e+02, 2.39800e+01],
       [3.16360e+00, 0.00000e+00, 1.81000e+01, 0.00000e+00, 6.55000e-01,
        5.75900e+00, 4.82000e+01, 3.06650e+00, 2.40000e+01, 6.66000e+02,
        2.02000e+01, 3.34400e+02, 1.41300e+01],
       [9.59571e+00, 0.00000e+00, 1.81000e+01, 0.00000e+00, 6.93000e-01,
        6.40400e+00, 1.00000e+02, 1.63900e+00, 2.40000e+01, 6.66000e+02,
        2.02000e+01, 3.76110e+02, 2.03100e+01],
       [1.44208e+01, 0.00000e+00, 1.81000e+01, 0.00000e+00, 7.40000e-01,
        6.46100e+00, 9.33000e+01, 2.00260e+00, 2.40000e+01, 6.66000e+02,
        2.02000e+01, 2.74900e+01, 1.80500e+01],
       [3.44500e-02, 8.25000e+01, 2.03000e+00, 0.00000e+00, 4.15000e-01,
        6.16200e+00, 3.84000e+01, 6.27000e+00, 2.00000e+00, 3.48000e+02,
        1.47000e+01, 3.93770e+02, 7.43000e+00],
       [8.98296e+00, 0.00000e+00, 1.81000e+01, 1.00000e+00, 7.70000e-01,
        6.21200e+00, 9.74000e+01, 2.12220e+00, 2.40000e+01, 6.66000e+02,
        2.02000e+01, 3.77730e+02, 1.76000e+01],
       [3.87100e-02, 5.25000e+01, 5.32000e+00, 0.00000e+00, 4.05000e-01,
        6.20900e+00, 3.13000e+01, 7.31720e+00, 6.00000e+00, 2.93000e+02,
        1.66000e+01, 3.96900e+02, 7.14000e+00],
       [1.65660e+00, 0.00000e+00, 1.95800e+01, 0.00000e+00, 8.71000e-01,
        6.12200e+00, 9.73000e+01, 1.61800e+00, 5.00000e+00, 4.03000e+02,
        1.47000e+01, 3.72800e+02, 1.41000e+01],
       [2.07162e+01, 0.00000e+00, 1.81000e+01, 0.00000e+00, 6.59000e-01,
        4.13800e+00, 1.00000e+02, 1.17810e+00, 2.40000e+01, 6.66000e+02,
        2.02000e+01, 3.70220e+02, 2.33400e+01],
       [9.18702e+00, 0.00000e+00, 1.81000e+01, 0.00000e+00, 7.00000e-01,
        5.53600e+00, 1.00000e+02, 1.58040e+00, 2.40000e+01, 6.66000e+02,
        2.02000e+01, 3.96900e+02, 2.36000e+01],
       [4.12380e-01, 0.00000e+00, 6.20000e+00, 0.00000e+00, 5.04000e-01,
        7.16300e+00, 7.99000e+01, 3.21570e+00, 8.00000e+00, 3.07000e+02,
        1.74000e+01, 3.72080e+02, 6.36000e+00],
       [9.92485e+00, 0.00000e+00, 1.81000e+01, 0.00000e+00, 7.40000e-01,
        6.25100e+00, 9.66000e+01, 2.19800e+00, 2.40000e+01, 6.66000e+02,
        2.02000e+01, 3.88520e+02, 1.64400e+01],
       [7.16500e-02, 0.00000e+00, 2.56500e+01, 0.00000e+00, 5.81000e-01,
        6.00400e+00, 8.41000e+01, 2.19740e+00, 2.00000e+00, 1.88000e+02,
        1.91000e+01, 3.77670e+02, 1.42700e+01],
       [1.43337e+01, 0.00000e+00, 1.81000e+01, 0.00000e+00, 6.14000e-01,
        6.22900e+00, 8.80000e+01, 1.95120e+00, 2.40000e+01, 6.66000e+02,
        2.02000e+01, 3.83320e+02, 1.31100e+01],
       [2.61690e-01, 0.00000e+00, 9.90000e+00, 0.00000e+00, 5.44000e-01,
        6.02300e+00, 9.04000e+01, 2.83400e+00, 4.00000e+00, 3.04000e+02,
        1.84000e+01, 3.96300e+02, 1.17200e+01],
       [2.10380e-01, 2.00000e+01, 3.33000e+00, 0.00000e+00, 4.42900e-01,
        6.81200e+00, 3.22000e+01, 4.10070e+00, 5.00000e+00, 2.16000e+02,
        1.49000e+01, 3.96900e+02, 4.85000e+00],
       [4.54400e-02, 0.00000e+00, 3.24000e+00, 0.00000e+00, 4.60000e-01,
        6.14400e+00, 3.22000e+01, 5.87360e+00, 4.00000e+00, 4.30000e+02,
        1.69000e+01, 3.68570e+02, 9.09000e+00],
       [1.30751e+01, 0.00000e+00, 1.81000e+01, 0.00000e+00, 5.80000e-01,
        5.71300e+00, 5.67000e+01, 2.82370e+00, 2.40000e+01, 6.66000e+02,
        2.02000e+01, 3.96900e+02, 1.47600e+01],
       [2.18700e-02, 6.00000e+01, 2.93000e+00, 0.00000e+00, 4.01000e-01,
        6.80000e+00, 9.90000e+00, 6.21960e+00, 1.00000e+00, 2.65000e+02,
        1.56000e+01, 3.93370e+02, 5.03000e+00],
       [1.55757e+01, 0.00000e+00, 1.81000e+01, 0.00000e+00, 5.80000e-01,
        5.92600e+00, 7.10000e+01, 2.90840e+00, 2.40000e+01, 6.66000e+02,
        2.02000e+01, 3.68740e+02, 1.81300e+01],
       [6.16200e-02, 0.00000e+00, 4.39000e+00, 0.00000e+00, 4.42000e-01,
        5.89800e+00, 5.23000e+01, 8.01360e+00, 3.00000e+00, 3.52000e+02,
        1.88000e+01, 3.64610e+02, 1.26700e+01],
       [4.74100e-02, 0.00000e+00, 1.19300e+01, 0.00000e+00, 5.73000e-01,
        6.03000e+00, 8.08000e+01, 2.50500e+00, 1.00000e+00, 2.73000e+02,
        2.10000e+01, 3.96900e+02, 7.88000e+00],
       [3.31470e-01, 0.00000e+00, 6.20000e+00, 0.00000e+00, 5.07000e-01,
        8.24700e+00, 7.04000e+01, 3.65190e+00, 8.00000e+00, 3.07000e+02,
        1.74000e+01, 3.78950e+02, 3.95000e+00],
       [3.83684e+00, 0.00000e+00, 1.81000e+01, 0.00000e+00, 7.70000e-01,
        6.25100e+00, 9.11000e+01, 2.29550e+00, 2.40000e+01, 6.66000e+02,
        2.02000e+01, 3.50650e+02, 1.41900e+01],
       [3.55100e-02, 2.50000e+01, 4.86000e+00, 0.00000e+00, 4.26000e-01,
        6.16700e+00, 4.67000e+01, 5.40070e+00, 4.00000e+00, 2.81000e+02,
        1.90000e+01, 3.90640e+02, 7.51000e+00],
       [2.11240e-01, 1.25000e+01, 7.87000e+00, 0.00000e+00, 5.24000e-01,
        5.63100e+00, 1.00000e+02, 6.08210e+00, 5.00000e+00, 3.11000e+02,
        1.52000e+01, 3.86630e+02, 2.99300e+01],
       [3.04100e-02, 0.00000e+00, 5.19000e+00, 0.00000e+00, 5.15000e-01,
        5.89500e+00, 5.96000e+01, 5.61500e+00, 5.00000e+00, 2.24000e+02,
        2.02000e+01, 3.94810e+02, 1.05600e+01],
       [4.66600e-02, 8.00000e+01, 1.52000e+00, 0.00000e+00, 4.04000e-01,
        7.10700e+00, 3.66000e+01, 7.30900e+00, 2.00000e+00, 3.29000e+02,
        1.26000e+01, 3.54310e+02, 8.61000e+00],
       [2.86558e+01, 0.00000e+00, 1.81000e+01, 0.00000e+00, 5.97000e-01,
        5.15500e+00, 1.00000e+02, 1.58940e+00, 2.40000e+01, 6.66000e+02,
        2.02000e+01, 2.10970e+02, 2.00800e+01]]), 'prediction_std': array([0.4768431 , 1.0291626 , 1.2421547 , 0.7052396 , 0.8905023 ,
       0.77664554, 0.7508603 , 0.79123384, 0.63828963, 1.0913663 ,
       0.587184  , 0.7244161 , 0.7352108 , 0.8733684 , 0.74042386,
       0.50076336, 1.370093  , 0.9397149 , 0.73965067, 0.6339792 ,
       0.7536498 , 0.731766  , 0.44458684, 0.5117054 , 0.57801086,
       0.7680856 , 0.52779937, 0.8093174 , 0.68354845, 0.7333771 ,
       0.64474416, 0.5921942 , 1.1472839 , 0.65784866, 0.3716322 ,
       0.7372122 , 0.9731205 , 0.74126863, 0.6186076 , 0.7387414 ,
       0.99185514, 0.7099127 , 0.5899511 , 0.38387254, 1.3249333 ,
       0.5074696 , 0.7901277 , 0.970953  , 0.6184101 , 0.5819019 ,
       0.8026048 ], dtype=float32), 'prediction_mean': array([14.466505 , 39.12677  , 14.881306 , 22.1809   , 28.505308 ,
       10.184155 ,  7.3111277, 28.99323  , 15.2404995, 12.001604 ,
       19.659222 , 23.756105 , 15.897793 , 24.325672 , 25.76234  ,
       22.206474 , 39.86726  , 36.273468 , 14.857427 , 21.432997 ,
       24.640541 , 11.21658  , 20.476828 , 22.669693 , 10.900668 ,
       12.883297 , 21.149422 , 21.06304  , 21.607061 , 19.397953 ,
       14.708689 ,  9.730229 , 34.853966 , 15.518535 , 21.562489 ,
       21.79215  , 19.40418  , 34.934135 , 20.537966 , 15.035437 ,
       31.144978 , 11.6931925, 13.33884  , 20.578976 , 44.821613 ,
       19.083857 , 20.089376 , 21.75634  , 19.417864 , 31.431944 ,
       15.417334 ], dtype=float32), 'y_train': array([24. , 21.6, 34.7, 36.2, 28.7, 22.9, 27.1, 18.9, 15. , 18.9, 21.7,
       20.4, 18.2, 19.9, 23.1, 17.5, 20.2, 18.2, 13.6, 19.6, 15.2, 14.5,
       15.6, 13.9, 16.6, 14.8, 18.4, 21. , 12.7, 14.5, 13.2, 13.1, 13.5,
       18.9, 20. , 21. , 24.7, 34.9, 26.6, 25.3, 24.7, 21.2, 19.3, 20. ,
       16.6, 14.4, 19.4, 19.7, 20.5, 23.4, 18.9, 35.4, 24.7, 31.6, 23.3,
       19.6, 18.7, 22.2, 25. , 33. , 23.5, 19.4, 22. , 17.4, 20.9, 24.2,
       21.7, 22.8, 24.1, 21.4, 20. , 20.8, 21.2, 20.3, 28. , 23.9, 24.8,
       23.9, 26.6, 22.2, 23.6, 28.7, 22.6, 22. , 22.9, 25. , 20.6, 28.4,
       21.4, 38.7, 43.8, 33.2, 27.5, 26.5, 18.6, 19.3, 20.1, 19.5, 19.5,
       20.4, 19.8, 19.4, 21.7, 22.8, 18.8, 18.7, 18.5, 18.3, 21.2, 19.2,
       20.4, 19.3, 22. , 20.5, 17.3, 18.8, 21.4, 15.7, 16.2, 18. , 14.3,
       19.2, 19.6, 23. , 18.4, 15.6, 18.1, 17.4, 17.1, 13.3, 17.8, 14. ,
       14.4, 13.4, 15.6, 13.8, 15.6, 14.6, 17.8, 15.4, 19.6, 15.3, 19.4,
       17. , 15.6, 13.1, 41.3, 24.3, 23.3, 27. , 50. , 50. , 50. , 22.7,
       25. , 50. , 23.8, 23.8, 22.3, 17.4, 19.1, 23.1, 23.6, 22.6, 29.4,
       23.2, 24.6, 37.2, 39.8, 36.2, 37.9, 32.5, 26.4, 29.6, 50. , 32. ,
       29.8, 37. , 30.5, 36.4, 29.1, 50. , 33.3, 34.6, 34.9, 32.9, 42.3,
       48.5, 50. , 22.6, 24.4, 24.4, 20. , 21.7, 22.4, 28.1, 23.7, 25. ,
       23.3, 28.7, 21.5, 23. , 26.7, 21.7, 27.5, 30.1, 44.8, 50. , 37.6,
       46.7, 31.5, 24.3, 31.7, 41.7, 29. , 24. , 25.1, 31.5, 23.7, 22. ,
       20.1, 22.2, 23.7, 17.6, 18.5, 24.3, 20.5, 24.5, 26.2, 24.4, 24.8,
       29.6, 42.8, 21.9, 20.9, 44. , 50. , 36. , 30.1, 33.8, 43.1, 48.8,
       31. , 36.5, 22.8, 30.7, 50. , 43.5, 20.7, 21.1, 25.2, 24.4, 35.2,
       32.4, 32. , 33.2, 33.1, 29.1, 45.4, 35.4, 46. , 50. , 32.2, 22. ,
       20.1, 22.3, 24.8, 28.5, 37.3, 27.9, 23.9, 21.7, 28.6, 27.1, 20.3,
       22.5, 29. , 24.8, 22. , 26.4, 33.1, 28.4, 33.4, 28.2, 22.8, 20.3,
       16.1, 22.1, 21.6, 23.8, 16.2, 17.8, 19.8, 23.1, 21. , 23.8, 23.1,
       20.4, 18.5, 25. , 24.6, 23. , 22.2, 19.3, 17.1, 19.4, 22.2, 21.1,
       19.5, 20.6, 19. , 18.7, 32.7, 16.5, 23.9, 31.2, 17.5, 23.1, 24.5,
       26.6, 22.9, 24.1, 18.6, 30.1, 18.2, 20.6, 21.7, 22.7, 22.6, 20.8,
       16.8, 21.9, 27.5, 21.9, 23.1, 50. , 50. , 50. , 50. , 50. , 13.8,
       13.8, 15. , 13.9, 13.3, 13.1, 10.2, 10.4, 10.9, 12.3,  7.2, 10.5,
        7.4, 10.2, 11.5, 15.1, 23.2,  9.7, 13.8, 12.7, 13.1, 12.5,  8.5,
        5. ,  6.3,  5.6,  7.2,  8.3,  8.5,  5. , 27.9, 17.2, 27.5, 17.2,
       17.9,  7. ,  7.5, 10.4,  8.8,  8.4, 16.7, 14.2, 20.8, 13.4, 11.7,
        8.3, 10.2, 10.9, 11. ,  9.5, 14.5, 14.1, 16.1, 14.3, 13.4,  8.7,
        8.4, 12.8, 10.5, 17.1, 18.4, 15.4, 10.8, 11.8, 14.1, 13. , 15.2,
       16.1, 17.8, 14.9, 14.1, 12.7, 13.5, 14.9, 20. , 16.4, 17.7, 19.5,
       20.2, 21.4, 19. , 19.9, 19.6, 23.2, 29.8, 13.8, 13.3, 16.7, 12. ,
       14.6, 23. , 23.7, 25. , 21.8, 20.6, 21.2, 19.1, 20.6, 15.2,  7. ,
        8.1, 13.6, 20.1, 21.8, 24.5, 23.1, 19.7, 18.3, 21.2, 17.5, 16.8,
       22.4, 20.6, 23.9, 22. ]), 'x_train': array([[6.3200e-03, 1.8000e+01, 2.3100e+00, ..., 1.5300e+01, 3.9690e+02,
        4.9800e+00],
       [2.7310e-02, 0.0000e+00, 7.0700e+00, ..., 1.7800e+01, 3.9690e+02,
        9.1400e+00],
       [2.7290e-02, 0.0000e+00, 7.0700e+00, ..., 1.7800e+01, 3.9283e+02,
        4.0300e+00],
       ...,
       [4.5270e-02, 0.0000e+00, 1.1930e+01, ..., 2.1000e+01, 3.9690e+02,
        9.0800e+00],
       [6.0760e-02, 0.0000e+00, 1.1930e+01, ..., 2.1000e+01, 3.9690e+02,
        5.6400e+00],
       [1.0959e-01, 0.0000e+00, 1.1930e+01, ..., 2.1000e+01, 3.9345e+02,
        6.4800e+00]]), 'packages': [['atomicwrites', '1.1.5'], ['attrs', '18.1.0'], ['backcall', '0.1.0'], ['coverage', '4.5.1'], ['cycler', '0.10.0'], ['decorator', '4.3.0'], ['docopt', '0.6.2'], ['hashfs', '0.7.0'], ['hypothesis', '3.57.0'], ['ipykernel', '4.8.2'], ['ipython', '6.4.0'], ['ipython-genutils', '0.2.0'], ['jedi', '0.12.0'], ['jsonpickle', '0.9.6'], ['jsonschema', '2.6.0'], ['jupyter-client', '5.2.3'], ['jupyter-core', '4.4.0'], ['kiwisolver', '1.0.1'], ['Lasagne', '0.1'], ['matplotlib', '2.2.2'], ['more-itertools', '4.2.0'], ['mpmath', '1.0.0'], ['munch', '2.3.2'], ['nbformat', '4.4.0'], ['nbval', '0.9.1'], ['numpy', '1.14.3'], ['pandas', '0.23.0'], ['parso', '0.2.1'], ['pexpect', '4.6.0'], ['pickleshare', '0.7.4'], ['Pillow', '5.1.0'], ['pip', '10.0.1'], ['pkg-resources', '0.0.0'], ['pluggy', '0.6.0'], ['prompt-toolkit', '1.0.15'], ['ptyprocess', '0.5.2'], ['py', '1.5.3'], ['py-cpuinfo', '4.0.0'], ['Pygments', '2.2.0'], ['pymongo', '3.6.1'], ['pyparsing', '2.2.0'], ['pysgmcmc', '0.0.1'], ['pytest', '3.6.0'], ['python-dateutil', '2.7.3'], ['pytz', '2018.4'], ['pyzmq', '17.0.0'], ['sacred', '0.7.3'], ['scandir', '1.7'], ['scikit-learn', '0.19.1'], ['scipy', '1.1.0'], ['seaborn', '0.8.1'], ['setuptools', '39.2.0'], ['simplegeneric', '0.8.1'], ['six', '1.11.0'], ['SQLAlchemy', '1.2.8'], ['sympy', '1.1.1'], ['Theano', '0.8.0'], ['tinydb', '3.9.0.post1'], ['tinydb-serialization', '1.0.4'], ['torch', '0.4.0'], ['torchvision', '0.2.1'], ['tornado', '5.0.2'], ['tqdm', '4.23.4'], ['traitlets', '4.3.2'], ['wcwidth', '0.1.7'], ['wheel', '0.31.1'], ['wrapt', '1.10.11']], 'y_test': array([14.9, 36.1, 15. , 20.7, 30.8, 19.1,  7.2, 29.9, 11.8,  8.8, 22.5,
       23.4, 11.7, 23.3, 25. , 25. , 34.9, 33.4, 13.4, 22.5, 22.6, 16. ,
       19.3, 19.9, 12.1,  9.6, 24.1, 17.8, 23.2, 21.5, 11.9, 11.3, 31.6,
       12.6, 20.3, 21.4, 19.4, 35.1, 19.8, 20.1, 31.1, 19.1, 17.2, 11.9,
       48.3, 19.9, 22.9, 16.5, 18.5, 30.3, 16.3])}
INFO - BNN_UCI - Completed after 0:01:20
