INFO - BNN_UCI - Running command 'fit_bnn'
INFO - BNN_UCI - Started run with ID "403"
/home/freidanm/repos/pytorch_experiments/experiments_env/src/pysgmcmc/pysgmcmc/data/datasets.py:14: FutureWarning: Method .as_matrix will be removed in a future version. Use .values instead.
  x_train = train_data.as_matrix(feature_columns)
/home/freidanm/repos/pytorch_experiments/experiments_env/src/pysgmcmc/pysgmcmc/data/datasets.py:15: FutureWarning: Method .as_matrix will be removed in a future version. Use .values instead.
  y_train = train_data[label_column].as_matrix()
/home/freidanm/repos/pytorch_experiments/experiments_env/src/pysgmcmc/pysgmcmc/data/datasets.py:17: FutureWarning: Method .as_matrix will be removed in a future version. Use .values instead.
  x_test = test_data.as_matrix(feature_columns)
/home/freidanm/repos/pytorch_experiments/experiments_env/src/pysgmcmc/pysgmcmc/data/datasets.py:18: FutureWarning: Method .as_matrix will be removed in a future version. Use .values instead.
  y_test = test_data[label_column].as_matrix()
INFO - root - Performing 15000 iterations
INFO - BNN_UCI - Result: {'prediction_mean': array([25.654139, 15.382025, 24.95575 , 30.953886, 21.44674 , 46.17478 ,
       15.262854, 27.959106, 24.798136, 19.629139, 23.217829, 25.92202 ,
       14.139081, 11.200415, 11.832789, 24.395798, 38.73883 , 29.676796,
       23.584335, 12.72421 , 27.412788, 35.293495, 27.483309, 14.219694,
       18.786104, 21.805683, 14.132928, 17.156528, 24.500309, 21.405228,
       11.877711, 23.726606, 25.504026, 26.266197, 16.510433, 23.366262,
       16.036434, 12.085108, 24.65344 , 14.51029 , 25.311914, 12.428617,
       15.637517, 22.506765, 13.0273  , 31.921259, 37.3123  , 49.347214,
       44.95652 , 25.844112, 27.353525], dtype=float32), 'x_train': array([[2.7290e-02, 0.0000e+00, 7.0700e+00, ..., 1.7800e+01, 3.9283e+02,
        4.0300e+00],
       [3.2370e-02, 0.0000e+00, 2.1800e+00, ..., 1.8700e+01, 3.9463e+02,
        2.9400e+00],
       [6.9050e-02, 0.0000e+00, 2.1800e+00, ..., 1.8700e+01, 3.9690e+02,
        5.3300e+00],
       ...,
       [6.0760e-02, 0.0000e+00, 1.1930e+01, ..., 2.1000e+01, 3.9690e+02,
        5.6400e+00],
       [1.0959e-01, 0.0000e+00, 1.1930e+01, ..., 2.1000e+01, 3.9345e+02,
        6.4800e+00],
       [4.7410e-02, 0.0000e+00, 1.1930e+01, ..., 2.1000e+01, 3.9690e+02,
        7.8800e+00]]), 'y_train': array([34.7, 33.4, 36.2, 28.7, 22.9, 27.1, 16.5, 18.9, 15. , 18.9, 21.7,
       20.4, 18.2, 19.9, 23.1, 17.5, 20.2, 18.2, 13.6, 15.2, 14.5, 15.6,
       13.9, 16.6, 14.8, 18.4, 21. , 12.7, 14.5, 13.2, 13.1, 13.5, 18.9,
       21. , 24.7, 34.9, 26.6, 25.3, 24.7, 21.2, 19.3, 20. , 16.6, 14.4,
       19.4, 19.7, 20.5, 25. , 23.4, 35.4, 23.3, 19.6, 18.7, 16. , 22.2,
       25. , 33. , 23.5, 19.4, 22. , 17.4, 20.9, 24.2, 21.7, 22.8, 23.4,
       24.1, 21.4, 20. , 20.8, 21.2, 20.3, 28. , 23.9, 24.8, 22.9, 23.9,
       26.6, 22.5, 22.2, 28.7, 22.6, 22. , 22.9, 25. , 20.6, 28.4, 21.4,
       38.7, 43.8, 33.2, 26.5, 18.6, 20.1, 19.5, 19.5, 20.4, 19.8, 19.4,
       21.7, 22.8, 18.8, 18.7, 18.5, 18.3, 21.2, 19.2, 20.4, 19.3, 22. ,
       20.3, 20.5, 17.3, 18.8, 21.4, 15.7, 16.2, 18. , 19.2, 19.6, 23. ,
       18.4, 18.1, 17.4, 17.1, 17.8, 14. , 14.4, 13.4, 15.6, 11.8, 13.8,
       14.6, 17.8, 15.4, 21.5, 19.6, 15.3, 19.4, 17. , 15.6, 13.1, 41.3,
       24.3, 23.3, 27. , 50. , 22.7, 25. , 50. , 23.8, 23.8, 17.4, 19.1,
       23.1, 23.6, 22.6, 29.4, 24.6, 29.9, 37.2, 39.8, 37.9, 32.5, 29.6,
       50. , 32. , 29.8, 34.9, 37. , 30.5, 36.4, 31.1, 50. , 33.3, 30.3,
       34.6, 34.9, 32.9, 24.1, 42.3, 50. , 22.6, 24.4, 22.5, 24.4, 20. ,
       21.7, 19.3, 22.4, 28.1, 23.7, 25. , 23.3, 28.7, 21.5, 23. , 21.7,
       27.5, 30.1, 44.8, 37.6, 31.6, 46.7, 31.5, 24.3, 31.7, 41.7, 48.3,
       29. , 24. , 25.1, 31.5, 23.7, 23.3, 22. , 20.1, 22.2, 23.7, 17.6,
       18.5, 24.3, 20.5, 24.5, 26.2, 29.6, 42.8, 21.9, 20.9, 50. , 36. ,
       33.8, 43.1, 48.8, 31. , 36.5, 22.8, 50. , 43.5, 20.7, 21.1, 25.2,
       24.4, 35.2, 32.4, 32. , 33.2, 33.1, 29.1, 35.1, 45.4, 35.4, 50. ,
       32.2, 22. , 20.1, 23.2, 22.3, 24.8, 37.3, 27.9, 23.9, 28.6, 27.1,
       20.3, 22.5, 29. , 24.8, 22. , 26.4, 33.1, 36.1, 28.4, 33.4, 28.2,
       22.8, 20.3, 16.1, 19.4, 21.6, 16.2, 17.8, 23.1, 21. , 23.8, 20.4,
       18.5, 25. , 24.6, 23. , 22.2, 19.3, 22.6, 19.8, 17.1, 19.4, 22.2,
       20.7, 21.1, 19.5, 18.5, 20.6, 19. , 18.7, 23.9, 31.2, 17.5, 17.2,
       23.1, 24.5, 26.6, 22.9, 24.1, 18.6, 30.1, 18.2, 20.6, 17.8, 21.7,
       22.7, 22.6, 25. , 19.9, 20.8, 16.8, 21.9, 27.5, 21.9, 23.1, 50. ,
       50. , 50. , 50. , 50. , 13.8, 13.8, 15. , 13.9, 13.3, 13.1, 10.2,
       10.4, 10.9, 11.3, 12.3,  8.8,  7.2, 10.5,  7.4, 10.2, 11.5, 15.1,
       23.2,  9.7, 13.8, 12.7, 13.1, 12.5,  5. ,  6.3,  5.6,  7.2, 12.1,
        8.3,  8.5,  5. , 11.9, 27.9, 17.2, 27.5, 15. , 17.2, 17.9, 16.3,
        7.2,  7.5, 10.4,  8.8,  8.4, 16.7, 14.2, 13.4,  8.3, 10.2, 10.9,
       11. , 14.1, 16.1, 14.3, 11.7, 13.4,  9.6,  8.7,  8.4, 12.8, 10.5,
       17.1, 18.4, 15.4, 10.8, 14.9, 12.6, 14.1, 13. , 13.4, 16.1, 17.8,
       14.9, 14.1, 12.7, 13.5, 14.9, 20. , 16.4, 17.7, 19.5, 20.2, 21.4,
       19.9, 19. , 19.1, 20.1, 19.9, 19.6, 23.2, 29.8, 13.8, 13.3, 12. ,
       14.6, 21.4, 23. , 23.7, 25. , 21.8, 20.6, 21.2, 19.1, 20.6,  7. ,
        8.1, 13.6, 20.1, 21.8, 24.5, 23.1, 19.7, 18.3, 21.2, 17.5, 22.4,
       20.6, 23.9, 22. , 11.9]), 'y_test': array([24.8, 14.5, 21.6, 23.6, 20.8, 50. , 15.2, 30.8, 27.5, 19.3, 23.2,
       26.4, 18.9, 11.8,  9.5, 22.3, 46. , 30.1, 23.1, 19.1, 26.7, 50. ,
       29.1, 16.7, 16.8, 19.8, 13.3, 19.6, 22.1, 20. ,  7. , 23.8, 31.6,
       32.7, 16.5, 21.7, 15.6, 15.2, 24. , 11.7, 30.7, 15.6, 14.3, 24.7,
        8.5, 28.5, 50. , 48.5, 44. , 24.4, 36.2]), 'prediction_std': array([0.77921414, 0.8709872 , 1.266525  , 1.0175476 , 1.5465382 ,
       1.4205585 , 1.1563913 , 1.5024858 , 0.86826515, 0.7646463 ,
       0.93199104, 0.9831983 , 0.78768855, 1.042135  , 0.9887732 ,
       0.96501756, 1.5417145 , 1.2087575 , 0.7241297 , 1.3117918 ,
       0.822446  , 2.5954363 , 1.2601763 , 1.2879002 , 0.9017451 ,
       0.96661204, 0.9511608 , 0.84209186, 1.0573366 , 0.9869883 ,
       1.0087143 , 0.80401385, 0.9051368 , 1.2742122 , 1.3320132 ,
       0.8841455 , 1.1673362 , 1.1716237 , 1.2368329 , 1.1145682 ,
       0.9022374 , 1.243855  , 1.0380508 , 0.787977  , 1.0287676 ,
       1.1102664 , 2.7785363 , 1.0656177 , 1.2960069 , 0.7653673 ,
       1.2226282 ], dtype=float32), 'packages': [['atomicwrites', '1.1.5'], ['attrs', '18.1.0'], ['backcall', '0.1.0'], ['coverage', '4.5.1'], ['cycler', '0.10.0'], ['decorator', '4.3.0'], ['docopt', '0.6.2'], ['hashfs', '0.7.0'], ['hypothesis', '3.57.0'], ['ipykernel', '4.8.2'], ['ipython', '6.4.0'], ['ipython-genutils', '0.2.0'], ['jedi', '0.12.0'], ['jsonpickle', '0.9.6'], ['jsonschema', '2.6.0'], ['jupyter-client', '5.2.3'], ['jupyter-core', '4.4.0'], ['kiwisolver', '1.0.1'], ['Lasagne', '0.1'], ['matplotlib', '2.2.2'], ['more-itertools', '4.2.0'], ['mpmath', '1.0.0'], ['munch', '2.3.2'], ['nbformat', '4.4.0'], ['nbval', '0.9.1'], ['numpy', '1.14.3'], ['pandas', '0.23.0'], ['parso', '0.2.1'], ['pexpect', '4.6.0'], ['pickleshare', '0.7.4'], ['Pillow', '5.1.0'], ['pip', '10.0.1'], ['pkg-resources', '0.0.0'], ['pluggy', '0.6.0'], ['prompt-toolkit', '1.0.15'], ['ptyprocess', '0.5.2'], ['py', '1.5.3'], ['py-cpuinfo', '4.0.0'], ['Pygments', '2.2.0'], ['pymongo', '3.6.1'], ['pyparsing', '2.2.0'], ['pysgmcmc', '0.0.1'], ['pytest', '3.6.0'], ['python-dateutil', '2.7.3'], ['pytz', '2018.4'], ['pyzmq', '17.0.0'], ['sacred', '0.7.3'], ['scandir', '1.7'], ['scikit-learn', '0.19.1'], ['scipy', '1.1.0'], ['seaborn', '0.8.1'], ['setuptools', '39.2.0'], ['simplegeneric', '0.8.1'], ['six', '1.11.0'], ['SQLAlchemy', '1.2.8'], ['sympy', '1.1.1'], ['Theano', '0.8.0'], ['tinydb', '3.9.0.post1'], ['tinydb-serialization', '1.0.4'], ['torch', '0.4.0'], ['torchvision', '0.2.1'], ['tornado', '5.0.2'], ['tqdm', '4.23.4'], ['traitlets', '4.3.2'], ['wcwidth', '0.1.7'], ['wheel', '0.31.1'], ['wrapt', '1.10.11']], 'x_test': array([[2.14090e-01, 2.20000e+01, 5.86000e+00, 0.00000e+00, 4.31000e-01,
        6.43800e+00, 8.90000e+00, 7.39670e+00, 7.00000e+00, 3.30000e+02,
        1.91000e+01, 3.77070e+02, 3.59000e+00],
       [8.49213e+00, 0.00000e+00, 1.81000e+01, 0.00000e+00, 5.84000e-01,
        6.34800e+00, 8.61000e+01, 2.05270e+00, 2.40000e+01, 6.66000e+02,
        2.02000e+01, 8.34500e+01, 1.76400e+01],
       [2.73100e-02, 0.00000e+00, 7.07000e+00, 0.00000e+00, 4.69000e-01,
        6.42100e+00, 7.89000e+01, 4.96710e+00, 2.00000e+00, 2.42000e+02,
        1.78000e+01, 3.96900e+02, 9.14000e+00],
       [5.66000e-02, 0.00000e+00, 3.41000e+00, 0.00000e+00, 4.89000e-01,
        7.00700e+00, 8.63000e+01, 3.42170e+00, 2.00000e+00, 2.70000e+02,
        1.78000e+01, 3.96900e+02, 5.50000e+00],
       [1.20482e+01, 0.00000e+00, 1.81000e+01, 0.00000e+00, 6.14000e-01,
        5.64800e+00, 8.76000e+01, 1.95120e+00, 2.40000e+01, 6.66000e+02,
        2.02000e+01, 2.91550e+02, 1.41000e+01],
       [5.26930e-01, 0.00000e+00, 6.20000e+00, 0.00000e+00, 5.04000e-01,
        8.72500e+00, 8.30000e+01, 2.89440e+00, 8.00000e+00, 3.07000e+02,
        1.74000e+01, 3.82000e+02, 4.63000e+00],
       [5.44114e+00, 0.00000e+00, 1.81000e+01, 0.00000e+00, 7.13000e-01,
        6.65500e+00, 9.82000e+01, 2.35520e+00, 2.40000e+01, 6.66000e+02,
        2.02000e+01, 3.55290e+02, 1.77300e+01],
       [2.76300e-02, 7.50000e+01, 2.95000e+00, 0.00000e+00, 4.28000e-01,
        6.59500e+00, 2.18000e+01, 5.40110e+00, 3.00000e+00, 2.52000e+02,
        1.83000e+01, 3.95630e+02, 4.32000e+00],
       [1.48660e-01, 0.00000e+00, 8.56000e+00, 0.00000e+00, 5.20000e-01,
        6.72700e+00, 7.99000e+01, 2.77780e+00, 5.00000e+00, 3.84000e+02,
        2.09000e+01, 3.94760e+02, 9.42000e+00],
       [2.11610e-01, 0.00000e+00, 8.56000e+00, 0.00000e+00, 5.20000e-01,
        6.13700e+00, 8.74000e+01, 2.71470e+00, 5.00000e+00, 3.84000e+02,
        2.09000e+01, 3.94470e+02, 1.34400e+01],
       [7.02200e-02, 0.00000e+00, 4.05000e+00, 0.00000e+00, 5.10000e-01,
        6.02000e+00, 4.72000e+01, 3.55490e+00, 5.00000e+00, 2.96000e+02,
        1.66000e+01, 3.93230e+02, 1.01100e+01],
       [8.30800e-02, 0.00000e+00, 2.46000e+00, 0.00000e+00, 4.88000e-01,
        5.60400e+00, 8.98000e+01, 2.98790e+00, 3.00000e+00, 1.93000e+02,
        1.78000e+01, 3.91000e+02, 1.39800e+01],
       [1.36000e-02, 7.50000e+01, 4.00000e+00, 0.00000e+00, 4.10000e-01,
        5.88800e+00, 4.76000e+01, 7.31970e+00, 3.00000e+00, 4.69000e+02,
        2.11000e+01, 3.96900e+02, 1.48000e+01],
       [1.06718e+01, 0.00000e+00, 1.81000e+01, 0.00000e+00, 7.40000e-01,
        6.45900e+00, 9.48000e+01, 1.98790e+00, 2.40000e+01, 6.66000e+02,
        2.02000e+01, 4.30600e+01, 2.39800e+01],
       [9.33889e+00, 0.00000e+00, 1.81000e+01, 0.00000e+00, 6.79000e-01,
        6.38000e+00, 9.56000e+01, 1.96820e+00, 2.40000e+01, 6.66000e+02,
        2.02000e+01, 6.07200e+01, 2.40800e+01],
       [2.44953e+00, 0.00000e+00, 1.95800e+01, 0.00000e+00, 6.05000e-01,
        6.40200e+00, 9.52000e+01, 2.26250e+00, 5.00000e+00, 4.03000e+02,
        1.47000e+01, 3.30040e+02, 1.13200e+01],
       [6.12900e-02, 2.00000e+01, 3.33000e+00, 1.00000e+00, 4.42900e-01,
        7.64500e+00, 4.97000e+01, 5.21190e+00, 5.00000e+00, 2.16000e+02,
        1.49000e+01, 3.77070e+02, 3.01000e+00],
       [6.56650e-01, 2.00000e+01, 3.97000e+00, 0.00000e+00, 6.47000e-01,
        6.84200e+00, 1.00000e+02, 2.01070e+00, 5.00000e+00, 2.64000e+02,
        1.30000e+01, 3.91930e+02, 6.90000e+00],
       [1.81590e-01, 0.00000e+00, 7.38000e+00, 0.00000e+00, 4.93000e-01,
        6.37600e+00, 5.43000e+01, 4.54040e+00, 5.00000e+00, 2.87000e+02,
        1.96000e+01, 3.96900e+02, 6.87000e+00],
       [1.55757e+01, 0.00000e+00, 1.81000e+01, 0.00000e+00, 5.80000e-01,
        5.92600e+00, 7.10000e+01, 2.90840e+00, 2.40000e+01, 6.66000e+02,
        2.02000e+01, 3.68740e+02, 1.81300e+01],
       [3.58090e-01, 0.00000e+00, 6.20000e+00, 1.00000e+00, 5.07000e-01,
        6.95100e+00, 8.85000e+01, 2.86170e+00, 8.00000e+00, 3.07000e+02,
        1.74000e+01, 3.91700e+02, 9.71000e+00],
       [1.83377e+00, 0.00000e+00, 1.95800e+01, 1.00000e+00, 6.05000e-01,
        7.80200e+00, 9.82000e+01, 2.04070e+00, 5.00000e+00, 4.03000e+02,
        1.47000e+01, 3.89610e+02, 1.92000e+00],
       [1.43900e-02, 6.00000e+01, 2.93000e+00, 0.00000e+00, 4.01000e-01,
        6.60400e+00, 1.88000e+01, 6.21960e+00, 1.00000e+00, 2.65000e+02,
        1.56000e+01, 3.76700e+02, 4.38000e+00],
       [4.87141e+00, 0.00000e+00, 1.81000e+01, 0.00000e+00, 6.14000e-01,
        6.48400e+00, 9.36000e+01, 2.30530e+00, 2.40000e+01, 6.66000e+02,
        2.02000e+01, 3.96210e+02, 1.86800e+01],
       [2.24380e-01, 0.00000e+00, 9.69000e+00, 0.00000e+00, 5.85000e-01,
        6.02700e+00, 7.97000e+01, 2.49820e+00, 6.00000e+00, 3.91000e+02,
        1.92000e+01, 3.96900e+02, 1.43300e+01],
       [2.45220e-01, 0.00000e+00, 9.90000e+00, 0.00000e+00, 5.44000e-01,
        5.78200e+00, 7.17000e+01, 4.03170e+00, 4.00000e+00, 3.04000e+02,
        1.84000e+01, 3.96900e+02, 1.59400e+01],
       [2.49800e-01, 0.00000e+00, 2.18900e+01, 0.00000e+00, 6.24000e-01,
        5.85700e+00, 9.82000e+01, 1.66860e+00, 4.00000e+00, 4.37000e+02,
        2.12000e+01, 3.92040e+02, 2.13200e+01],
       [8.52040e-01, 0.00000e+00, 8.14000e+00, 0.00000e+00, 5.38000e-01,
        5.96500e+00, 8.92000e+01, 4.01230e+00, 4.00000e+00, 3.07000e+02,
        2.10000e+01, 3.92530e+02, 1.38300e+01],
       [7.90410e-01, 0.00000e+00, 9.90000e+00, 0.00000e+00, 5.44000e-01,
        6.12200e+00, 5.28000e+01, 2.64030e+00, 4.00000e+00, 3.04000e+02,
        1.84000e+01, 3.96900e+02, 5.98000e+00],
       [9.74400e-02, 0.00000e+00, 5.96000e+00, 0.00000e+00, 4.99000e-01,
        5.84100e+00, 6.14000e+01, 3.37790e+00, 5.00000e+00, 2.79000e+02,
        1.92000e+01, 3.77560e+02, 1.14100e+01],
       [4.57461e+01, 0.00000e+00, 1.81000e+01, 0.00000e+00, 6.93000e-01,
        4.51900e+00, 1.00000e+02, 1.65820e+00, 2.40000e+01, 6.66000e+02,
        2.02000e+01, 8.82700e+01, 3.69800e+01],
       [3.69200e-01, 0.00000e+00, 9.90000e+00, 0.00000e+00, 5.44000e-01,
        6.56700e+00, 8.73000e+01, 3.60230e+00, 4.00000e+00, 3.04000e+02,
        1.84000e+01, 3.95690e+02, 9.28000e+00],
       [1.43200e-02, 1.00000e+02, 1.32000e+00, 0.00000e+00, 4.11000e-01,
        6.81600e+00, 4.05000e+01, 8.32480e+00, 5.00000e+00, 2.56000e+02,
        1.51000e+01, 3.92900e+02, 3.95000e+00],
       [1.30100e-02, 3.50000e+01, 1.52000e+00, 0.00000e+00, 4.42000e-01,
        7.24100e+00, 4.93000e+01, 7.03790e+00, 1.00000e+00, 2.84000e+02,
        1.55000e+01, 3.94740e+02, 5.49000e+00],
       [2.49800e-02, 0.00000e+00, 1.89000e+00, 0.00000e+00, 5.18000e-01,
        6.54000e+00, 5.97000e+01, 6.26690e+00, 1.00000e+00, 4.22000e+02,
        1.59000e+01, 3.89960e+02, 8.65000e+00],
       [8.19900e-02, 0.00000e+00, 1.39200e+01, 0.00000e+00, 4.37000e-01,
        6.00900e+00, 4.23000e+01, 5.50270e+00, 4.00000e+00, 2.89000e+02,
        1.60000e+01, 3.96900e+02, 1.04000e+01],
       [2.15505e+00, 0.00000e+00, 1.95800e+01, 0.00000e+00, 8.71000e-01,
        5.62800e+00, 1.00000e+02, 1.51660e+00, 5.00000e+00, 4.03000e+02,
        1.47000e+01, 1.69270e+02, 1.66500e+01],
       [1.50860e-01, 0.00000e+00, 2.77400e+01, 0.00000e+00, 6.09000e-01,
        5.45400e+00, 9.27000e+01, 1.82090e+00, 4.00000e+00, 7.11000e+02,
        2.01000e+01, 3.95090e+02, 1.80600e+01],
       [6.32000e-03, 1.80000e+01, 2.31000e+00, 0.00000e+00, 5.38000e-01,
        6.57500e+00, 6.52000e+01, 4.09000e+00, 1.00000e+00, 2.96000e+02,
        1.53000e+01, 3.96900e+02, 4.98000e+00],
       [8.79212e+00, 0.00000e+00, 1.81000e+01, 0.00000e+00, 5.84000e-01,
        5.56500e+00, 7.06000e+01, 2.06350e+00, 2.40000e+01, 6.66000e+02,
        2.02000e+01, 3.65000e+00, 1.71600e+01],
       [7.85700e-01, 2.00000e+01, 3.97000e+00, 0.00000e+00, 6.47000e-01,
        7.01400e+00, 8.46000e+01, 2.13290e+00, 5.00000e+00, 2.64000e+02,
        1.30000e+01, 3.84070e+02, 1.47900e+01],
       [9.76170e-01, 0.00000e+00, 2.18900e+01, 0.00000e+00, 6.24000e-01,
        5.75700e+00, 9.84000e+01, 2.34600e+00, 4.00000e+00, 4.37000e+02,
        2.12000e+01, 2.62760e+02, 1.73100e+01],
       [8.81250e-01, 0.00000e+00, 2.18900e+01, 0.00000e+00, 6.24000e-01,
        5.63700e+00, 9.47000e+01, 1.97990e+00, 4.00000e+00, 4.37000e+02,
        2.12000e+01, 3.96900e+02, 1.83400e+01],
       [2.05500e-02, 8.50000e+01, 7.40000e-01, 0.00000e+00, 4.10000e-01,
        6.38300e+00, 3.57000e+01, 9.18760e+00, 2.00000e+00, 3.13000e+02,
        1.73000e+01, 3.96900e+02, 5.77000e+00],
       [7.67202e+00, 0.00000e+00, 1.81000e+01, 0.00000e+00, 6.93000e-01,
        5.74700e+00, 9.89000e+01, 1.63340e+00, 2.40000e+01, 6.66000e+02,
        2.02000e+01, 3.93100e+02, 1.99200e+01],
       [3.50200e-02, 8.00000e+01, 4.95000e+00, 0.00000e+00, 4.11000e-01,
        6.86100e+00, 2.79000e+01, 5.11670e+00, 4.00000e+00, 2.45000e+02,
        1.92000e+01, 3.96900e+02, 3.33000e+00],
       [1.51902e+00, 0.00000e+00, 1.95800e+01, 1.00000e+00, 6.05000e-01,
        8.37500e+00, 9.39000e+01, 2.16200e+00, 5.00000e+00, 4.03000e+02,
        1.47000e+01, 3.88450e+02, 3.32000e+00],
       [3.51000e-02, 9.50000e+01, 2.68000e+00, 0.00000e+00, 4.16100e-01,
        7.85300e+00, 3.32000e+01, 5.11800e+00, 4.00000e+00, 2.24000e+02,
        1.47000e+01, 3.92780e+02, 3.81000e+00],
       [1.53800e-02, 9.00000e+01, 3.75000e+00, 0.00000e+00, 3.94000e-01,
        7.45400e+00, 3.42000e+01, 6.33610e+00, 3.00000e+00, 2.44000e+02,
        1.59000e+01, 3.86340e+02, 3.11000e+00],
       [1.40300e-01, 2.20000e+01, 5.86000e+00, 0.00000e+00, 4.31000e-01,
        6.48700e+00, 1.30000e+01, 7.39670e+00, 7.00000e+00, 3.30000e+02,
        1.91000e+01, 3.96280e+02, 5.90000e+00],
       [6.88800e-02, 0.00000e+00, 2.46000e+00, 0.00000e+00, 4.88000e-01,
        6.14400e+00, 6.22000e+01, 2.59790e+00, 3.00000e+00, 1.93000e+02,
        1.78000e+01, 3.96900e+02, 9.45000e+00]])}
INFO - BNN_UCI - Completed after 0:03:26
