INFO - BNN_UCI - Running command 'fit_bnn'
INFO - BNN_UCI - Started run with ID "355"
/home/freidanm/repos/pytorch_experiments/experiments_env/src/pysgmcmc/pysgmcmc/data/datasets.py:14: FutureWarning: Method .as_matrix will be removed in a future version. Use .values instead.
  x_train = train_data.as_matrix(feature_columns)
/home/freidanm/repos/pytorch_experiments/experiments_env/src/pysgmcmc/pysgmcmc/data/datasets.py:15: FutureWarning: Method .as_matrix will be removed in a future version. Use .values instead.
  y_train = train_data[label_column].as_matrix()
/home/freidanm/repos/pytorch_experiments/experiments_env/src/pysgmcmc/pysgmcmc/data/datasets.py:17: FutureWarning: Method .as_matrix will be removed in a future version. Use .values instead.
  x_test = test_data.as_matrix(feature_columns)
/home/freidanm/repos/pytorch_experiments/experiments_env/src/pysgmcmc/pysgmcmc/data/datasets.py:18: FutureWarning: Method .as_matrix will be removed in a future version. Use .values instead.
  y_test = test_data[label_column].as_matrix()
INFO - root - Performing 15000 iterations
INFO - BNN_UCI - Result: {'prediction_std': array([1.3267384 , 1.2913296 , 1.4711736 , 1.4177284 , 1.3688078 ,
       0.94383955, 0.8838612 , 1.3405864 , 0.71803594, 0.96031934,
       1.3633993 , 0.91963816, 1.2429099 , 1.1355045 , 1.1484538 ,
       1.6247323 , 0.7887152 , 1.040229  , 0.81876916, 1.0366194 ,
       0.84793895, 0.82861334, 0.96318805, 0.81930304, 0.7461343 ,
       1.390206  , 0.6097669 , 0.9345253 , 0.7487963 , 0.80878484,
       1.6526958 , 1.8918389 , 1.139533  , 0.9515596 , 1.1349089 ,
       0.90647763, 1.1444691 , 1.1619505 , 0.9341815 , 0.8827323 ,
       1.2339395 , 1.0700006 , 0.9705787 , 0.93161166, 1.2299201 ,
       0.86082834, 1.3575584 , 0.82538146, 1.2811981 , 1.5051048 ,
       1.1537734 ], dtype=float32), 'x_train': array([[6.3200e-03, 1.8000e+01, 2.3100e+00, ..., 1.5300e+01, 3.9690e+02,
        4.9800e+00],
       [2.7310e-02, 0.0000e+00, 7.0700e+00, ..., 1.7800e+01, 3.9690e+02,
        9.1400e+00],
       [2.7290e-02, 0.0000e+00, 7.0700e+00, ..., 1.7800e+01, 3.9283e+02,
        4.0300e+00],
       ...,
       [6.0760e-02, 0.0000e+00, 1.1930e+01, ..., 2.1000e+01, 3.9690e+02,
        5.6400e+00],
       [1.0959e-01, 0.0000e+00, 1.1930e+01, ..., 2.1000e+01, 3.9345e+02,
        6.4800e+00],
       [4.7410e-02, 0.0000e+00, 1.1930e+01, ..., 2.1000e+01, 3.9690e+02,
        7.8800e+00]]), 'y_test': array([23.9, 31.5, 22.3, 33.8, 31. , 24.3, 19.4, 28.4, 10.9, 22.1, 27.9,
       22.4, 23.8, 20.6, 17.9, 11.9, 10.5, 22.8, 23.7, 12.7, 20.4, 22.2,
       23.3, 14.3, 21. , 21.7, 20. , 19.8, 17.6, 25. , 22.8, 41.7, 37. ,
       20.1, 11. , 22.7, 31.5, 12.8, 13.1, 17.3, 32.4, 13.3, 14.4, 19.8,
       29.1, 17.5, 32. , 18.4, 25.1, 43.8,  7.5]), 'prediction_mean': array([19.583906 , 33.00573  , 23.904112 , 35.216248 , 34.206802 ,
       21.150846 , 15.835808 , 25.943293 , 11.671195 , 24.666235 ,
       28.06704  , 23.983229 , 22.459255 , 21.431887 ,  8.404223 ,
        9.660502 ,  7.1485023, 26.084522 , 24.05358  , 12.036204 ,
       21.77489  , 20.229935 , 22.433973 , 13.4326105, 22.08908  ,
       27.08363  , 20.130608 , 20.323475 , 17.486538 , 25.278057 ,
       25.139061 , 45.750977 , 31.441364 , 18.747074 , 10.254388 ,
       22.016783 , 30.511013 ,  9.4161   , 14.590957 , 15.96946  ,
       34.48438  , 14.328252 , 14.969181 , 20.252586 , 29.311642 ,
       18.826157 , 33.49992  , 18.287605 , 25.188421 , 42.73374  ,
       10.12802  ], dtype=float32), 'x_test': array([[4.46200e-02, 2.50000e+01, 4.86000e+00, 0.00000e+00, 4.26000e-01,
        6.61900e+00, 7.04000e+01, 5.40070e+00, 4.00000e+00, 2.81000e+02,
        1.90000e+01, 3.95630e+02, 7.22000e+00],
       [5.11830e-01, 0.00000e+00, 6.20000e+00, 0.00000e+00, 5.07000e-01,
        7.35800e+00, 7.16000e+01, 4.14800e+00, 8.00000e+00, 3.07000e+02,
        1.74000e+01, 3.90070e+02, 4.73000e+00],
       [2.44953e+00, 0.00000e+00, 1.95800e+01, 0.00000e+00, 6.05000e-01,
        6.40200e+00, 9.52000e+01, 2.26250e+00, 5.00000e+00, 4.03000e+02,
        1.47000e+01, 3.30040e+02, 1.13200e+01],
       [5.40110e-01, 2.00000e+01, 3.97000e+00, 0.00000e+00, 6.47000e-01,
        7.20300e+00, 8.18000e+01, 2.11210e+00, 5.00000e+00, 2.64000e+02,
        1.30000e+01, 3.92800e+02, 9.59000e+00],
       [8.25260e-01, 2.00000e+01, 3.97000e+00, 0.00000e+00, 6.47000e-01,
        7.32700e+00, 9.45000e+01, 2.07880e+00, 5.00000e+00, 2.64000e+02,
        1.30000e+01, 3.93420e+02, 1.12500e+01],
       [3.39830e-01, 2.20000e+01, 5.86000e+00, 0.00000e+00, 4.31000e-01,
        6.10800e+00, 3.49000e+01, 8.05550e+00, 7.00000e+00, 3.30000e+02,
        1.91000e+01, 3.90180e+02, 9.16000e+00],
       [2.14918e+00, 0.00000e+00, 1.95800e+01, 0.00000e+00, 8.71000e-01,
        5.70900e+00, 9.85000e+01, 1.62320e+00, 5.00000e+00, 4.03000e+02,
        1.47000e+01, 2.61950e+02, 1.57900e+01],
       [1.22040e-01, 0.00000e+00, 2.89000e+00, 0.00000e+00, 4.45000e-01,
        6.62500e+00, 5.78000e+01, 3.49520e+00, 2.00000e+00, 2.76000e+02,
        1.80000e+01, 3.57980e+02, 6.65000e+00],
       [3.76619e+01, 0.00000e+00, 1.81000e+01, 0.00000e+00, 6.79000e-01,
        6.20200e+00, 7.87000e+01, 1.86290e+00, 2.40000e+01, 6.66000e+02,
        2.02000e+01, 1.88200e+01, 1.45200e+01],
       [7.90410e-01, 0.00000e+00, 9.90000e+00, 0.00000e+00, 5.44000e-01,
        6.12200e+00, 5.28000e+01, 2.64030e+00, 4.00000e+00, 3.04000e+02,
        1.84000e+01, 3.96900e+02, 5.98000e+00],
       [3.61500e-02, 8.00000e+01, 4.95000e+00, 0.00000e+00, 4.11000e-01,
        6.63000e+00, 2.34000e+01, 5.11670e+00, 4.00000e+00, 2.45000e+02,
        1.92000e+01, 3.96900e+02, 4.70000e+00],
       [2.17190e-01, 0.00000e+00, 1.05900e+01, 1.00000e+00, 4.89000e-01,
        5.80700e+00, 5.38000e+01, 3.65260e+00, 4.00000e+00, 2.77000e+02,
        1.86000e+01, 3.90940e+02, 1.60300e+01],
       [2.30040e+00, 0.00000e+00, 1.95800e+01, 0.00000e+00, 6.05000e-01,
        6.31900e+00, 9.61000e+01, 2.10000e+00, 5.00000e+00, 4.03000e+02,
        1.47000e+01, 2.97090e+02, 1.11000e+01],
       [2.37857e+00, 0.00000e+00, 1.81000e+01, 0.00000e+00, 5.83000e-01,
        5.87100e+00, 4.19000e+01, 3.72400e+00, 2.40000e+01, 6.66000e+02,
        2.02000e+01, 3.70730e+02, 1.33400e+01],
       [1.88110e+01, 0.00000e+00, 1.81000e+01, 0.00000e+00, 5.97000e-01,
        4.62800e+00, 1.00000e+02, 1.55390e+00, 2.40000e+01, 6.66000e+02,
        2.02000e+01, 2.87900e+01, 3.43700e+01],
       [2.07162e+01, 0.00000e+00, 1.81000e+01, 0.00000e+00, 6.59000e-01,
        4.13800e+00, 1.00000e+02, 1.17810e+00, 2.40000e+01, 6.66000e+02,
        2.02000e+01, 3.70220e+02, 2.33400e+01],
       [2.43938e+01, 0.00000e+00, 1.81000e+01, 0.00000e+00, 7.00000e-01,
        4.65200e+00, 1.00000e+02, 1.46720e+00, 2.40000e+01, 6.66000e+02,
        2.02000e+01, 3.96900e+02, 2.82800e+01],
       [4.92980e-01, 0.00000e+00, 9.90000e+00, 0.00000e+00, 5.44000e-01,
        6.63500e+00, 8.25000e+01, 3.31750e+00, 4.00000e+00, 3.04000e+02,
        1.84000e+01, 3.96900e+02, 4.54000e+00],
       [1.27570e-01, 3.00000e+01, 4.93000e+00, 0.00000e+00, 4.28000e-01,
        6.39300e+00, 7.80000e+00, 7.03550e+00, 6.00000e+00, 3.00000e+02,
        1.66000e+01, 3.74710e+02, 5.19000e+00],
       [1.13081e+00, 0.00000e+00, 8.14000e+00, 0.00000e+00, 5.38000e-01,
        5.71300e+00, 9.41000e+01, 4.23300e+00, 4.00000e+00, 3.07000e+02,
        2.10000e+01, 3.60170e+02, 2.26000e+01],
       [3.51140e-01, 0.00000e+00, 7.38000e+00, 0.00000e+00, 4.93000e-01,
        6.04100e+00, 4.99000e+01, 4.72110e+00, 5.00000e+00, 2.87000e+02,
        1.96000e+01, 3.96900e+02, 7.70000e+00],
       [2.41030e-01, 0.00000e+00, 7.38000e+00, 0.00000e+00, 4.93000e-01,
        6.08300e+00, 4.37000e+01, 5.41590e+00, 5.00000e+00, 2.87000e+02,
        1.96000e+01, 3.96900e+02, 1.27900e+01],
       [1.54450e-01, 2.50000e+01, 5.13000e+00, 0.00000e+00, 4.53000e-01,
        6.14500e+00, 2.92000e+01, 7.81480e+00, 8.00000e+00, 2.84000e+02,
        1.97000e+01, 3.90680e+02, 6.86000e+00],
       [5.58107e+00, 0.00000e+00, 1.81000e+01, 0.00000e+00, 7.13000e-01,
        6.43600e+00, 8.79000e+01, 2.31580e+00, 2.40000e+01, 6.66000e+02,
        2.02000e+01, 1.00190e+02, 1.62200e+01],
       [8.01400e-02, 0.00000e+00, 5.96000e+00, 0.00000e+00, 4.99000e-01,
        5.85000e+00, 4.15000e+01, 3.93420e+00, 5.00000e+00, 2.79000e+02,
        1.92000e+01, 3.96900e+02, 8.77000e+00],
       [1.07930e-01, 0.00000e+00, 8.56000e+00, 0.00000e+00, 5.20000e-01,
        6.19500e+00, 5.44000e+01, 2.77780e+00, 5.00000e+00, 3.84000e+02,
        2.09000e+01, 3.93490e+02, 1.30000e+01],
       [1.88360e-01, 0.00000e+00, 6.91000e+00, 0.00000e+00, 4.48000e-01,
        5.78600e+00, 3.33000e+01, 5.10040e+00, 3.00000e+00, 2.33000e+02,
        1.79000e+01, 3.96900e+02, 1.41500e+01],
       [4.54400e-02, 0.00000e+00, 3.24000e+00, 0.00000e+00, 4.60000e-01,
        6.14400e+00, 3.22000e+01, 5.87360e+00, 4.00000e+00, 4.30000e+02,
        1.69000e+01, 3.68570e+02, 9.09000e+00],
       [2.06080e-01, 2.20000e+01, 5.86000e+00, 0.00000e+00, 4.31000e-01,
        5.59300e+00, 7.65000e+01, 7.95490e+00, 7.00000e+00, 3.30000e+02,
        1.91000e+01, 3.72490e+02, 1.25000e+01],
       [5.36000e-02, 2.10000e+01, 5.64000e+00, 0.00000e+00, 4.39000e-01,
        6.51100e+00, 2.11000e+01, 6.81470e+00, 4.00000e+00, 2.43000e+02,
        1.68000e+01, 3.96900e+02, 5.28000e+00],
       [7.61620e-01, 2.00000e+01, 3.97000e+00, 0.00000e+00, 6.47000e-01,
        5.56000e+00, 6.28000e+01, 1.98650e+00, 5.00000e+00, 2.64000e+02,
        1.30000e+01, 3.92400e+02, 1.04500e+01],
       [5.75290e-01, 0.00000e+00, 6.20000e+00, 0.00000e+00, 5.07000e-01,
        8.33700e+00, 7.33000e+01, 3.83840e+00, 8.00000e+00, 3.07000e+02,
        1.74000e+01, 3.85910e+02, 2.47000e+00],
       [9.06800e-02, 4.50000e+01, 3.44000e+00, 0.00000e+00, 4.37000e-01,
        6.95100e+00, 2.15000e+01, 6.47980e+00, 5.00000e+00, 3.98000e+02,
        1.52000e+01, 3.77680e+02, 5.10000e+00],
       [1.39600e-01, 0.00000e+00, 8.56000e+00, 0.00000e+00, 5.20000e-01,
        6.16700e+00, 9.00000e+01, 2.42100e+00, 5.00000e+00, 3.84000e+02,
        2.09000e+01, 3.92690e+02, 1.23300e+01],
       [7.36711e+00, 0.00000e+00, 1.81000e+01, 0.00000e+00, 6.79000e-01,
        6.19300e+00, 7.81000e+01, 1.93560e+00, 2.40000e+01, 6.66000e+02,
        2.02000e+01, 9.67300e+01, 2.15200e+01],
       [5.20177e+00, 0.00000e+00, 1.81000e+01, 1.00000e+00, 7.70000e-01,
        6.12700e+00, 8.34000e+01, 2.72270e+00, 2.40000e+01, 6.66000e+02,
        2.02000e+01, 3.95430e+02, 1.14800e+01],
       [4.41780e-01, 0.00000e+00, 6.20000e+00, 0.00000e+00, 5.04000e-01,
        6.55200e+00, 2.14000e+01, 3.37510e+00, 8.00000e+00, 3.07000e+02,
        1.74000e+01, 3.80340e+02, 3.76000e+00],
       [9.39063e+00, 0.00000e+00, 1.81000e+01, 0.00000e+00, 7.40000e-01,
        5.62700e+00, 9.39000e+01, 1.81720e+00, 2.40000e+01, 6.66000e+02,
        2.02000e+01, 3.96900e+02, 2.28800e+01],
       [1.15172e+00, 0.00000e+00, 8.14000e+00, 0.00000e+00, 5.38000e-01,
        5.70100e+00, 9.50000e+01, 3.78720e+00, 4.00000e+00, 3.07000e+02,
        2.10000e+01, 3.58770e+02, 1.83500e+01],
       [1.50380e-01, 0.00000e+00, 2.56500e+01, 0.00000e+00, 5.81000e-01,
        5.85600e+00, 9.70000e+01, 1.94440e+00, 2.00000e+00, 1.88000e+02,
        1.91000e+01, 3.70310e+02, 2.54100e+01],
       [5.64400e-02, 4.00000e+01, 6.41000e+00, 1.00000e+00, 4.47000e-01,
        6.75800e+00, 3.29000e+01, 4.07760e+00, 4.00000e+00, 2.54000e+02,
        1.76000e+01, 3.96900e+02, 3.53000e+00],
       [9.82349e+00, 0.00000e+00, 1.81000e+01, 0.00000e+00, 6.71000e-01,
        6.79400e+00, 9.88000e+01, 1.35800e+00, 2.40000e+01, 6.66000e+02,
        2.02000e+01, 3.96900e+02, 2.12400e+01],
       [1.62864e+00, 0.00000e+00, 2.18900e+01, 0.00000e+00, 6.24000e-01,
        5.01900e+00, 1.00000e+02, 1.43940e+00, 4.00000e+00, 4.37000e+02,
        2.12000e+01, 3.96900e+02, 3.44100e+01],
       [2.45220e-01, 0.00000e+00, 9.90000e+00, 0.00000e+00, 5.44000e-01,
        5.78200e+00, 7.17000e+01, 4.03170e+00, 4.00000e+00, 3.04000e+02,
        1.84000e+01, 3.96900e+02, 1.59400e+01],
       [1.43900e-02, 6.00000e+01, 2.93000e+00, 0.00000e+00, 4.01000e-01,
        6.60400e+00, 1.88000e+01, 6.21960e+00, 1.00000e+00, 2.65000e+02,
        1.56000e+01, 3.76700e+02, 4.38000e+00],
       [1.77830e-01, 0.00000e+00, 9.69000e+00, 0.00000e+00, 5.85000e-01,
        5.56900e+00, 7.35000e+01, 2.39990e+00, 6.00000e+00, 3.91000e+02,
        1.92000e+01, 3.95770e+02, 1.51000e+01],
       [9.60400e-02, 4.00000e+01, 6.41000e+00, 0.00000e+00, 4.47000e-01,
        6.85400e+00, 4.28000e+01, 4.26730e+00, 4.00000e+00, 2.54000e+02,
        1.76000e+01, 3.96900e+02, 2.98000e+00],
       [7.72990e-01, 0.00000e+00, 8.14000e+00, 0.00000e+00, 5.38000e-01,
        6.49500e+00, 9.44000e+01, 4.45470e+00, 4.00000e+00, 3.07000e+02,
        2.10000e+01, 3.87940e+02, 1.28000e+01],
       [5.20580e-01, 0.00000e+00, 6.20000e+00, 1.00000e+00, 5.07000e-01,
        6.63100e+00, 7.65000e+01, 4.14800e+00, 8.00000e+00, 3.07000e+02,
        1.74000e+01, 3.88450e+02, 9.54000e+00],
       [8.18700e-02, 0.00000e+00, 2.89000e+00, 0.00000e+00, 4.45000e-01,
        7.82000e+00, 3.69000e+01, 3.49520e+00, 2.00000e+00, 2.76000e+02,
        1.80000e+01, 3.93530e+02, 3.57000e+00],
       [1.08342e+01, 0.00000e+00, 1.81000e+01, 0.00000e+00, 6.79000e-01,
        6.78200e+00, 9.08000e+01, 1.81950e+00, 2.40000e+01, 6.66000e+02,
        2.02000e+01, 2.15700e+01, 2.57900e+01]]), 'packages': [['atomicwrites', '1.1.5'], ['attrs', '18.1.0'], ['backcall', '0.1.0'], ['coverage', '4.5.1'], ['cycler', '0.10.0'], ['decorator', '4.3.0'], ['docopt', '0.6.2'], ['hashfs', '0.7.0'], ['hypothesis', '3.57.0'], ['ipykernel', '4.8.2'], ['ipython', '6.4.0'], ['ipython-genutils', '0.2.0'], ['jedi', '0.12.0'], ['jsonpickle', '0.9.6'], ['jsonschema', '2.6.0'], ['jupyter-client', '5.2.3'], ['jupyter-core', '4.4.0'], ['kiwisolver', '1.0.1'], ['Lasagne', '0.1'], ['matplotlib', '2.2.2'], ['more-itertools', '4.2.0'], ['mpmath', '1.0.0'], ['munch', '2.3.2'], ['nbformat', '4.4.0'], ['nbval', '0.9.1'], ['numpy', '1.14.3'], ['pandas', '0.23.0'], ['parso', '0.2.1'], ['pexpect', '4.6.0'], ['pickleshare', '0.7.4'], ['Pillow', '5.1.0'], ['pip', '10.0.1'], ['pkg-resources', '0.0.0'], ['pluggy', '0.6.0'], ['prompt-toolkit', '1.0.15'], ['ptyprocess', '0.5.2'], ['py', '1.5.3'], ['py-cpuinfo', '4.0.0'], ['Pygments', '2.2.0'], ['pymongo', '3.6.1'], ['pyparsing', '2.2.0'], ['pysgmcmc', '0.0.1'], ['pytest', '3.6.0'], ['python-dateutil', '2.7.3'], ['pytz', '2018.4'], ['pyzmq', '17.0.0'], ['sacred', '0.7.3'], ['scandir', '1.7'], ['scikit-learn', '0.19.1'], ['scipy', '1.1.0'], ['seaborn', '0.8.1'], ['setuptools', '39.2.0'], ['simplegeneric', '0.8.1'], ['six', '1.11.0'], ['SQLAlchemy', '1.2.8'], ['sympy', '1.1.1'], ['Theano', '0.8.0'], ['tinydb', '3.9.0.post1'], ['tinydb-serialization', '1.0.4'], ['torch', '0.4.0'], ['torchvision', '0.2.1'], ['tornado', '5.0.2'], ['tqdm', '4.23.4'], ['traitlets', '4.3.2'], ['wcwidth', '0.1.7'], ['wheel', '0.31.1'], ['wrapt', '1.10.11']], 'y_train': array([24. , 21.6, 34.7, 33.4, 36.2, 28.7, 22.9, 27.1, 16.5, 18.9, 15. ,
       18.9, 21.7, 20.4, 18.2, 19.9, 23.1, 17.5, 20.2, 18.2, 13.6, 19.6,
       15.2, 14.5, 15.6, 13.9, 16.6, 14.8, 21. , 14.5, 13.2, 13.5, 18.9,
       20. , 24.7, 30.8, 34.9, 26.6, 25.3, 24.7, 21.2, 19.3, 16.6, 14.4,
       19.4, 19.7, 20.5, 23.4, 18.9, 35.4, 24.7, 31.6, 19.6, 18.7, 16. ,
       22.2, 25. , 33. , 23.5, 19.4, 22. , 17.4, 20.9, 24.2, 21.7, 22.8,
       23.4, 24.1, 21.4, 20. , 20.8, 21.2, 20.3, 28. , 24.8, 22.9, 23.9,
       26.6, 22.5, 22.2, 23.6, 28.7, 22.6, 22. , 22.9, 25. , 20.6, 21.4,
       38.7, 33.2, 27.5, 26.5, 18.6, 19.3, 19.5, 19.5, 20.4, 19.8, 19.4,
       22.8, 18.8, 18.7, 18.5, 18.3, 21.2, 19.2, 20.4, 19.3, 22. , 20.3,
       20.5, 18.8, 21.4, 15.7, 16.2, 18. , 14.3, 19.2, 19.6, 23. , 18.4,
       15.6, 18.1, 17.4, 17.1, 13.3, 17.8, 14. , 13.4, 15.6, 11.8, 13.8,
       15.6, 14.6, 17.8, 15.4, 21.5, 19.6, 15.3, 17. , 15.6, 13.1, 41.3,
       24.3, 23.3, 27. , 50. , 50. , 50. , 22.7, 25. , 50. , 23.8, 17.4,
       19.1, 23.1, 23.6, 22.6, 29.4, 23.2, 24.6, 29.9, 37.2, 39.8, 36.2,
       37.9, 32.5, 26.4, 29.6, 50. , 32. , 29.8, 34.9, 30.5, 36.4, 31.1,
       50. , 33.3, 30.3, 34.6, 34.9, 32.9, 24.1, 42.3, 48.5, 50. , 22.6,
       24.4, 22.5, 24.4, 20. , 21.7, 19.3, 28.1, 23.7, 25. , 23.3, 28.7,
       21.5, 23. , 26.7, 21.7, 27.5, 30.1, 44.8, 50. , 37.6, 31.6, 46.7,
       24.3, 31.7, 48.3, 29. , 24. , 23.7, 23.3, 22. , 20.1, 22.2, 18.5,
       20.5, 24.5, 26.2, 24.4, 24.8, 29.6, 42.8, 21.9, 20.9, 44. , 50. ,
       36. , 30.1, 43.1, 48.8, 36.5, 30.7, 50. , 43.5, 20.7, 21.1, 25.2,
       24.4, 35.2, 33.2, 33.1, 29.1, 35.1, 45.4, 35.4, 46. , 50. , 32.2,
       22. , 20.1, 23.2, 22.3, 24.8, 28.5, 37.3, 23.9, 21.7, 28.6, 27.1,
       20.3, 22.5, 29. , 24.8, 22. , 26.4, 33.1, 36.1, 28.4, 33.4, 28.2,
       20.3, 16.1, 19.4, 21.6, 23.8, 16.2, 17.8, 23.1, 21. , 23.8, 23.1,
       18.5, 25. , 24.6, 23. , 19.3, 22.6, 17.1, 19.4, 22.2, 20.7, 21.1,
       19.5, 18.5, 20.6, 19. , 18.7, 32.7, 16.5, 23.9, 31.2, 17.5, 17.2,
       23.1, 24.5, 26.6, 22.9, 24.1, 18.6, 30.1, 18.2, 20.6, 17.8, 21.7,
       22.6, 25. , 19.9, 20.8, 16.8, 21.9, 27.5, 21.9, 23.1, 50. , 50. ,
       50. , 50. , 50. , 13.8, 13.8, 15. , 13.9, 13.1, 10.2, 10.4, 10.9,
       11.3, 12.3,  8.8,  7.2,  7.4, 10.2, 11.5, 15.1, 23.2,  9.7, 13.8,
       12.7, 13.1, 12.5,  8.5,  5. ,  6.3,  5.6,  7.2, 12.1,  8.3,  8.5,
        5. , 27.9, 17.2, 27.5, 15. , 17.2, 16.3,  7. ,  7.2, 10.4,  8.8,
        8.4, 16.7, 14.2, 20.8, 13.4, 11.7,  8.3, 10.2,  9.5, 14.5, 14.1,
       16.1, 11.7, 13.4,  9.6,  8.7,  8.4, 10.5, 17.1, 18.4, 15.4, 10.8,
       11.8, 14.9, 12.6, 14.1, 13. , 13.4, 15.2, 16.1, 17.8, 14.9, 14.1,
       12.7, 13.5, 14.9, 20. , 16.4, 17.7, 19.5, 20.2, 21.4, 19.9, 19. ,
       19.1, 19.1, 20.1, 19.9, 19.6, 23.2, 29.8, 13.8, 13.3, 16.7, 12. ,
       14.6, 21.4, 23. , 23.7, 25. , 21.8, 21.2, 19.1, 20.6, 15.2,  7. ,
        8.1, 13.6, 20.1, 21.8, 24.5, 23.1, 19.7, 18.3, 21.2, 16.8, 22.4,
       20.6, 23.9, 22. , 11.9])}
INFO - BNN_UCI - Completed after 0:03:48
