INFO - BNN_UCI - Running command 'fit_bnn'
INFO - BNN_UCI - Started run with ID "326"
/home/freidanm/repos/pytorch_experiments/experiments_env/src/pysgmcmc/pysgmcmc/data/datasets.py:14: FutureWarning: Method .as_matrix will be removed in a future version. Use .values instead.
  x_train = train_data.as_matrix(feature_columns)
/home/freidanm/repos/pytorch_experiments/experiments_env/src/pysgmcmc/pysgmcmc/data/datasets.py:15: FutureWarning: Method .as_matrix will be removed in a future version. Use .values instead.
  y_train = train_data[label_column].as_matrix()
/home/freidanm/repos/pytorch_experiments/experiments_env/src/pysgmcmc/pysgmcmc/data/datasets.py:17: FutureWarning: Method .as_matrix will be removed in a future version. Use .values instead.
  x_test = test_data.as_matrix(feature_columns)
/home/freidanm/repos/pytorch_experiments/experiments_env/src/pysgmcmc/pysgmcmc/data/datasets.py:18: FutureWarning: Method .as_matrix will be removed in a future version. Use .values instead.
  y_test = test_data[label_column].as_matrix()
INFO - root - Performing 15000 iterations
INFO - BNN_UCI - Result: {'prediction_mean': array([27.598019, 21.265875, 18.66186 , 31.736897, 12.531463, 17.606853,
       32.06838 , 41.687553, 22.30448 , 29.94204 , 26.912678, 21.957785,
       25.138819, 30.976147, 16.643703, 23.264956, 13.483558, 12.022798,
       19.604908, 27.363121, 15.416072, 19.329159, 18.652306, 20.485432,
       21.64677 , 17.752174, 14.375759, 20.320642,  8.156849, 19.560905,
       26.499147, 14.35704 , 20.005041, 23.174622, 22.732275, 25.85615 ,
       12.922423, 18.88916 , 32.736313, 18.826864, 11.719588, 18.865528,
       24.238958, 27.80775 , 35.854904, 28.263153, 23.283672,  9.691335,
       24.215229, 10.07885 , 48.916473], dtype=float32), 'x_train': array([[6.3200e-03, 1.8000e+01, 2.3100e+00, ..., 1.5300e+01, 3.9690e+02,
        4.9800e+00],
       [2.7310e-02, 0.0000e+00, 7.0700e+00, ..., 1.7800e+01, 3.9690e+02,
        9.1400e+00],
       [3.2370e-02, 0.0000e+00, 2.1800e+00, ..., 1.8700e+01, 3.9463e+02,
        2.9400e+00],
       ...,
       [4.5270e-02, 0.0000e+00, 1.1930e+01, ..., 2.1000e+01, 3.9690e+02,
        9.0800e+00],
       [6.0760e-02, 0.0000e+00, 1.1930e+01, ..., 2.1000e+01, 3.9690e+02,
        5.6400e+00],
       [4.7410e-02, 0.0000e+00, 1.1930e+01, ..., 2.1000e+01, 3.9690e+02,
        7.8800e+00]]), 'y_train': array([24. , 21.6, 33.4, 36.2, 28.7, 22.9, 27.1, 16.5, 18.9, 15. , 18.9,
       21.7, 20.4, 18.2, 19.9, 23.1, 17.5, 20.2, 18.2, 13.6, 19.6, 15.2,
       14.5, 15.6, 13.9, 16.6, 14.8, 18.4, 21. , 14.5, 13.2, 13.1, 18.9,
       20. , 24.7, 30.8, 34.9, 26.6, 25.3, 24.7, 21.2, 19.3, 20. , 16.6,
       14.4, 19.4, 19.7, 25. , 23.4, 18.9, 31.6, 18.7, 16. , 23.5, 19.4,
       17.4, 20.9, 24.2, 21.7, 22.8, 23.4, 24.1, 21.4, 20. , 20.8, 21.2,
       20.3, 28. , 23.9, 24.8, 22.9, 23.9, 26.6, 22.5, 22.2, 23.6, 28.7,
       22.6, 22. , 22.9, 25. , 20.6, 28.4, 21.4, 38.7, 43.8, 33.2, 27.5,
       26.5, 18.6, 19.3, 20.1, 19.5, 19.5, 20.4, 19.8, 19.4, 21.7, 22.8,
       18.8, 18.7, 18.5, 18.3, 21.2, 19.2, 19.3, 22. , 20.3, 17.3, 18.8,
       21.4, 15.7, 16.2, 18. , 14.3, 19.6, 23. , 18.4, 15.6, 18.1, 17.4,
       17.1, 13.3, 17.8, 14. , 14.4, 13.4, 15.6, 11.8, 15.6, 14.6, 17.8,
       15.4, 21.5, 19.6, 15.3, 19.4, 17. , 15.6, 13.1, 41.3, 24.3, 23.3,
       27. , 50. , 50. , 50. , 22.7, 50. , 23.8, 23.8, 22.3, 17.4, 19.1,
       23.1, 23.6, 22.6, 29.4, 23.2, 29.9, 37.2, 39.8, 36.2, 37.9, 32.5,
       26.4, 29.6, 50. , 32. , 29.8, 34.9, 37. , 30.5, 36.4, 31.1, 29.1,
       50. , 33.3, 30.3, 34.6, 34.9, 32.9, 24.1, 42.3, 48.5, 50. , 22.6,
       24.4, 22.5, 24.4, 21.7, 19.3, 22.4, 23.7, 25. , 23.3, 28.7, 21.5,
       23. , 26.7, 21.7, 30.1, 44.8, 50. , 37.6, 31.5, 31.7, 41.7, 48.3,
       29. , 24. , 25.1, 31.5, 23.7, 23.3, 22. , 20.1, 22.2, 23.7, 17.6,
       18.5, 24.3, 20.5, 24.5, 26.2, 24.4, 24.8, 29.6, 42.8, 21.9, 20.9,
       44. , 50. , 36. , 30.1, 33.8, 43.1, 48.8, 31. , 36.5, 22.8, 30.7,
       50. , 43.5, 20.7, 21.1, 25.2, 24.4, 35.2, 32.4, 32. , 33.2, 33.1,
       29.1, 35.1, 45.4, 35.4, 46. , 50. , 32.2, 22. , 20.1, 23.2, 24.8,
       28.5, 37.3, 27.9, 23.9, 21.7, 28.6, 27.1, 20.3, 22.5, 29. , 24.8,
       22. , 26.4, 36.1, 28.4, 33.4, 28.2, 20.3, 16.1, 22.1, 19.4, 21.6,
       23.8, 19.8, 23.1, 21. , 23.8, 23.1, 20.4, 18.5, 25. , 24.6, 23. ,
       22.2, 19.3, 22.6, 19.8, 17.1, 22.2, 20.7, 21.1, 19.5, 18.5, 20.6,
       19. , 18.7, 16.5, 23.9, 31.2, 17.5, 17.2, 23.1, 24.5, 26.6, 22.9,
       24.1, 18.6, 30.1, 18.2, 17.8, 21.7, 22.7, 25. , 19.9, 16.8, 27.5,
       21.9, 23.1, 50. , 50. , 50. , 50. , 50. , 13.8, 13.8, 15. , 13.9,
       13.3, 13.1, 10.2, 10.4, 10.9, 11.3, 12.3,  8.8,  7.2, 10.5,  7.4,
       10.2, 11.5, 15.1, 23.2,  9.7, 13.8, 12.7, 13.1, 12.5,  6.3,  5.6,
        7.2, 12.1,  8.3,  8.5,  5. , 11.9, 27.9, 17.2, 27.5, 17.2, 17.9,
       16.3,  7.2,  7.5, 10.4,  8.8,  8.4, 14.2, 20.8, 13.4, 11.7,  8.3,
       10.2, 10.9, 11. ,  9.5, 14.5, 14.1, 16.1, 14.3, 11.7, 13.4,  9.6,
        8.7,  8.4, 12.8, 10.5, 17.1, 18.4, 10.8, 11.8, 14.9, 12.6, 14.1,
       13. , 15.2, 16.1, 17.8, 14.9, 14.1, 12.7, 13.5, 14.9, 20. , 16.4,
       17.7, 19.5, 20.2, 21.4, 19.9, 19. , 19.1, 20.1, 19.9, 23.2, 29.8,
       13.8, 16.7, 14.6, 21.4, 23. , 23.7, 25. , 21.8, 21.2, 19.1, 20.6,
       15.2,  7. ,  8.1, 13.6, 20.1, 24.5, 23.1, 19.7, 21.2, 17.5, 16.8,
       22.4, 20.6, 23.9, 11.9]), 'y_test': array([22.2, 21. , 20.6, 34.7,  8.5, 20.5, 32.7, 46.7, 22.6, 33. , 22.8,
       22. , 25. , 31.6, 13.3, 22. , 13.8, 12.7, 16.7, 25. , 13.4, 20.5,
       17.8, 19.2, 19.6, 16.2, 19.1, 22.3,  5. , 20.6, 27.5, 15.4, 21.8,
       24.3, 19.4, 28.1, 15. , 18.3, 33.1, 20. , 13.5, 20.4, 24.6, 19.6,
       35.4, 20.8, 24.7, 12. , 23.3,  7. , 21.9]), 'prediction_std': array([1.3338385 , 0.36113393, 0.38657376, 0.76446235, 0.8139157 ,
       0.7129765 , 0.8217033 , 1.0272062 , 0.4298827 , 0.5418299 ,
       0.6674154 , 0.36859474, 0.9282807 , 0.74356914, 0.98660624,
       0.37512836, 0.6677474 , 0.48205414, 1.0519212 , 0.4035126 ,
       1.010921  , 0.31514236, 0.71313894, 0.2504798 , 0.34164032,
       0.34741846, 1.0249065 , 0.7789185 , 0.9645549 , 0.30098444,
       0.63772017, 0.82723427, 0.6324733 , 0.3997598 , 0.49096417,
       0.67004335, 0.7149265 , 0.36767176, 0.71849585, 0.49843547,
       0.43713117, 0.39810923, 0.740654  , 1.8024923 , 0.86134195,
       0.73755276, 0.37378582, 0.8138339 , 0.3352903 , 0.8174952 ,
       1.6638603 ], dtype=float32), 'packages': [['atomicwrites', '1.1.5'], ['attrs', '18.1.0'], ['backcall', '0.1.0'], ['coverage', '4.5.1'], ['cycler', '0.10.0'], ['decorator', '4.3.0'], ['docopt', '0.6.2'], ['hashfs', '0.7.0'], ['hypothesis', '3.57.0'], ['ipykernel', '4.8.2'], ['ipython', '6.4.0'], ['ipython-genutils', '0.2.0'], ['jedi', '0.12.0'], ['jsonpickle', '0.9.6'], ['jsonschema', '2.6.0'], ['jupyter-client', '5.2.3'], ['jupyter-core', '4.4.0'], ['kiwisolver', '1.0.1'], ['Lasagne', '0.1'], ['matplotlib', '2.2.2'], ['more-itertools', '4.2.0'], ['mpmath', '1.0.0'], ['munch', '2.3.2'], ['nbformat', '4.4.0'], ['nbval', '0.9.1'], ['numpy', '1.14.3'], ['pandas', '0.23.0'], ['parso', '0.2.1'], ['pexpect', '4.6.0'], ['pickleshare', '0.7.4'], ['Pillow', '5.1.0'], ['pip', '10.0.1'], ['pkg-resources', '0.0.0'], ['pluggy', '0.6.0'], ['prompt-toolkit', '1.0.15'], ['ptyprocess', '0.5.2'], ['py', '1.5.3'], ['py-cpuinfo', '4.0.0'], ['Pygments', '2.2.0'], ['pymongo', '3.6.1'], ['pyparsing', '2.2.0'], ['pysgmcmc', '0.0.1'], ['pytest', '3.6.0'], ['python-dateutil', '2.7.3'], ['pytz', '2018.4'], ['pyzmq', '17.0.0'], ['sacred', '0.7.3'], ['scandir', '1.7'], ['scikit-learn', '0.19.1'], ['scipy', '1.1.0'], ['seaborn', '0.8.1'], ['setuptools', '39.2.0'], ['simplegeneric', '0.8.1'], ['six', '1.11.0'], ['SQLAlchemy', '1.2.8'], ['sympy', '1.1.1'], ['Theano', '0.8.0'], ['tinydb', '3.9.0.post1'], ['tinydb-serialization', '1.0.4'], ['torch', '0.4.0'], ['torchvision', '0.2.1'], ['tornado', '5.0.2'], ['tqdm', '4.23.4'], ['traitlets', '4.3.2'], ['wcwidth', '0.1.7'], ['wheel', '0.31.1'], ['wrapt', '1.10.11']], 'x_test': array([[1.10270e-01, 2.50000e+01, 5.13000e+00, 0.00000e+00, 4.53000e-01,
        6.45600e+00, 6.78000e+01, 7.22550e+00, 8.00000e+00, 2.84000e+02,
        1.97000e+01, 3.96900e+02, 6.73000e+00],
       [8.01400e-02, 0.00000e+00, 5.96000e+00, 0.00000e+00, 4.99000e-01,
        5.85000e+00, 4.15000e+01, 3.93420e+00, 5.00000e+00, 2.79000e+02,
        1.92000e+01, 3.96900e+02, 8.77000e+00],
       [2.37857e+00, 0.00000e+00, 1.81000e+01, 0.00000e+00, 5.83000e-01,
        5.87100e+00, 4.19000e+01, 3.72400e+00, 2.40000e+01, 6.66000e+02,
        2.02000e+01, 3.70730e+02, 1.33400e+01],
       [2.72900e-02, 0.00000e+00, 7.07000e+00, 0.00000e+00, 4.69000e-01,
        7.18500e+00, 6.11000e+01, 4.96710e+00, 2.00000e+00, 2.42000e+02,
        1.78000e+01, 3.92830e+02, 4.03000e+00],
       [7.67202e+00, 0.00000e+00, 1.81000e+01, 0.00000e+00, 6.93000e-01,
        5.74700e+00, 9.89000e+01, 1.63340e+00, 2.40000e+01, 6.66000e+02,
        2.02000e+01, 3.93100e+02, 1.99200e+01],
       [4.33700e-02, 2.10000e+01, 5.64000e+00, 0.00000e+00, 4.39000e-01,
        6.11500e+00, 6.30000e+01, 6.81470e+00, 4.00000e+00, 2.43000e+02,
        1.68000e+01, 3.93970e+02, 9.43000e+00],
       [1.30100e-02, 3.50000e+01, 1.52000e+00, 0.00000e+00, 4.42000e-01,
        7.24100e+00, 4.93000e+01, 7.03790e+00, 1.00000e+00, 2.84000e+02,
        1.55000e+01, 3.94740e+02, 5.49000e+00],
       [2.98190e-01, 0.00000e+00, 6.20000e+00, 0.00000e+00, 5.04000e-01,
        7.68600e+00, 1.70000e+01, 3.37510e+00, 8.00000e+00, 3.07000e+02,
        1.74000e+01, 3.77510e+02, 3.92000e+00],
       [4.26131e+00, 0.00000e+00, 1.81000e+01, 0.00000e+00, 7.70000e-01,
        6.11200e+00, 8.13000e+01, 2.50910e+00, 2.40000e+01, 6.66000e+02,
        2.02000e+01, 3.90740e+02, 1.26700e+01],
       [1.95100e-02, 1.75000e+01, 1.38000e+00, 0.00000e+00, 4.16100e-01,
        7.10400e+00, 5.95000e+01, 9.22290e+00, 3.00000e+00, 2.16000e+02,
        1.86000e+01, 3.93240e+02, 8.05000e+00],
       [4.92980e-01, 0.00000e+00, 9.90000e+00, 0.00000e+00, 5.44000e-01,
        6.63500e+00, 8.25000e+01, 3.31750e+00, 4.00000e+00, 3.04000e+02,
        1.84000e+01, 3.96900e+02, 4.54000e+00],
       [5.78900e-02, 1.25000e+01, 6.07000e+00, 0.00000e+00, 4.09000e-01,
        5.87800e+00, 2.14000e+01, 6.49800e+00, 4.00000e+00, 3.45000e+02,
        1.89000e+01, 3.96210e+02, 8.10000e+00],
       [2.92400e+00, 0.00000e+00, 1.95800e+01, 0.00000e+00, 6.05000e-01,
        6.10100e+00, 9.30000e+01, 2.28340e+00, 5.00000e+00, 4.03000e+02,
        1.47000e+01, 2.40160e+02, 9.81000e+00],
       [4.12380e-01, 0.00000e+00, 6.20000e+00, 0.00000e+00, 5.04000e-01,
        7.16300e+00, 7.99000e+01, 3.21570e+00, 8.00000e+00, 3.07000e+02,
        1.74000e+01, 3.72080e+02, 6.36000e+00],
       [6.39312e+00, 0.00000e+00, 1.81000e+01, 0.00000e+00, 5.84000e-01,
        6.16200e+00, 9.74000e+01, 2.20600e+00, 2.40000e+01, 6.66000e+02,
        2.02000e+01, 3.02760e+02, 2.41000e+01],
       [1.09590e-01, 0.00000e+00, 1.19300e+01, 0.00000e+00, 5.73000e-01,
        6.79400e+00, 8.93000e+01, 2.38890e+00, 1.00000e+00, 2.73000e+02,
        2.10000e+01, 3.93450e+02, 6.48000e+00],
       [2.37934e+00, 0.00000e+00, 1.95800e+01, 0.00000e+00, 8.71000e-01,
        6.13000e+00, 1.00000e+02, 1.41910e+00, 5.00000e+00, 4.03000e+02,
        1.47000e+01, 1.72910e+02, 2.78000e+01],
       [1.13081e+00, 0.00000e+00, 8.14000e+00, 0.00000e+00, 5.38000e-01,
        5.71300e+00, 9.41000e+01, 4.23300e+00, 4.00000e+00, 3.07000e+02,
        2.10000e+01, 3.60170e+02, 2.26000e+01],
       [1.10874e+01, 0.00000e+00, 1.81000e+01, 0.00000e+00, 7.18000e-01,
        6.41100e+00, 1.00000e+02, 1.85890e+00, 2.40000e+01, 6.66000e+02,
        2.02000e+01, 3.18750e+02, 1.50200e+01],
       [1.26500e-01, 2.50000e+01, 5.13000e+00, 0.00000e+00, 4.53000e-01,
        6.76200e+00, 4.34000e+01, 7.98090e+00, 8.00000e+00, 2.84000e+02,
        1.97000e+01, 3.95580e+02, 9.50000e+00],
       [6.71772e+00, 0.00000e+00, 1.81000e+01, 0.00000e+00, 7.13000e-01,
        6.74900e+00, 9.26000e+01, 2.32360e+00, 2.40000e+01, 6.66000e+02,
        2.02000e+01, 3.20000e-01, 1.74400e+01],
       [9.29900e-02, 0.00000e+00, 2.56500e+01, 0.00000e+00, 5.81000e-01,
        5.96100e+00, 9.29000e+01, 2.08690e+00, 2.00000e+00, 1.88000e+02,
        1.91000e+01, 3.78090e+02, 1.79300e+01],
       [3.18270e-01, 0.00000e+00, 9.90000e+00, 0.00000e+00, 5.44000e-01,
        5.91400e+00, 8.32000e+01, 3.99860e+00, 4.00000e+00, 3.04000e+02,
        1.84000e+01, 3.90700e+02, 1.83300e+01],
       [3.40060e-01, 0.00000e+00, 2.18900e+01, 0.00000e+00, 6.24000e-01,
        6.45800e+00, 9.89000e+01, 2.11850e+00, 4.00000e+00, 4.37000e+02,
        2.12000e+01, 3.95040e+02, 1.26000e+01],
       [1.03280e-01, 2.50000e+01, 5.13000e+00, 0.00000e+00, 4.53000e-01,
        5.92700e+00, 4.72000e+01, 6.93200e+00, 8.00000e+00, 2.84000e+02,
        1.97000e+01, 3.96900e+02, 9.22000e+00],
       [2.53560e-01, 0.00000e+00, 9.90000e+00, 0.00000e+00, 5.44000e-01,
        5.70500e+00, 7.77000e+01, 3.94500e+00, 4.00000e+00, 3.04000e+02,
        1.84000e+01, 3.96420e+02, 1.15000e+01],
       [1.55757e+01, 0.00000e+00, 1.81000e+01, 0.00000e+00, 5.80000e-01,
        5.92600e+00, 7.10000e+01, 2.90840e+00, 2.40000e+01, 6.66000e+02,
        2.02000e+01, 3.68740e+02, 1.81300e+01],
       [4.59000e-02, 5.25000e+01, 5.32000e+00, 0.00000e+00, 4.05000e-01,
        6.31500e+00, 4.56000e+01, 7.31720e+00, 6.00000e+00, 2.93000e+02,
        1.66000e+01, 3.96900e+02, 7.60000e+00],
       [3.83518e+01, 0.00000e+00, 1.81000e+01, 0.00000e+00, 6.93000e-01,
        5.45300e+00, 1.00000e+02, 1.48960e+00, 2.40000e+01, 6.66000e+02,
        2.02000e+01, 3.96900e+02, 3.05900e+01],
       [1.06590e-01, 8.00000e+01, 1.91000e+00, 0.00000e+00, 4.13000e-01,
        5.93600e+00, 1.95000e+01, 1.05857e+01, 4.00000e+00, 3.34000e+02,
        2.20000e+01, 3.76040e+02, 5.57000e+00],
       [6.23560e-01, 0.00000e+00, 6.20000e+00, 1.00000e+00, 5.07000e-01,
        6.87900e+00, 7.77000e+01, 3.27210e+00, 8.00000e+00, 3.07000e+02,
        1.74000e+01, 3.90390e+02, 9.93000e+00],
       [9.96654e+00, 0.00000e+00, 1.81000e+01, 0.00000e+00, 7.40000e-01,
        6.48500e+00, 1.00000e+02, 1.97840e+00, 2.40000e+01, 6.66000e+02,
        2.02000e+01, 3.86730e+02, 1.88500e+01],
       [1.73310e-01, 0.00000e+00, 9.69000e+00, 0.00000e+00, 5.85000e-01,
        5.70700e+00, 5.40000e+01, 2.38170e+00, 6.00000e+00, 3.91000e+02,
        1.92000e+01, 3.96900e+02, 1.20100e+01],
       [5.37000e-01, 0.00000e+00, 6.20000e+00, 0.00000e+00, 5.04000e-01,
        5.98100e+00, 6.81000e+01, 3.67150e+00, 8.00000e+00, 3.07000e+02,
        1.74000e+01, 3.78350e+02, 1.16500e+01],
       [3.46600e-02, 3.50000e+01, 6.06000e+00, 0.00000e+00, 4.37900e-01,
        6.03100e+00, 2.33000e+01, 6.64070e+00, 1.00000e+00, 3.04000e+02,
        1.69000e+01, 3.62250e+02, 7.83000e+00],
       [1.40520e-01, 0.00000e+00, 1.05900e+01, 0.00000e+00, 4.89000e-01,
        6.37500e+00, 3.23000e+01, 3.94540e+00, 4.00000e+00, 2.77000e+02,
        1.86000e+01, 3.85810e+02, 9.38000e+00],
       [5.11358e+01, 0.00000e+00, 1.81000e+01, 0.00000e+00, 5.97000e-01,
        5.75700e+00, 1.00000e+02, 1.41300e+00, 2.40000e+01, 6.66000e+02,
        2.02000e+01, 2.60000e+00, 1.01100e+01],
       [2.68380e-01, 0.00000e+00, 9.69000e+00, 0.00000e+00, 5.85000e-01,
        5.79400e+00, 7.06000e+01, 2.89270e+00, 6.00000e+00, 3.91000e+02,
        1.92000e+01, 3.96900e+02, 1.41000e+01],
       [1.00000e-01, 3.40000e+01, 6.09000e+00, 0.00000e+00, 4.33000e-01,
        6.98200e+00, 1.77000e+01, 5.49170e+00, 7.00000e+00, 3.29000e+02,
        1.61000e+01, 3.90430e+02, 4.86000e+00],
       [4.35710e-01, 0.00000e+00, 1.05900e+01, 1.00000e+00, 4.89000e-01,
        5.34400e+00, 1.00000e+02, 3.87500e+00, 4.00000e+00, 2.77000e+02,
        1.86000e+01, 3.96900e+02, 2.30900e+01],
       [1.61282e+00, 0.00000e+00, 8.14000e+00, 0.00000e+00, 5.38000e-01,
        6.09600e+00, 9.69000e+01, 3.75980e+00, 4.00000e+00, 3.07000e+02,
        2.10000e+01, 2.48310e+02, 2.03400e+01],
       [1.30580e-01, 0.00000e+00, 1.00100e+01, 0.00000e+00, 5.47000e-01,
        5.87200e+00, 7.31000e+01, 2.47750e+00, 6.00000e+00, 4.32000e+02,
        1.78000e+01, 3.38630e+02, 1.53700e+01],
       [5.42500e-02, 0.00000e+00, 4.05000e+00, 0.00000e+00, 5.10000e-01,
        6.31500e+00, 7.34000e+01, 3.31750e+00, 5.00000e+00, 2.96000e+02,
        1.66000e+01, 3.95600e+02, 6.29000e+00],
       [4.03841e+00, 0.00000e+00, 1.81000e+01, 0.00000e+00, 5.32000e-01,
        6.22900e+00, 9.07000e+01, 3.09930e+00, 2.40000e+01, 6.66000e+02,
        2.02000e+01, 3.95330e+02, 1.28700e+01],
       [1.31100e-02, 9.00000e+01, 1.22000e+00, 0.00000e+00, 4.03000e-01,
        7.24900e+00, 2.19000e+01, 8.69660e+00, 5.00000e+00, 2.26000e+02,
        1.79000e+01, 3.95930e+02, 4.81000e+00],
       [3.67822e+00, 0.00000e+00, 1.81000e+01, 0.00000e+00, 7.70000e-01,
        5.36200e+00, 9.62000e+01, 2.10360e+00, 2.40000e+01, 6.66000e+02,
        2.02000e+01, 3.80790e+02, 1.01900e+01],
       [2.05500e-02, 8.50000e+01, 7.40000e-01, 0.00000e+00, 4.10000e-01,
        6.38300e+00, 3.57000e+01, 9.18760e+00, 2.00000e+00, 3.13000e+02,
        1.73000e+01, 3.96900e+02, 5.77000e+00],
       [1.50234e+01, 0.00000e+00, 1.81000e+01, 0.00000e+00, 6.14000e-01,
        5.30400e+00, 9.73000e+01, 2.10070e+00, 2.40000e+01, 6.66000e+02,
        2.02000e+01, 3.49480e+02, 2.49100e+01],
       [1.54450e-01, 2.50000e+01, 5.13000e+00, 0.00000e+00, 4.53000e-01,
        6.14500e+00, 2.92000e+01, 7.81480e+00, 8.00000e+00, 2.84000e+02,
        1.97000e+01, 3.90680e+02, 6.86000e+00],
       [4.57461e+01, 0.00000e+00, 1.81000e+01, 0.00000e+00, 6.93000e-01,
        4.51900e+00, 1.00000e+02, 1.65820e+00, 2.40000e+01, 6.66000e+02,
        2.02000e+01, 8.82700e+01, 3.69800e+01],
       [3.47428e+00, 0.00000e+00, 1.81000e+01, 1.00000e+00, 7.18000e-01,
        8.78000e+00, 8.29000e+01, 1.90470e+00, 2.40000e+01, 6.66000e+02,
        2.02000e+01, 3.54550e+02, 5.29000e+00]])}
INFO - BNN_UCI - Completed after 0:01:14
