INFO - BNN_UCI - Running command 'fit_bnn'
INFO - BNN_UCI - Started run with ID "325"
/home/freidanm/repos/pytorch_experiments/experiments_env/src/pysgmcmc/pysgmcmc/data/datasets.py:14: FutureWarning: Method .as_matrix will be removed in a future version. Use .values instead.
  x_train = train_data.as_matrix(feature_columns)
/home/freidanm/repos/pytorch_experiments/experiments_env/src/pysgmcmc/pysgmcmc/data/datasets.py:15: FutureWarning: Method .as_matrix will be removed in a future version. Use .values instead.
  y_train = train_data[label_column].as_matrix()
/home/freidanm/repos/pytorch_experiments/experiments_env/src/pysgmcmc/pysgmcmc/data/datasets.py:17: FutureWarning: Method .as_matrix will be removed in a future version. Use .values instead.
  x_test = test_data.as_matrix(feature_columns)
/home/freidanm/repos/pytorch_experiments/experiments_env/src/pysgmcmc/pysgmcmc/data/datasets.py:18: FutureWarning: Method .as_matrix will be removed in a future version. Use .values instead.
  y_test = test_data[label_column].as_matrix()
INFO - root - Performing 15000 iterations
INFO - BNN_UCI - Result: {'y_test': array([30.1, 11.9, 23.7, 22.5, 14.3, 31.7, 13.6, 14.3, 19.3, 20.7, 24.1,
       22.8, 18.3, 30.7, 27.1, 14.6, 19.6, 20.1, 20.6, 17.1, 16.3, 28.7,
       33.1, 23. , 18.8, 20.8, 26.5, 21. , 43.1, 18.4, 19.7, 19.6, 13.4,
       12. ,  5. , 21. , 11.9, 17.1,  8.5, 20.5, 18.9, 19.8, 19.5, 50. ,
       32.2, 21.4, 21.7, 18.7, 20.8, 13.9, 21.8]), 'x_test': array([[6.56650e-01, 2.00000e+01, 3.97000e+00, 0.00000e+00, 6.47000e-01,
        6.84200e+00, 1.00000e+02, 2.01070e+00, 5.00000e+00, 2.64000e+02,
        1.30000e+01, 3.91930e+02, 6.90000e+00],
       [2.07162e+01, 0.00000e+00, 1.81000e+01, 0.00000e+00, 6.59000e-01,
        4.13800e+00, 1.00000e+02, 1.17810e+00, 2.40000e+01, 6.66000e+02,
        2.02000e+01, 3.70220e+02, 2.33400e+01],
       [5.70818e+00, 0.00000e+00, 1.81000e+01, 0.00000e+00, 5.32000e-01,
        6.75000e+00, 7.49000e+01, 3.33170e+00, 2.40000e+01, 6.66000e+02,
        2.02000e+01, 3.93070e+02, 7.74000e+00],
       [6.46600e-02, 7.00000e+01, 2.24000e+00, 0.00000e+00, 4.00000e-01,
        6.34500e+00, 2.01000e+01, 7.82780e+00, 5.00000e+00, 3.58000e+02,
        1.48000e+01, 3.68240e+02, 4.97000e+00],
       [5.58107e+00, 0.00000e+00, 1.81000e+01, 0.00000e+00, 7.13000e-01,
        6.43600e+00, 8.79000e+01, 2.31580e+00, 2.40000e+01, 6.66000e+02,
        2.02000e+01, 1.00190e+02, 1.62200e+01],
       [4.62960e-01, 0.00000e+00, 6.20000e+00, 0.00000e+00, 5.04000e-01,
        7.41200e+00, 7.69000e+01, 3.67150e+00, 8.00000e+00, 3.07000e+02,
        1.74000e+01, 3.76140e+02, 5.25000e+00],
       [1.25179e+00, 0.00000e+00, 8.14000e+00, 0.00000e+00, 5.38000e-01,
        5.57000e+00, 9.81000e+01, 3.79790e+00, 4.00000e+00, 3.07000e+02,
        2.10000e+01, 3.76570e+02, 2.10200e+01],
       [8.81250e-01, 0.00000e+00, 2.18900e+01, 0.00000e+00, 6.24000e-01,
        5.63700e+00, 9.47000e+01, 1.97990e+00, 4.00000e+00, 4.37000e+02,
        2.12000e+01, 3.96900e+02, 1.83400e+01],
       [6.61700e-02, 0.00000e+00, 3.24000e+00, 0.00000e+00, 4.60000e-01,
        5.86800e+00, 2.58000e+01, 5.21460e+00, 4.00000e+00, 4.30000e+02,
        1.69000e+01, 3.82440e+02, 9.97000e+00],
       [9.06500e-02, 2.00000e+01, 6.96000e+00, 1.00000e+00, 4.64000e-01,
        5.92000e+00, 6.15000e+01, 3.91750e+00, 3.00000e+00, 2.23000e+02,
        1.86000e+01, 3.91340e+02, 1.36500e+01],
       [7.95000e-02, 6.00000e+01, 1.69000e+00, 0.00000e+00, 4.11000e-01,
        6.57900e+00, 3.59000e+01, 1.07103e+01, 4.00000e+00, 4.11000e+02,
        1.83000e+01, 3.70780e+02, 5.49000e+00],
       [9.16400e-02, 0.00000e+00, 1.08100e+01, 0.00000e+00, 4.13000e-01,
        6.06500e+00, 7.80000e+00, 5.28730e+00, 4.00000e+00, 3.05000e+02,
        1.92000e+01, 3.90910e+02, 5.52000e+00],
       [2.68380e-01, 0.00000e+00, 9.69000e+00, 0.00000e+00, 5.85000e-01,
        5.79400e+00, 7.06000e+01, 2.89270e+00, 6.00000e+00, 3.91000e+02,
        1.92000e+01, 3.96900e+02, 1.41000e+01],
       [7.85700e-01, 2.00000e+01, 3.97000e+00, 0.00000e+00, 6.47000e-01,
        7.01400e+00, 8.46000e+01, 2.13290e+00, 5.00000e+00, 2.64000e+02,
        1.30000e+01, 3.84070e+02, 1.47900e+01],
       [5.37200e-02, 0.00000e+00, 1.39200e+01, 0.00000e+00, 4.37000e-01,
        6.54900e+00, 5.10000e+01, 5.96040e+00, 4.00000e+00, 2.89000e+02,
        1.60000e+01, 3.92850e+02, 7.39000e+00],
       [2.36862e+00, 0.00000e+00, 1.95800e+01, 0.00000e+00, 8.71000e-01,
        4.92600e+00, 9.57000e+01, 1.46080e+00, 5.00000e+00, 4.03000e+02,
        1.47000e+01, 3.91710e+02, 2.95300e+01],
       [8.52040e-01, 0.00000e+00, 8.14000e+00, 0.00000e+00, 5.38000e-01,
        5.96500e+00, 8.92000e+01, 4.01230e+00, 4.00000e+00, 3.07000e+02,
        2.10000e+01, 3.92530e+02, 1.38300e+01],
       [1.06120e-01, 3.00000e+01, 4.93000e+00, 0.00000e+00, 4.28000e-01,
        6.09500e+00, 6.51000e+01, 6.33610e+00, 6.00000e+00, 3.00000e+02,
        1.66000e+01, 3.94620e+02, 1.24000e+01],
       [1.06590e-01, 8.00000e+01, 1.91000e+00, 0.00000e+00, 4.13000e-01,
        5.93600e+00, 1.95000e+01, 1.05857e+01, 4.00000e+00, 3.34000e+02,
        2.20000e+01, 3.76040e+02, 5.57000e+00],
       [5.02300e-02, 3.50000e+01, 6.06000e+00, 0.00000e+00, 4.37900e-01,
        5.70600e+00, 2.84000e+01, 6.64070e+00, 1.00000e+00, 3.04000e+02,
        1.69000e+01, 3.94020e+02, 1.24300e+01],
       [2.86558e+01, 0.00000e+00, 1.81000e+01, 0.00000e+00, 5.97000e-01,
        5.15500e+00, 1.00000e+02, 1.58940e+00, 2.40000e+01, 6.66000e+02,
        2.02000e+01, 2.10970e+02, 2.00800e+01],
       [7.01300e-02, 0.00000e+00, 1.38900e+01, 0.00000e+00, 5.50000e-01,
        6.64200e+00, 8.51000e+01, 3.42110e+00, 5.00000e+00, 2.76000e+02,
        1.64000e+01, 3.92780e+02, 9.69000e+00],
       [1.00000e-01, 3.40000e+01, 6.09000e+00, 0.00000e+00, 4.33000e-01,
        6.98200e+00, 1.77000e+01, 5.49170e+00, 7.00000e+00, 3.29000e+02,
        1.61000e+01, 3.90430e+02, 4.86000e+00],
       [1.14250e-01, 0.00000e+00, 1.38900e+01, 1.00000e+00, 5.50000e-01,
        6.37300e+00, 9.24000e+01, 3.36330e+00, 5.00000e+00, 2.76000e+02,
        1.64000e+01, 3.93740e+02, 1.05000e+01],
       [9.84900e-02, 0.00000e+00, 2.56500e+01, 0.00000e+00, 5.81000e-01,
        5.87900e+00, 9.58000e+01, 2.00630e+00, 2.00000e+00, 1.88000e+02,
        1.91000e+01, 3.79380e+02, 1.75800e+01],
       [1.20482e+01, 0.00000e+00, 1.81000e+01, 0.00000e+00, 6.14000e-01,
        5.64800e+00, 8.76000e+01, 1.95120e+00, 2.40000e+01, 6.66000e+02,
        2.02000e+01, 2.91550e+02, 1.41000e+01],
       [1.14320e-01, 0.00000e+00, 8.56000e+00, 0.00000e+00, 5.20000e-01,
        6.78100e+00, 7.13000e+01, 2.85610e+00, 5.00000e+00, 3.84000e+02,
        2.09000e+01, 3.95580e+02, 7.67000e+00],
       [4.75470e-01, 0.00000e+00, 9.90000e+00, 0.00000e+00, 5.44000e-01,
        6.11300e+00, 5.88000e+01, 4.00190e+00, 4.00000e+00, 3.04000e+02,
        1.84000e+01, 3.96230e+02, 1.27300e+01],
       [5.34120e-01, 2.00000e+01, 3.97000e+00, 0.00000e+00, 6.47000e-01,
        7.52000e+00, 8.94000e+01, 2.13980e+00, 5.00000e+00, 2.64000e+02,
        1.30000e+01, 3.88370e+02, 7.26000e+00],
       [5.66637e+00, 0.00000e+00, 1.81000e+01, 0.00000e+00, 7.40000e-01,
        6.21900e+00, 1.00000e+02, 2.00480e+00, 2.40000e+01, 6.66000e+02,
        2.02000e+01, 3.95690e+02, 1.65900e+01],
       [8.87300e-02, 2.10000e+01, 5.64000e+00, 0.00000e+00, 4.39000e-01,
        5.96300e+00, 4.57000e+01, 6.81470e+00, 4.00000e+00, 2.43000e+02,
        1.68000e+01, 3.95560e+02, 1.34500e+01],
       [1.19294e+00, 0.00000e+00, 2.18900e+01, 0.00000e+00, 6.24000e-01,
        6.32600e+00, 9.77000e+01, 2.27100e+00, 4.00000e+00, 4.37000e+02,
        2.12000e+01, 3.96900e+02, 1.22600e+01],
       [1.11604e+01, 0.00000e+00, 1.81000e+01, 0.00000e+00, 7.40000e-01,
        6.62900e+00, 9.46000e+01, 2.12470e+00, 2.40000e+01, 6.66000e+02,
        2.02000e+01, 1.09850e+02, 2.32700e+01],
       [1.50234e+01, 0.00000e+00, 1.81000e+01, 0.00000e+00, 6.14000e-01,
        5.30400e+00, 9.73000e+01, 2.10070e+00, 2.40000e+01, 6.66000e+02,
        2.02000e+01, 3.49480e+02, 2.49100e+01],
       [3.83518e+01, 0.00000e+00, 1.81000e+01, 0.00000e+00, 6.93000e-01,
        5.45300e+00, 1.00000e+02, 1.48960e+00, 2.40000e+01, 6.66000e+02,
        2.02000e+01, 3.96900e+02, 3.05900e+01],
       [8.01400e-02, 0.00000e+00, 5.96000e+00, 0.00000e+00, 4.99000e-01,
        5.85000e+00, 4.15000e+01, 3.93420e+00, 5.00000e+00, 2.79000e+02,
        1.92000e+01, 3.96900e+02, 8.77000e+00],
       [4.74100e-02, 0.00000e+00, 1.19300e+01, 0.00000e+00, 5.73000e-01,
        6.03000e+00, 8.08000e+01, 2.50500e+00, 1.00000e+00, 2.73000e+02,
        2.10000e+01, 3.96900e+02, 7.88000e+00],
       [9.72418e+00, 0.00000e+00, 1.81000e+01, 0.00000e+00, 7.40000e-01,
        6.40600e+00, 9.72000e+01, 2.06510e+00, 2.40000e+01, 6.66000e+02,
        2.02000e+01, 3.85960e+02, 1.95200e+01],
       [7.67202e+00, 0.00000e+00, 1.81000e+01, 0.00000e+00, 6.93000e-01,
        5.74700e+00, 9.89000e+01, 1.63340e+00, 2.40000e+01, 6.66000e+02,
        2.02000e+01, 3.93100e+02, 1.99200e+01],
       [4.33700e-02, 2.10000e+01, 5.64000e+00, 0.00000e+00, 4.39000e-01,
        6.11500e+00, 6.30000e+01, 6.81470e+00, 4.00000e+00, 2.43000e+02,
        1.68000e+01, 3.93970e+02, 9.43000e+00],
       [1.70040e-01, 1.25000e+01, 7.87000e+00, 0.00000e+00, 5.24000e-01,
        6.00400e+00, 8.59000e+01, 6.59210e+00, 5.00000e+00, 3.11000e+02,
        1.52000e+01, 3.86710e+02, 1.71000e+01],
       [1.28020e-01, 0.00000e+00, 8.56000e+00, 0.00000e+00, 5.20000e-01,
        6.47400e+00, 9.71000e+01, 2.43290e+00, 5.00000e+00, 3.84000e+02,
        2.09000e+01, 3.95240e+02, 1.22700e+01],
       [6.65492e+00, 0.00000e+00, 1.81000e+01, 0.00000e+00, 7.13000e-01,
        6.31700e+00, 8.30000e+01, 2.73440e+00, 2.40000e+01, 6.66000e+02,
        2.02000e+01, 3.96900e+02, 1.39900e+01],
       [4.89822e+00, 0.00000e+00, 1.81000e+01, 0.00000e+00, 6.31000e-01,
        4.97000e+00, 1.00000e+02, 1.33250e+00, 2.40000e+01, 6.66000e+02,
        2.02000e+01, 3.75520e+02, 3.26000e+00],
       [9.06000e-03, 9.00000e+01, 2.97000e+00, 0.00000e+00, 4.00000e-01,
        7.08800e+00, 2.08000e+01, 7.30730e+00, 1.00000e+00, 2.85000e+02,
        1.53000e+01, 3.94720e+02, 7.85000e+00],
       [1.69020e-01, 0.00000e+00, 2.56500e+01, 0.00000e+00, 5.81000e-01,
        5.98600e+00, 8.84000e+01, 1.99290e+00, 2.00000e+00, 1.88000e+02,
        1.91000e+01, 3.85020e+02, 1.48100e+01],
       [4.07710e-01, 0.00000e+00, 6.20000e+00, 1.00000e+00, 5.07000e-01,
        6.16400e+00, 9.13000e+01, 3.04800e+00, 8.00000e+00, 3.07000e+02,
        1.74000e+01, 3.95240e+02, 2.14600e+01],
       [2.22120e-01, 0.00000e+00, 1.00100e+01, 0.00000e+00, 5.47000e-01,
        6.09200e+00, 9.54000e+01, 2.54800e+00, 6.00000e+00, 4.32000e+02,
        1.78000e+01, 3.96900e+02, 1.70900e+01],
       [3.67822e+00, 0.00000e+00, 1.81000e+01, 0.00000e+00, 7.70000e-01,
        5.36200e+00, 9.62000e+01, 2.10360e+00, 2.40000e+01, 6.66000e+02,
        2.02000e+01, 3.80790e+02, 1.01900e+01],
       [8.40540e-01, 0.00000e+00, 8.14000e+00, 0.00000e+00, 5.38000e-01,
        5.59900e+00, 8.57000e+01, 4.45460e+00, 4.00000e+00, 3.07000e+02,
        2.10000e+01, 3.03420e+02, 1.65100e+01],
       [1.73310e-01, 0.00000e+00, 9.69000e+00, 0.00000e+00, 5.85000e-01,
        5.70700e+00, 5.40000e+01, 2.38170e+00, 6.00000e+00, 3.91000e+02,
        1.92000e+01, 3.96900e+02, 1.20100e+01]]), 'y_train': array([24. , 21.6, 34.7, 33.4, 36.2, 28.7, 22.9, 27.1, 16.5, 15. , 18.9,
       21.7, 20.4, 18.2, 19.9, 23.1, 17.5, 20.2, 18.2, 15.2, 14.5, 15.6,
       16.6, 14.8, 18.4, 21. , 12.7, 14.5, 13.2, 13.1, 13.5, 18.9, 20. ,
       24.7, 30.8, 34.9, 26.6, 25.3, 24.7, 21.2, 19.3, 20. , 16.6, 14.4,
       19.4, 25. , 23.4, 18.9, 35.4, 24.7, 31.6, 23.3, 19.6, 18.7, 16. ,
       22.2, 25. , 33. , 23.5, 19.4, 22. , 17.4, 20.9, 24.2, 21.7, 23.4,
       24.1, 21.4, 20. , 20.8, 21.2, 20.3, 28. , 23.9, 24.8, 22.9, 23.9,
       26.6, 22.5, 22.2, 23.6, 28.7, 22.6, 22. , 22.9, 25. , 20.6, 28.4,
       21.4, 38.7, 43.8, 33.2, 27.5, 18.6, 19.3, 20.1, 19.5, 19.5, 20.4,
       19.4, 21.7, 22.8, 18.8, 18.5, 18.3, 21.2, 19.2, 20.4, 19.3, 22. ,
       20.3, 20.5, 17.3, 15.7, 16.2, 18. , 19.2, 23. , 18.4, 15.6, 18.1,
       17.4, 17.1, 13.3, 17.8, 14. , 14.4, 13.4, 15.6, 11.8, 13.8, 15.6,
       17.8, 15.4, 21.5, 19.6, 15.3, 19.4, 17. , 15.6, 13.1, 41.3, 24.3,
       23.3, 27. , 50. , 50. , 50. , 22.7, 25. , 50. , 23.8, 23.8, 22.3,
       17.4, 19.1, 23.1, 23.6, 22.6, 29.4, 23.2, 24.6, 29.9, 37.2, 39.8,
       36.2, 37.9, 32.5, 26.4, 29.6, 50. , 32. , 29.8, 34.9, 37. , 30.5,
       36.4, 31.1, 29.1, 50. , 33.3, 30.3, 34.6, 34.9, 32.9, 24.1, 42.3,
       48.5, 50. , 22.6, 24.4, 22.5, 24.4, 20. , 21.7, 19.3, 22.4, 28.1,
       23.7, 25. , 23.3, 21.5, 26.7, 27.5, 30.1, 44.8, 50. , 37.6, 31.6,
       46.7, 31.5, 24.3, 41.7, 48.3, 29. , 24. , 25.1, 31.5, 23.7, 23.3,
       22. , 22.2, 23.7, 17.6, 18.5, 24.3, 20.5, 24.5, 26.2, 24.4, 24.8,
       29.6, 42.8, 21.9, 20.9, 44. , 50. , 36. , 33.8, 48.8, 31. , 36.5,
       22.8, 50. , 43.5, 21.1, 25.2, 24.4, 35.2, 32.4, 32. , 33.2, 33.1,
       29.1, 35.1, 45.4, 35.4, 46. , 50. , 22. , 20.1, 23.2, 22.3, 24.8,
       28.5, 37.3, 27.9, 23.9, 21.7, 28.6, 20.3, 29. , 24.8, 22. , 26.4,
       36.1, 28.4, 33.4, 28.2, 22.8, 20.3, 16.1, 22.1, 19.4, 21.6, 23.8,
       16.2, 17.8, 19.8, 23.1, 23.8, 23.1, 20.4, 18.5, 25. , 24.6, 23. ,
       22.2, 22.6, 19.8, 19.4, 22.2, 20.7, 21.1, 19.5, 18.5, 20.6, 19. ,
       18.7, 32.7, 16.5, 23.9, 31.2, 17.5, 17.2, 23.1, 24.5, 26.6, 22.9,
       18.6, 30.1, 18.2, 17.8, 21.7, 22.7, 22.6, 25. , 19.9, 16.8, 21.9,
       27.5, 21.9, 23.1, 50. , 50. , 50. , 50. , 13.8, 13.8, 15. , 13.9,
       13.3, 13.1, 10.2, 10.4, 10.9, 11.3, 12.3,  8.8,  7.2, 10.5,  7.4,
       10.2, 11.5, 15.1, 23.2,  9.7, 13.8, 12.7, 13.1, 12.5,  6.3,  5.6,
        7.2, 12.1,  8.3,  8.5,  5. , 27.9, 17.2, 27.5, 15. , 17.2, 17.9,
        7. ,  7.2,  7.5, 10.4,  8.8,  8.4, 16.7, 14.2, 13.4, 11.7,  8.3,
       10.2, 10.9, 11. ,  9.5, 14.5, 14.1, 16.1, 11.7,  9.6,  8.7,  8.4,
       12.8, 10.5, 15.4, 10.8, 11.8, 14.9, 12.6, 14.1, 13. , 13.4, 15.2,
       16.1, 17.8, 14.9, 14.1, 12.7, 13.5, 14.9, 20. , 16.4, 17.7, 20.2,
       21.4, 19.9, 19. , 19.1, 19.1, 20.1, 19.9, 19.6, 23.2, 29.8, 13.8,
       13.3, 16.7, 14.6, 21.4, 23. , 25. , 21.8, 20.6, 21.2, 19.1, 20.6,
       15.2,  7. ,  8.1, 13.6, 20.1, 24.5, 23.1, 19.7, 21.2, 17.5, 16.8,
       22.4, 20.6, 23.9, 22. ]), 'x_train': array([[6.3200e-03, 1.8000e+01, 2.3100e+00, ..., 1.5300e+01, 3.9690e+02,
        4.9800e+00],
       [2.7310e-02, 0.0000e+00, 7.0700e+00, ..., 1.7800e+01, 3.9690e+02,
        9.1400e+00],
       [2.7290e-02, 0.0000e+00, 7.0700e+00, ..., 1.7800e+01, 3.9283e+02,
        4.0300e+00],
       ...,
       [4.5270e-02, 0.0000e+00, 1.1930e+01, ..., 2.1000e+01, 3.9690e+02,
        9.0800e+00],
       [6.0760e-02, 0.0000e+00, 1.1930e+01, ..., 2.1000e+01, 3.9690e+02,
        5.6400e+00],
       [1.0959e-01, 0.0000e+00, 1.1930e+01, ..., 2.1000e+01, 3.9345e+02,
        6.4800e+00]]), 'packages': [['atomicwrites', '1.1.5'], ['attrs', '18.1.0'], ['backcall', '0.1.0'], ['coverage', '4.5.1'], ['cycler', '0.10.0'], ['decorator', '4.3.0'], ['docopt', '0.6.2'], ['hashfs', '0.7.0'], ['hypothesis', '3.57.0'], ['ipykernel', '4.8.2'], ['ipython', '6.4.0'], ['ipython-genutils', '0.2.0'], ['jedi', '0.12.0'], ['jsonpickle', '0.9.6'], ['jsonschema', '2.6.0'], ['jupyter-client', '5.2.3'], ['jupyter-core', '4.4.0'], ['kiwisolver', '1.0.1'], ['Lasagne', '0.1'], ['matplotlib', '2.2.2'], ['more-itertools', '4.2.0'], ['mpmath', '1.0.0'], ['munch', '2.3.2'], ['nbformat', '4.4.0'], ['nbval', '0.9.1'], ['numpy', '1.14.3'], ['pandas', '0.23.0'], ['parso', '0.2.1'], ['pexpect', '4.6.0'], ['pickleshare', '0.7.4'], ['Pillow', '5.1.0'], ['pip', '10.0.1'], ['pkg-resources', '0.0.0'], ['pluggy', '0.6.0'], ['prompt-toolkit', '1.0.15'], ['ptyprocess', '0.5.2'], ['py', '1.5.3'], ['py-cpuinfo', '4.0.0'], ['Pygments', '2.2.0'], ['pymongo', '3.6.1'], ['pyparsing', '2.2.0'], ['pysgmcmc', '0.0.1'], ['pytest', '3.6.0'], ['python-dateutil', '2.7.3'], ['pytz', '2018.4'], ['pyzmq', '17.0.0'], ['sacred', '0.7.3'], ['scandir', '1.7'], ['scikit-learn', '0.19.1'], ['scipy', '1.1.0'], ['seaborn', '0.8.1'], ['setuptools', '39.2.0'], ['simplegeneric', '0.8.1'], ['six', '1.11.0'], ['SQLAlchemy', '1.2.8'], ['sympy', '1.1.1'], ['Theano', '0.8.0'], ['tinydb', '3.9.0.post1'], ['tinydb-serialization', '1.0.4'], ['torch', '0.4.0'], ['torchvision', '0.2.1'], ['tornado', '5.0.2'], ['tqdm', '4.23.4'], ['traitlets', '4.3.2'], ['wcwidth', '0.1.7'], ['wheel', '0.31.1'], ['wrapt', '1.10.11']], 'prediction_mean': array([32.817375, 11.382509, 26.899744, 22.598818, 14.691428, 33.47239 ,
       13.260408, 15.527234, 18.768082, 20.20052 , 24.217783, 22.754738,
       18.078331, 26.70895 , 25.746094, 13.898365, 17.315283, 20.4012  ,
       19.699335, 16.58716 , 13.210679, 27.135092, 35.21228 , 24.36148 ,
       19.15749 , 19.112862, 27.759647, 22.457363, 40.419655, 13.311555,
       17.68821 , 21.45051 , 11.28706 , 11.394356,  7.227042, 21.022459,
       19.750292, 13.104106, 13.512386, 20.164415, 17.873058, 22.728388,
       19.057297, 43.34176 , 33.14817 , 20.557299, 24.481918, 20.112564,
       24.990301, 13.234681, 20.012636], dtype=float32), 'prediction_std': array([0.5653919 , 0.6615269 , 0.45383948, 0.64209056, 0.60405445,
       0.6309969 , 0.4770489 , 0.54364234, 0.32803282, 0.63313526,
       0.74742347, 0.42294842, 0.5010208 , 1.6214513 , 0.39239833,
       0.4314969 , 0.44689965, 0.58635247, 0.39682394, 0.6757592 ,
       1.7029469 , 0.9477535 , 0.6670217 , 0.6986832 , 0.6200528 ,
       1.2468385 , 0.577252  , 0.40222505, 1.1952816 , 0.77473414,
       0.72006583, 0.5740948 , 0.48481706, 0.6378192 , 0.56962806,
       0.44977856, 0.45255268, 0.77440006, 0.5482076 , 0.8688722 ,
       1.4377462 , 0.75137186, 0.713257  , 2.943085  , 0.7888351 ,
       0.4053544 , 0.75537664, 0.5738563 , 0.5481894 , 0.59344226,
       0.39321837], dtype=float32)}
INFO - BNN_UCI - Completed after 0:01:23
