INFO - BNN_UCI - Running command 'fit_bnn'
INFO - BNN_UCI - Started run with ID "299"
/home/freidanm/repos/pytorch_experiments/experiments_env/src/pysgmcmc/pysgmcmc/data/datasets.py:14: FutureWarning: Method .as_matrix will be removed in a future version. Use .values instead.
  x_train = train_data.as_matrix(feature_columns)
/home/freidanm/repos/pytorch_experiments/experiments_env/src/pysgmcmc/pysgmcmc/data/datasets.py:15: FutureWarning: Method .as_matrix will be removed in a future version. Use .values instead.
  y_train = train_data[label_column].as_matrix()
/home/freidanm/repos/pytorch_experiments/experiments_env/src/pysgmcmc/pysgmcmc/data/datasets.py:17: FutureWarning: Method .as_matrix will be removed in a future version. Use .values instead.
  x_test = test_data.as_matrix(feature_columns)
/home/freidanm/repos/pytorch_experiments/experiments_env/src/pysgmcmc/pysgmcmc/data/datasets.py:18: FutureWarning: Method .as_matrix will be removed in a future version. Use .values instead.
  y_test = test_data[label_column].as_matrix()
INFO - root - Performing 15000 iterations
INFO - BNN_UCI - Result: {'y_test': array([20.3, 36.2, 16.3, 19.6, 19.4, 26.4, 20.4, 34.6, 11.8, 50. , 22.8,
       24.8, 45.4, 20.6, 27.1, 46.7, 20.8, 14. , 13.8, 24.1, 34.9, 34.9,
        8.7, 16.6, 19.6, 23.9,  8.1, 13.4, 20.6, 29.9, 50. , 20. , 21. ,
       21.5, 13.1, 15.1, 24.8, 16.4, 20.8, 28.7, 50. , 28. , 25.2, 13.8,
       22.8, 17.6, 17.7, 28.7, 30.5, 10.4, 22.5]), 'x_test': array([[8.38700e-02, 0.00000e+00, 1.28300e+01, 0.00000e+00, 4.37000e-01,
        5.87400e+00, 3.66000e+01, 4.50260e+00, 5.00000e+00, 3.98000e+02,
        1.87000e+01, 3.96060e+02, 9.10000e+00],
       [6.90500e-02, 0.00000e+00, 2.18000e+00, 0.00000e+00, 4.58000e-01,
        7.14700e+00, 5.42000e+01, 6.06220e+00, 3.00000e+00, 2.22000e+02,
        1.87000e+01, 3.96900e+02, 5.33000e+00],
       [2.86558e+01, 0.00000e+00, 1.81000e+01, 0.00000e+00, 5.97000e-01,
        5.15500e+00, 1.00000e+02, 1.58940e+00, 2.40000e+01, 6.66000e+02,
        2.02000e+01, 2.10970e+02, 2.00800e+01],
       [1.03280e-01, 2.50000e+01, 5.13000e+00, 0.00000e+00, 4.53000e-01,
        5.92700e+00, 4.72000e+01, 6.93200e+00, 8.00000e+00, 2.84000e+02,
        1.97000e+01, 3.96900e+02, 9.22000e+00],
       [2.61690e-01, 0.00000e+00, 9.90000e+00, 0.00000e+00, 5.44000e-01,
        6.02300e+00, 9.04000e+01, 2.83400e+00, 4.00000e+00, 3.04000e+02,
        1.84000e+01, 3.96300e+02, 1.17200e+01],
       [9.26600e-02, 3.40000e+01, 6.09000e+00, 0.00000e+00, 4.33000e-01,
        6.49500e+00, 1.84000e+01, 5.49170e+00, 7.00000e+00, 3.29000e+02,
        1.61000e+01, 3.83610e+02, 8.67000e+00],
       [3.51140e-01, 0.00000e+00, 7.38000e+00, 0.00000e+00, 4.93000e-01,
        6.04100e+00, 4.99000e+01, 4.72110e+00, 5.00000e+00, 2.87000e+02,
        1.96000e+01, 3.96900e+02, 7.70000e+00],
       [3.76800e-02, 8.00000e+01, 1.52000e+00, 0.00000e+00, 4.04000e-01,
        7.27400e+00, 3.83000e+01, 7.30900e+00, 2.00000e+00, 3.29000e+02,
        1.26000e+01, 3.92200e+02, 6.62000e+00],
       [1.06718e+01, 0.00000e+00, 1.81000e+01, 0.00000e+00, 7.40000e-01,
        6.45900e+00, 9.48000e+01, 1.98790e+00, 2.40000e+01, 6.66000e+02,
        2.02000e+01, 4.30600e+01, 2.39800e+01],
       [9.23230e+00, 0.00000e+00, 1.81000e+01, 0.00000e+00, 6.31000e-01,
        6.21600e+00, 1.00000e+02, 1.16910e+00, 2.40000e+01, 6.66000e+02,
        2.02000e+01, 3.66150e+02, 9.53000e+00],
       [9.16400e-02, 0.00000e+00, 1.08100e+01, 0.00000e+00, 4.13000e-01,
        6.06500e+00, 7.80000e+00, 5.28730e+00, 4.00000e+00, 3.05000e+02,
        1.92000e+01, 3.90910e+02, 5.52000e+00],
       [2.14090e-01, 2.20000e+01, 5.86000e+00, 0.00000e+00, 4.31000e-01,
        6.43800e+00, 8.90000e+00, 7.39670e+00, 7.00000e+00, 3.30000e+02,
        1.91000e+01, 3.77070e+02, 3.59000e+00],
       [3.57800e-02, 2.00000e+01, 3.33000e+00, 0.00000e+00, 4.42900e-01,
        7.82000e+00, 6.45000e+01, 4.69470e+00, 5.00000e+00, 2.16000e+02,
        1.49000e+01, 3.87310e+02, 3.76000e+00],
       [4.29400e-02, 2.80000e+01, 1.50400e+01, 0.00000e+00, 4.64000e-01,
        6.24900e+00, 7.73000e+01, 3.61500e+00, 4.00000e+00, 2.70000e+02,
        1.82000e+01, 3.96900e+02, 1.05900e+01],
       [1.44550e-01, 1.25000e+01, 7.87000e+00, 0.00000e+00, 5.24000e-01,
        6.17200e+00, 9.61000e+01, 5.95050e+00, 5.00000e+00, 3.11000e+02,
        1.52000e+01, 3.96900e+02, 1.91500e+01],
       [2.98190e-01, 0.00000e+00, 6.20000e+00, 0.00000e+00, 5.04000e-01,
        7.68600e+00, 1.70000e+01, 3.37510e+00, 8.00000e+00, 3.07000e+02,
        1.74000e+01, 3.77510e+02, 3.92000e+00],
       [3.67822e+00, 0.00000e+00, 1.81000e+01, 0.00000e+00, 7.70000e-01,
        5.36200e+00, 9.62000e+01, 2.10360e+00, 2.40000e+01, 6.66000e+02,
        2.02000e+01, 3.80790e+02, 1.01900e+01],
       [2.90900e-01, 0.00000e+00, 2.18900e+01, 0.00000e+00, 6.24000e-01,
        6.17400e+00, 9.36000e+01, 1.61190e+00, 4.00000e+00, 4.37000e+02,
        2.12000e+01, 3.88080e+02, 2.41600e+01],
       [8.05579e+00, 0.00000e+00, 1.81000e+01, 0.00000e+00, 5.84000e-01,
        5.42700e+00, 9.54000e+01, 2.42980e+00, 2.40000e+01, 6.66000e+02,
        2.02000e+01, 3.52580e+02, 1.81400e+01],
       [7.95000e-02, 6.00000e+01, 1.69000e+00, 0.00000e+00, 4.11000e-01,
        6.57900e+00, 3.59000e+01, 1.07103e+01, 4.00000e+00, 4.11000e+02,
        1.83000e+01, 3.70780e+02, 5.49000e+00],
       [3.35900e-02, 7.50000e+01, 2.95000e+00, 0.00000e+00, 4.28000e-01,
        7.02400e+00, 1.58000e+01, 5.40110e+00, 3.00000e+00, 2.52000e+02,
        1.83000e+01, 3.95620e+02, 1.98000e+00],
       [3.15000e-02, 9.50000e+01, 1.47000e+00, 0.00000e+00, 4.03000e-01,
        6.97500e+00, 1.53000e+01, 7.65340e+00, 3.00000e+00, 4.02000e+02,
        1.70000e+01, 3.96900e+02, 4.56000e+00],
       [1.51772e+01, 0.00000e+00, 1.81000e+01, 0.00000e+00, 7.40000e-01,
        6.15200e+00, 1.00000e+02, 1.91420e+00, 2.40000e+01, 6.66000e+02,
        2.02000e+01, 9.32000e+00, 2.64500e+01],
       [6.71910e-01, 0.00000e+00, 8.14000e+00, 0.00000e+00, 5.38000e-01,
        5.81300e+00, 9.03000e+01, 4.68200e+00, 4.00000e+00, 3.07000e+02,
        2.10000e+01, 3.76880e+02, 1.48100e+01],
       [1.19294e+00, 0.00000e+00, 2.18900e+01, 0.00000e+00, 6.24000e-01,
        6.32600e+00, 9.77000e+01, 2.27100e+00, 4.00000e+00, 4.37000e+02,
        2.12000e+01, 3.96900e+02, 1.22600e+01],
       [6.07600e-02, 0.00000e+00, 1.19300e+01, 0.00000e+00, 5.73000e-01,
        6.97600e+00, 9.10000e+01, 2.16750e+00, 1.00000e+00, 2.73000e+02,
        2.10000e+01, 3.96900e+02, 5.64000e+00],
       [2.07460e-01, 0.00000e+00, 2.77400e+01, 0.00000e+00, 6.09000e-01,
        5.09300e+00, 9.80000e+01, 1.82260e+00, 4.00000e+00, 7.11000e+02,
        2.01000e+01, 3.18430e+02, 2.96800e+01],
       [1.11604e+01, 0.00000e+00, 1.81000e+01, 0.00000e+00, 7.40000e-01,
        6.62900e+00, 9.46000e+01, 2.12470e+00, 2.40000e+01, 6.66000e+02,
        2.02000e+01, 1.09850e+02, 2.32700e+01],
       [1.06590e-01, 8.00000e+01, 1.91000e+00, 0.00000e+00, 4.13000e-01,
        5.93600e+00, 1.95000e+01, 1.05857e+01, 4.00000e+00, 3.34000e+02,
        2.20000e+01, 3.76040e+02, 5.57000e+00],
       [6.64200e-02, 0.00000e+00, 4.05000e+00, 0.00000e+00, 5.10000e-01,
        6.86000e+00, 7.44000e+01, 2.91530e+00, 5.00000e+00, 2.96000e+02,
        1.66000e+01, 3.91270e+02, 6.92000e+00],
       [2.00900e-02, 9.50000e+01, 2.68000e+00, 0.00000e+00, 4.16100e-01,
        8.03400e+00, 3.19000e+01, 5.11800e+00, 4.00000e+00, 2.24000e+02,
        1.47000e+01, 3.90550e+02, 2.88000e+00],
       [6.80117e+00, 0.00000e+00, 1.81000e+01, 0.00000e+00, 7.13000e-01,
        6.08100e+00, 8.44000e+01, 2.71750e+00, 2.40000e+01, 6.66000e+02,
        2.02000e+01, 3.96900e+02, 1.47000e+01],
       [4.75470e-01, 0.00000e+00, 9.90000e+00, 0.00000e+00, 5.44000e-01,
        6.11300e+00, 5.88000e+01, 4.00190e+00, 4.00000e+00, 3.04000e+02,
        1.84000e+01, 3.96230e+02, 1.27300e+01],
       [1.10690e-01, 0.00000e+00, 1.38900e+01, 1.00000e+00, 5.50000e-01,
        5.95100e+00, 9.38000e+01, 2.88930e+00, 5.00000e+00, 2.76000e+02,
        1.64000e+01, 3.96900e+02, 1.79200e+01],
       [2.44668e+00, 0.00000e+00, 1.95800e+01, 0.00000e+00, 8.71000e-01,
        5.27200e+00, 9.40000e+01, 1.73640e+00, 5.00000e+00, 4.03000e+02,
        1.47000e+01, 8.86300e+01, 1.61400e+01],
       [6.96215e+00, 0.00000e+00, 1.81000e+01, 0.00000e+00, 7.00000e-01,
        5.71300e+00, 9.70000e+01, 1.92650e+00, 2.40000e+01, 6.66000e+02,
        2.02000e+01, 3.94430e+02, 1.71100e+01],
       [4.29700e-02, 5.25000e+01, 5.32000e+00, 0.00000e+00, 4.05000e-01,
        6.56500e+00, 2.29000e+01, 7.31720e+00, 6.00000e+00, 2.93000e+02,
        1.66000e+01, 3.71720e+02, 9.51000e+00],
       [4.81213e+00, 0.00000e+00, 1.81000e+01, 0.00000e+00, 7.13000e-01,
        6.70100e+00, 9.00000e+01, 2.59750e+00, 2.40000e+01, 6.66000e+02,
        2.02000e+01, 2.55230e+02, 1.64200e+01],
       [8.70700e-02, 0.00000e+00, 1.28300e+01, 0.00000e+00, 4.37000e-01,
        6.14000e+00, 4.58000e+01, 4.09050e+00, 5.00000e+00, 3.98000e+02,
        1.87000e+01, 3.86960e+02, 1.02700e+01],
       [7.01300e-02, 0.00000e+00, 1.38900e+01, 0.00000e+00, 5.50000e-01,
        6.64200e+00, 8.51000e+01, 3.42110e+00, 5.00000e+00, 2.76000e+02,
        1.64000e+01, 3.92780e+02, 9.69000e+00],
       [5.66998e+00, 0.00000e+00, 1.81000e+01, 1.00000e+00, 6.31000e-01,
        6.68300e+00, 9.68000e+01, 1.35670e+00, 2.40000e+01, 6.66000e+02,
        2.02000e+01, 3.75330e+02, 3.73000e+00],
       [4.11300e-02, 2.50000e+01, 4.86000e+00, 0.00000e+00, 4.26000e-01,
        6.72700e+00, 3.35000e+01, 5.40070e+00, 4.00000e+00, 2.81000e+02,
        1.90000e+01, 3.96900e+02, 5.29000e+00],
       [1.62110e-01, 2.00000e+01, 6.96000e+00, 0.00000e+00, 4.64000e-01,
        6.24000e+00, 1.63000e+01, 4.42900e+00, 3.00000e+00, 2.23000e+02,
        1.86000e+01, 3.96900e+02, 6.59000e+00],
       [1.11081e+01, 0.00000e+00, 1.81000e+01, 0.00000e+00, 6.68000e-01,
        4.90600e+00, 1.00000e+02, 1.17420e+00, 2.40000e+01, 6.66000e+02,
        2.02000e+01, 3.96900e+02, 3.47700e+01],
       [1.00840e-01, 0.00000e+00, 1.00100e+01, 0.00000e+00, 5.47000e-01,
        6.71500e+00, 8.16000e+01, 2.67750e+00, 6.00000e+00, 4.32000e+02,
        1.78000e+01, 3.95590e+02, 1.01600e+01],
       [2.06080e-01, 2.20000e+01, 5.86000e+00, 0.00000e+00, 4.31000e-01,
        5.59300e+00, 7.65000e+01, 7.95490e+00, 7.00000e+00, 3.30000e+02,
        1.91000e+01, 3.72490e+02, 1.25000e+01],
       [3.69311e+00, 0.00000e+00, 1.81000e+01, 0.00000e+00, 7.13000e-01,
        6.37600e+00, 8.84000e+01, 2.56710e+00, 2.40000e+01, 6.66000e+02,
        2.02000e+01, 3.91430e+02, 1.46500e+01],
       [5.30200e-02, 0.00000e+00, 3.41000e+00, 0.00000e+00, 4.89000e-01,
        7.07900e+00, 6.31000e+01, 3.41450e+00, 2.00000e+00, 2.70000e+02,
        1.78000e+01, 3.96060e+02, 5.70000e+00],
       [6.91100e-02, 4.50000e+01, 3.44000e+00, 0.00000e+00, 4.37000e-01,
        6.73900e+00, 3.08000e+01, 6.47980e+00, 5.00000e+00, 3.98000e+02,
        1.52000e+01, 3.89710e+02, 4.69000e+00],
       [8.89762e+01, 0.00000e+00, 1.81000e+01, 0.00000e+00, 6.71000e-01,
        6.96800e+00, 9.19000e+01, 1.41650e+00, 2.40000e+01, 6.66000e+02,
        2.02000e+01, 3.96900e+02, 1.72100e+01],
       [2.51990e-01, 0.00000e+00, 1.05900e+01, 0.00000e+00, 4.89000e-01,
        5.78300e+00, 7.27000e+01, 4.35490e+00, 4.00000e+00, 2.77000e+02,
        1.86000e+01, 3.89430e+02, 1.80600e+01]]), 'y_train': array([24. , 21.6, 34.7, 33.4, 28.7, 22.9, 16.5, 18.9, 15. , 18.9, 21.7,
       20.4, 18.2, 19.9, 23.1, 17.5, 20.2, 18.2, 13.6, 19.6, 15.2, 14.5,
       15.6, 13.9, 14.8, 18.4, 21. , 12.7, 14.5, 13.2, 13.1, 13.5, 18.9,
       20. , 21. , 24.7, 30.8, 26.6, 25.3, 24.7, 21.2, 19.3, 20. , 16.6,
       14.4, 19.4, 19.7, 20.5, 25. , 23.4, 18.9, 35.4, 24.7, 31.6, 23.3,
       18.7, 16. , 22.2, 25. , 33. , 23.5, 19.4, 22. , 17.4, 20.9, 24.2,
       21.7, 23.4, 24.1, 21.4, 20. , 21.2, 23.9, 24.8, 22.9, 23.9, 26.6,
       22.5, 22.2, 23.6, 22.6, 22. , 22.9, 25. , 28.4, 21.4, 38.7, 43.8,
       33.2, 27.5, 26.5, 18.6, 19.3, 20.1, 19.5, 19.5, 20.4, 19.8, 19.4,
       21.7, 18.8, 18.7, 18.5, 18.3, 21.2, 19.2, 20.4, 19.3, 22. , 20.3,
       20.5, 17.3, 18.8, 21.4, 15.7, 16.2, 18. , 14.3, 19.2, 23. , 18.4,
       15.6, 18.1, 17.4, 17.1, 13.3, 17.8, 14.4, 13.4, 15.6, 11.8, 13.8,
       15.6, 14.6, 17.8, 15.4, 21.5, 19.6, 15.3, 19.4, 17. , 15.6, 41.3,
       24.3, 23.3, 27. , 50. , 50. , 50. , 22.7, 25. , 50. , 23.8, 23.8,
       22.3, 17.4, 19.1, 23.1, 23.6, 22.6, 29.4, 23.2, 24.6, 37.2, 39.8,
       36.2, 37.9, 32.5, 26.4, 29.6, 50. , 32. , 29.8, 34.9, 37. , 36.4,
       31.1, 29.1, 50. , 33.3, 30.3, 32.9, 24.1, 42.3, 48.5, 22.6, 24.4,
       24.4, 20. , 21.7, 19.3, 22.4, 28.1, 23.7, 25. , 23.3, 23. , 26.7,
       21.7, 27.5, 30.1, 44.8, 50. , 37.6, 31.6, 31.5, 24.3, 31.7, 41.7,
       48.3, 29. , 24. , 25.1, 31.5, 23.7, 23.3, 22. , 20.1, 22.2, 23.7,
       18.5, 24.3, 20.5, 24.5, 26.2, 24.4, 29.6, 42.8, 21.9, 20.9, 44. ,
       50. , 36. , 30.1, 33.8, 43.1, 48.8, 31. , 36.5, 22.8, 30.7, 50. ,
       43.5, 20.7, 21.1, 24.4, 35.2, 32.4, 32. , 33.2, 33.1, 29.1, 35.1,
       35.4, 46. , 50. , 32.2, 22. , 20.1, 23.2, 22.3, 28.5, 37.3, 27.9,
       23.9, 21.7, 28.6, 27.1, 20.3, 22.5, 29. , 24.8, 22. , 33.1, 36.1,
       28.4, 33.4, 28.2, 22.8, 20.3, 16.1, 22.1, 21.6, 23.8, 16.2, 17.8,
       19.8, 23.1, 23.8, 23.1, 18.5, 25. , 24.6, 23. , 22.2, 19.3, 22.6,
       19.8, 17.1, 19.4, 22.2, 20.7, 21.1, 19.5, 18.5, 20.6, 19. , 18.7,
       32.7, 16.5, 23.9, 31.2, 17.5, 17.2, 23.1, 24.5, 26.6, 22.9, 18.6,
       30.1, 18.2, 17.8, 21.7, 22.7, 22.6, 25. , 19.9, 16.8, 21.9, 27.5,
       21.9, 23.1, 50. , 50. , 50. , 13.8, 15. , 13.9, 13.3, 13.1, 10.2,
       10.9, 11.3, 12.3,  8.8,  7.2, 10.5,  7.4, 10.2, 11.5, 23.2,  9.7,
       13.8, 12.7, 13.1, 12.5,  8.5,  5. ,  6.3,  5.6,  7.2, 12.1,  8.3,
        8.5,  5. , 11.9, 27.9, 17.2, 27.5, 15. , 17.2, 17.9,  7. ,  7.2,
        7.5, 10.4,  8.8,  8.4, 16.7, 14.2, 20.8, 13.4, 11.7,  8.3, 10.2,
       10.9, 11. ,  9.5, 14.5, 14.1, 16.1, 14.3, 11.7,  9.6,  8.4, 12.8,
       10.5, 17.1, 18.4, 15.4, 10.8, 14.9, 12.6, 14.1, 13. , 13.4, 15.2,
       16.1, 17.8, 14.9, 14.1, 12.7, 13.5, 14.9, 19.5, 20.2, 21.4, 19.9,
       19. , 19.1, 19.1, 20.1, 19.9, 19.6, 23.2, 29.8, 13.3, 16.7, 12. ,
       14.6, 21.4, 23. , 23.7, 25. , 21.8, 20.6, 21.2, 19.1, 20.6, 15.2,
        7. , 13.6, 20.1, 21.8, 24.5, 23.1, 19.7, 18.3, 21.2, 17.5, 16.8,
       22.4, 20.6, 22. , 11.9]), 'x_train': array([[6.3200e-03, 1.8000e+01, 2.3100e+00, ..., 1.5300e+01, 3.9690e+02,
        4.9800e+00],
       [2.7310e-02, 0.0000e+00, 7.0700e+00, ..., 1.7800e+01, 3.9690e+02,
        9.1400e+00],
       [2.7290e-02, 0.0000e+00, 7.0700e+00, ..., 1.7800e+01, 3.9283e+02,
        4.0300e+00],
       ...,
       [4.5270e-02, 0.0000e+00, 1.1930e+01, ..., 2.1000e+01, 3.9690e+02,
        9.0800e+00],
       [1.0959e-01, 0.0000e+00, 1.1930e+01, ..., 2.1000e+01, 3.9345e+02,
        6.4800e+00],
       [4.7410e-02, 0.0000e+00, 1.1930e+01, ..., 2.1000e+01, 3.9690e+02,
        7.8800e+00]]), 'packages': [['atomicwrites', '1.1.5'], ['attrs', '18.1.0'], ['backcall', '0.1.0'], ['coverage', '4.5.1'], ['cycler', '0.10.0'], ['decorator', '4.3.0'], ['docopt', '0.6.2'], ['hashfs', '0.7.0'], ['hypothesis', '3.57.0'], ['ipykernel', '4.8.2'], ['ipython', '6.4.0'], ['ipython-genutils', '0.2.0'], ['jedi', '0.12.0'], ['jsonpickle', '0.9.6'], ['jsonschema', '2.6.0'], ['jupyter-client', '5.2.3'], ['jupyter-core', '4.4.0'], ['kiwisolver', '1.0.1'], ['Lasagne', '0.1'], ['matplotlib', '2.2.2'], ['more-itertools', '4.2.0'], ['mpmath', '1.0.0'], ['munch', '2.3.2'], ['nbformat', '4.4.0'], ['nbval', '0.9.1'], ['numpy', '1.14.3'], ['pandas', '0.23.0'], ['parso', '0.2.1'], ['pexpect', '4.6.0'], ['pickleshare', '0.7.4'], ['Pillow', '5.1.0'], ['pip', '10.0.1'], ['pkg-resources', '0.0.0'], ['pluggy', '0.6.0'], ['prompt-toolkit', '1.0.15'], ['ptyprocess', '0.5.2'], ['py', '1.5.3'], ['py-cpuinfo', '4.0.0'], ['Pygments', '2.2.0'], ['pymongo', '3.6.1'], ['pyparsing', '2.2.0'], ['pysgmcmc', '0.0.1'], ['pytest', '3.6.0'], ['python-dateutil', '2.7.3'], ['pytz', '2018.4'], ['pyzmq', '17.0.0'], ['sacred', '0.7.3'], ['scandir', '1.7'], ['scikit-learn', '0.19.1'], ['scipy', '1.1.0'], ['seaborn', '0.8.1'], ['setuptools', '39.2.0'], ['simplegeneric', '0.8.1'], ['six', '1.11.0'], ['SQLAlchemy', '1.2.8'], ['sympy', '1.1.1'], ['Theano', '0.8.0'], ['tinydb', '3.9.0.post1'], ['tinydb-serialization', '1.0.4'], ['torch', '0.4.0'], ['torchvision', '0.2.1'], ['tornado', '5.0.2'], ['tqdm', '4.23.4'], ['traitlets', '4.3.2'], ['wcwidth', '0.1.7'], ['wheel', '0.31.1'], ['wrapt', '1.10.11']], 'prediction_mean': array([21.130926 , 34.484524 , 12.247777 , 20.212683 , 21.551376 ,
       22.394436 , 21.49575  , 29.980091 ,  8.911771 , 28.214413 ,
       22.78813  , 23.887527 , 47.179314 , 19.533855 , 15.743338 ,
       43.34688  , 27.0344   , 12.87962  , 14.8379135, 22.480898 ,
       36.405537 , 31.705666 ,  7.3870993, 15.873968 , 19.973528 ,
       24.622496 ,  7.5319986,  9.161877 , 20.109116 , 30.673008 ,
       49.808784 , 18.641169 , 20.589994 , 18.692314 , 15.879423 ,
       13.810152 , 21.805975 , 14.867399 , 21.106318 , 27.359058 ,
       51.573364 , 28.392572 , 26.252678 , 13.33391  , 19.635939 ,
       16.610678 , 18.558369 , 29.723188 , 33.547256 ,  8.237559 ,
       19.062542 ], dtype=float32), 'prediction_std': array([0.528164  , 1.0834299 , 1.3802269 , 0.5275731 , 0.42683774,
       0.6977647 , 0.47428238, 0.7661029 , 0.8360063 , 0.7903385 ,
       0.61353797, 0.777863  , 1.0887922 , 0.68610555, 0.5391043 ,
       0.7415372 , 1.306466  , 0.60200304, 0.95902634, 0.6968869 ,
       1.1348518 , 0.95258045, 0.7418796 , 0.31005675, 0.3889789 ,
       0.47211477, 0.8510431 , 0.94707066, 1.0152441 , 0.74560213,
       0.8430835 , 0.8309334 , 0.30651698, 0.9044788 , 0.7120377 ,
       0.85035163, 0.99103063, 0.706249  , 0.52046615, 0.8610167 ,
       0.62829477, 0.76590055, 0.7598682 , 0.969511  , 0.5220852 ,
       0.3630203 , 0.9037744 , 0.87793845, 1.312725  , 0.8467655 ,
       0.41710326], dtype=float32)}
INFO - BNN_UCI - Completed after 0:01:24
