INFO - BNN_UCI - Running command 'fit_bnn'
INFO - BNN_UCI - Started run with ID "335"
/home/freidanm/repos/pytorch_experiments/experiments_env/src/pysgmcmc/pysgmcmc/data/datasets.py:14: FutureWarning: Method .as_matrix will be removed in a future version. Use .values instead.
  x_train = train_data.as_matrix(feature_columns)
/home/freidanm/repos/pytorch_experiments/experiments_env/src/pysgmcmc/pysgmcmc/data/datasets.py:15: FutureWarning: Method .as_matrix will be removed in a future version. Use .values instead.
  y_train = train_data[label_column].as_matrix()
/home/freidanm/repos/pytorch_experiments/experiments_env/src/pysgmcmc/pysgmcmc/data/datasets.py:17: FutureWarning: Method .as_matrix will be removed in a future version. Use .values instead.
  x_test = test_data.as_matrix(feature_columns)
/home/freidanm/repos/pytorch_experiments/experiments_env/src/pysgmcmc/pysgmcmc/data/datasets.py:18: FutureWarning: Method .as_matrix will be removed in a future version. Use .values instead.
  y_test = test_data[label_column].as_matrix()
INFO - root - Performing 15000 iterations
INFO - BNN_UCI - Result: {'prediction_mean': array([22.028454, 22.18147 , 21.76434 , 16.177431, 22.279282, 18.210281,
       52.044605, 24.70441 , 19.171677, 22.816883, 23.997112, 28.700577,
       26.385096, 19.572197, 25.27327 , 32.802776, 21.197083, 24.199057,
       21.381273, 22.662365, 23.944029, 25.531986, 22.900003, 11.223227,
       20.804955, 24.733957, 40.440475, 16.342472, 13.041814, 35.74748 ,
       21.540533, 15.722412, 20.80009 , 49.498276, 27.691347, 35.67596 ,
       11.96839 ,  9.575053, 23.34666 , 21.306665, 26.304941, 19.271437,
       19.9659  , 29.248848, 19.09476 , 17.379395, 38.750313, 29.318974,
       33.714745, 19.486183, 22.110132], dtype=float32), 'x_train': array([[2.7310e-02, 0.0000e+00, 7.0700e+00, ..., 1.7800e+01, 3.9690e+02,
        9.1400e+00],
       [2.7290e-02, 0.0000e+00, 7.0700e+00, ..., 1.7800e+01, 3.9283e+02,
        4.0300e+00],
       [6.9050e-02, 0.0000e+00, 2.1800e+00, ..., 1.8700e+01, 3.9690e+02,
        5.3300e+00],
       ...,
       [4.5270e-02, 0.0000e+00, 1.1930e+01, ..., 2.1000e+01, 3.9690e+02,
        9.0800e+00],
       [6.0760e-02, 0.0000e+00, 1.1930e+01, ..., 2.1000e+01, 3.9690e+02,
        5.6400e+00],
       [1.0959e-01, 0.0000e+00, 1.1930e+01, ..., 2.1000e+01, 3.9345e+02,
        6.4800e+00]]), 'y_train': array([21.6, 34.7, 36.2, 28.7, 22.9, 27.1, 18.9, 15. , 18.9, 21.7, 20.4,
       18.2, 23.1, 17.5, 20.2, 18.2, 13.6, 19.6, 15.2, 14.5, 13.9, 16.6,
       14.8, 18.4, 12.7, 14.5, 13.2, 13.1, 13.5, 18.9, 20. , 21. , 24.7,
       34.9, 26.6, 25.3, 24.7, 20. , 16.6, 14.4, 19.4, 19.7, 25. , 23.4,
       18.9, 35.4, 24.7, 31.6, 23.3, 19.6, 18.7, 16. , 22.2, 25. , 33. ,
       23.5, 19.4, 22. , 17.4, 20.9, 24.2, 21.7, 22.8, 23.4, 24.1, 21.4,
       20. , 20.8, 21.2, 20.3, 28. , 23.9, 24.8, 22.9, 23.9, 22.5, 22.2,
       23.6, 22. , 22.9, 25. , 20.6, 28.4, 21.4, 38.7, 43.8, 33.2, 27.5,
       26.5, 18.6, 19.3, 20.1, 19.5, 19.5, 20.4, 19.8, 19.4, 21.7, 22.8,
       18.7, 18.5, 18.3, 21.2, 19.2, 20.4, 19.3, 22. , 20.3, 20.5, 17.3,
       18.8, 21.4, 15.7, 16.2, 18. , 14.3, 19.2, 19.6, 23. , 18.4, 15.6,
       18.1, 17.4, 17.1, 13.3, 14. , 14.4, 13.4, 15.6, 11.8, 13.8, 15.6,
       14.6, 17.8, 15.4, 21.5, 19.6, 15.3, 17. , 15.6, 13.1, 41.3, 24.3,
       23.3, 27. , 50. , 50. , 50. , 22.7, 25. , 23.8, 23.8, 17.4, 19.1,
       23.1, 23.6, 22.6, 29.4, 23.2, 24.6, 29.9, 39.8, 36.2, 37.9, 32.5,
       26.4, 29.6, 50. , 32. , 29.8, 34.9, 37. , 30.5, 36.4, 31.1, 29.1,
       50. , 33.3, 30.3, 34.6, 34.9, 32.9, 24.1, 42.3, 48.5, 22.6, 24.4,
       22.5, 24.4, 20. , 19.3, 22.4, 28.1, 23.7, 25. , 23.3, 28.7, 21.5,
       26.7, 21.7, 27.5, 30.1, 44.8, 50. , 37.6, 31.6, 46.7, 31.5, 24.3,
       31.7, 41.7, 48.3, 29. , 24. , 31.5, 23.7, 23.3, 22. , 20.1, 22.2,
       17.6, 18.5, 24.3, 20.5, 24.5, 26.2, 24.8, 29.6, 42.8, 21.9, 20.9,
       44. , 50. , 36. , 30.1, 33.8, 48.8, 31. , 36.5, 22.8, 30.7, 50. ,
       43.5, 21.1, 24.4, 32.4, 32. , 33.1, 29.1, 35.1, 45.4, 35.4, 46. ,
       50. , 22. , 20.1, 23.2, 24.8, 28.5, 37.3, 27.9, 23.9, 27.1, 20.3,
       22.5, 29. , 24.8, 22. , 33.1, 36.1, 28.4, 33.4, 28.2, 22.8, 20.3,
       16.1, 19.4, 21.6, 23.8, 16.2, 17.8, 19.8, 23.1, 21. , 23.8, 23.1,
       20.4, 18.5, 25. , 24.6, 23. , 22.6, 19.8, 17.1, 19.4, 22.2, 20.7,
       21.1, 19.5, 18.5, 20.6, 19. , 18.7, 32.7, 16.5, 23.9, 31.2, 17.5,
       17.2, 23.1, 24.5, 26.6, 24.1, 18.6, 30.1, 18.2, 20.6, 17.8, 21.7,
       22.7, 25. , 19.9, 20.8, 16.8, 21.9, 27.5, 21.9, 23.1, 50. , 50. ,
       50. , 50. , 50. , 13.8, 13.8, 15. , 13.9, 13.1, 10.2, 10.4, 10.9,
       11.3, 12.3,  8.8,  7.2, 10.5,  7.4, 10.2, 11.5, 15.1, 23.2,  9.7,
       12.7, 13.1, 12.5,  8.5,  5. ,  6.3,  5.6,  7.2, 12.1,  8.3,  8.5,
        5. , 11.9, 27.9, 17.2, 27.5, 15. , 17.2, 17.9, 16.3,  7. ,  7.2,
        7.5, 10.4,  8.8,  8.4, 16.7, 14.2, 20.8, 13.4, 11.7,  8.3, 10.2,
       10.9,  9.5, 14.5, 14.1, 14.3, 11.7, 13.4,  9.6,  8.7,  8.4, 12.8,
       10.5, 17.1, 18.4, 15.4, 10.8, 11.8, 14.9, 12.6, 14.1, 13. , 15.2,
       17.8, 14.1, 12.7, 13.5, 14.9, 20. , 16.4, 17.7, 19.5, 20.2, 21.4,
       19.9, 19. , 19.1, 19.1, 20.1, 19.6, 23.2, 13.8, 13.3, 12. , 14.6,
       21.4, 23. , 23.7, 25. , 21.8, 20.6, 21.2, 19.1, 20.6, 15.2,  7. ,
        8.1, 13.6, 20.1, 21.8, 24.5, 23.1, 19.7, 18.3, 21.2, 17.5, 16.8,
       22.4, 20.6, 23.9, 22. ]), 'y_test': array([21.2, 29.8, 22.2, 13.8, 22.6, 16.1, 50. , 22.6, 19.9, 26.4, 24.4,
       28.7, 28.6, 16.1, 20.5, 35.2, 20.7, 23.7, 22.1, 21.7, 23. , 25.1,
       22.3, 14.9, 19.9, 25.2, 37.2, 15.6, 13.4, 32.2, 21.7, 17.8, 19.3,
       50. , 26.6, 33.4, 13.3, 11. , 22.9, 11.9, 22.3, 19.4, 18.8, 30.8,
       19.3, 16.7, 43.1, 24. , 33.2, 21. , 16.5]), 'prediction_std': array([0.6307286 , 0.5067919 , 0.7811038 , 0.8343638 , 0.47032326,
       0.56324035, 0.5380377 , 0.5329695 , 0.43295428, 0.78762794,
       0.6350427 , 0.98373646, 0.66218436, 0.48926914, 0.5557323 ,
       1.7566607 , 0.5214934 , 0.8603043 , 0.43950775, 0.51177585,
       0.47957972, 0.3516042 , 0.74675846, 0.50498605, 0.6086796 ,
       0.54965025, 0.80746937, 0.441325  , 0.58671683, 1.3251649 ,
       0.45528564, 0.4941216 , 0.5731455 , 0.5974592 , 0.62585145,
       0.6316691 , 0.539187  , 0.514825  , 0.6126433 , 0.6304572 ,
       0.5605572 , 0.49747267, 0.41352442, 0.95538825, 0.65081626,
       0.88196605, 0.50683475, 0.66867644, 0.96079236, 0.4833126 ,
       1.7154818 ], dtype=float32), 'packages': [['atomicwrites', '1.1.5'], ['attrs', '18.1.0'], ['backcall', '0.1.0'], ['coverage', '4.5.1'], ['cycler', '0.10.0'], ['decorator', '4.3.0'], ['docopt', '0.6.2'], ['hashfs', '0.7.0'], ['hypothesis', '3.57.0'], ['ipykernel', '4.8.2'], ['ipython', '6.4.0'], ['ipython-genutils', '0.2.0'], ['jedi', '0.12.0'], ['jsonpickle', '0.9.6'], ['jsonschema', '2.6.0'], ['jupyter-client', '5.2.3'], ['jupyter-core', '4.4.0'], ['kiwisolver', '1.0.1'], ['Lasagne', '0.1'], ['matplotlib', '2.2.2'], ['more-itertools', '4.2.0'], ['mpmath', '1.0.0'], ['munch', '2.3.2'], ['nbformat', '4.4.0'], ['nbval', '0.9.1'], ['numpy', '1.14.3'], ['pandas', '0.23.0'], ['parso', '0.2.1'], ['pexpect', '4.6.0'], ['pickleshare', '0.7.4'], ['Pillow', '5.1.0'], ['pip', '10.0.1'], ['pkg-resources', '0.0.0'], ['pluggy', '0.6.0'], ['prompt-toolkit', '1.0.15'], ['ptyprocess', '0.5.2'], ['py', '1.5.3'], ['py-cpuinfo', '4.0.0'], ['Pygments', '2.2.0'], ['pymongo', '3.6.1'], ['pyparsing', '2.2.0'], ['pysgmcmc', '0.0.1'], ['pytest', '3.6.0'], ['python-dateutil', '2.7.3'], ['pytz', '2018.4'], ['pyzmq', '17.0.0'], ['sacred', '0.7.3'], ['scandir', '1.7'], ['scikit-learn', '0.19.1'], ['scipy', '1.1.0'], ['seaborn', '0.8.1'], ['setuptools', '39.2.0'], ['simplegeneric', '0.8.1'], ['six', '1.11.0'], ['SQLAlchemy', '1.2.8'], ['sympy', '1.1.1'], ['Theano', '0.8.0'], ['tinydb', '3.9.0.post1'], ['tinydb-serialization', '1.0.4'], ['torch', '0.4.0'], ['torchvision', '0.2.1'], ['tornado', '5.0.2'], ['tqdm', '4.23.4'], ['traitlets', '4.3.2'], ['wcwidth', '0.1.7'], ['wheel', '0.31.1'], ['wrapt', '1.10.11']], 'x_test': array([[1.22690e-01, 0.00000e+00, 6.91000e+00, 0.00000e+00, 4.48000e-01,
        6.06900e+00, 4.00000e+01, 5.72090e+00, 3.00000e+00, 2.33000e+02,
        1.79000e+01, 3.89390e+02, 9.55000e+00],
       [4.64689e+00, 0.00000e+00, 1.81000e+01, 0.00000e+00, 6.14000e-01,
        6.98000e+00, 6.76000e+01, 2.53290e+00, 2.40000e+01, 6.66000e+02,
        2.02000e+01, 3.74680e+02, 1.16600e+01],
       [2.41030e-01, 0.00000e+00, 7.38000e+00, 0.00000e+00, 4.93000e-01,
        6.08300e+00, 4.37000e+01, 5.41590e+00, 5.00000e+00, 2.87000e+02,
        1.96000e+01, 3.96900e+02, 1.27900e+01],
       [8.64476e+00, 0.00000e+00, 1.81000e+01, 0.00000e+00, 6.93000e-01,
        6.19300e+00, 9.26000e+01, 1.79120e+00, 2.40000e+01, 6.66000e+02,
        2.02000e+01, 3.96900e+02, 1.51700e+01],
       [4.26131e+00, 0.00000e+00, 1.81000e+01, 0.00000e+00, 7.70000e-01,
        6.11200e+00, 8.13000e+01, 2.50910e+00, 2.40000e+01, 6.66000e+02,
        2.02000e+01, 3.90740e+02, 1.26700e+01],
       [5.09017e+00, 0.00000e+00, 1.81000e+01, 0.00000e+00, 7.13000e-01,
        6.29700e+00, 9.18000e+01, 2.36820e+00, 2.40000e+01, 6.66000e+02,
        2.02000e+01, 3.85090e+02, 1.72700e+01],
       [2.01019e+00, 0.00000e+00, 1.95800e+01, 0.00000e+00, 6.05000e-01,
        7.92900e+00, 9.62000e+01, 2.04590e+00, 5.00000e+00, 4.03000e+02,
        1.47000e+01, 3.69300e+02, 3.70000e+00],
       [4.68400e-02, 0.00000e+00, 3.41000e+00, 0.00000e+00, 4.89000e-01,
        6.41700e+00, 6.61000e+01, 3.09230e+00, 2.00000e+00, 2.70000e+02,
        1.78000e+01, 3.92180e+02, 8.81000e+00],
       [6.27390e-01, 0.00000e+00, 8.14000e+00, 0.00000e+00, 5.38000e-01,
        5.83400e+00, 5.65000e+01, 4.49860e+00, 4.00000e+00, 3.07000e+02,
        2.10000e+01, 3.95620e+02, 8.47000e+00],
       [9.26600e-02, 3.40000e+01, 6.09000e+00, 0.00000e+00, 4.33000e-01,
        6.49500e+00, 1.84000e+01, 5.49170e+00, 7.00000e+00, 3.29000e+02,
        1.61000e+01, 3.83610e+02, 8.67000e+00],
       [1.40300e-01, 2.20000e+01, 5.86000e+00, 0.00000e+00, 4.31000e-01,
        6.48700e+00, 1.30000e+01, 7.39670e+00, 7.00000e+00, 3.30000e+02,
        1.91000e+01, 3.96280e+02, 5.90000e+00],
       [5.30200e-02, 0.00000e+00, 3.41000e+00, 0.00000e+00, 4.89000e-01,
        7.07900e+00, 6.31000e+01, 3.41450e+00, 2.00000e+00, 2.70000e+02,
        1.78000e+01, 3.96060e+02, 5.70000e+00],
       [1.29320e-01, 0.00000e+00, 1.39200e+01, 0.00000e+00, 4.37000e-01,
        6.67800e+00, 3.11000e+01, 5.96040e+00, 4.00000e+00, 2.89000e+02,
        1.60000e+01, 3.96900e+02, 6.27000e+00],
       [6.44405e+00, 0.00000e+00, 1.81000e+01, 0.00000e+00, 5.84000e-01,
        6.42500e+00, 7.48000e+01, 2.20040e+00, 2.40000e+01, 6.66000e+02,
        2.02000e+01, 9.79500e+01, 1.20300e+01],
       [4.33700e-02, 2.10000e+01, 5.64000e+00, 0.00000e+00, 4.39000e-01,
        6.11500e+00, 6.30000e+01, 6.81470e+00, 4.00000e+00, 2.43000e+02,
        1.68000e+01, 3.93970e+02, 9.43000e+00],
       [2.21880e-01, 2.00000e+01, 6.96000e+00, 1.00000e+00, 4.64000e-01,
        7.69100e+00, 5.18000e+01, 4.36650e+00, 3.00000e+00, 2.23000e+02,
        1.86000e+01, 3.90770e+02, 6.58000e+00],
       [9.06500e-02, 2.00000e+01, 6.96000e+00, 1.00000e+00, 4.64000e-01,
        5.92000e+00, 6.15000e+01, 3.91750e+00, 3.00000e+00, 2.23000e+02,
        1.86000e+01, 3.91340e+02, 1.36500e+01],
       [1.27570e-01, 3.00000e+01, 4.93000e+00, 0.00000e+00, 4.28000e-01,
        6.39300e+00, 7.80000e+00, 7.03550e+00, 6.00000e+00, 3.00000e+02,
        1.66000e+01, 3.74710e+02, 5.19000e+00],
       [7.90410e-01, 0.00000e+00, 9.90000e+00, 0.00000e+00, 5.44000e-01,
        6.12200e+00, 5.28000e+01, 2.64030e+00, 4.00000e+00, 3.04000e+02,
        1.84000e+01, 3.96900e+02, 5.98000e+00],
       [8.19900e-02, 0.00000e+00, 1.39200e+01, 0.00000e+00, 4.37000e-01,
        6.00900e+00, 4.23000e+01, 5.50270e+00, 4.00000e+00, 2.89000e+02,
        1.60000e+01, 3.96900e+02, 1.04000e+01],
       [1.14250e-01, 0.00000e+00, 1.38900e+01, 1.00000e+00, 5.50000e-01,
        6.37300e+00, 9.24000e+01, 3.36330e+00, 5.00000e+00, 2.76000e+02,
        1.64000e+01, 3.93740e+02, 1.05000e+01],
       [5.20580e-01, 0.00000e+00, 6.20000e+00, 1.00000e+00, 5.07000e-01,
        6.63100e+00, 7.65000e+01, 4.14800e+00, 8.00000e+00, 3.07000e+02,
        1.74000e+01, 3.88450e+02, 9.54000e+00],
       [4.59000e-02, 5.25000e+01, 5.32000e+00, 0.00000e+00, 4.05000e-01,
        6.31500e+00, 4.56000e+01, 7.31720e+00, 6.00000e+00, 2.93000e+02,
        1.66000e+01, 3.96900e+02, 7.60000e+00],
       [9.51363e+00, 0.00000e+00, 1.81000e+01, 0.00000e+00, 7.13000e-01,
        6.72800e+00, 9.41000e+01, 2.49610e+00, 2.40000e+01, 6.66000e+02,
        2.02000e+01, 6.68000e+00, 1.87100e+01],
       [4.34879e+00, 0.00000e+00, 1.81000e+01, 0.00000e+00, 5.80000e-01,
        6.16700e+00, 8.40000e+01, 3.03340e+00, 2.40000e+01, 6.66000e+02,
        2.02000e+01, 3.96900e+02, 1.62900e+01],
       [1.62110e-01, 2.00000e+01, 6.96000e+00, 0.00000e+00, 4.64000e-01,
        6.24000e+00, 1.63000e+01, 4.42900e+00, 3.00000e+00, 2.23000e+02,
        1.86000e+01, 3.96900e+02, 6.59000e+00],
       [5.78000e-02, 0.00000e+00, 2.46000e+00, 0.00000e+00, 4.88000e-01,
        6.98000e+00, 5.84000e+01, 2.82900e+00, 3.00000e+00, 1.93000e+02,
        1.78000e+01, 3.96900e+02, 5.04000e+00],
       [7.50260e-01, 0.00000e+00, 8.14000e+00, 0.00000e+00, 5.38000e-01,
        5.92400e+00, 9.41000e+01, 4.39960e+00, 4.00000e+00, 3.07000e+02,
        2.10000e+01, 3.94330e+02, 1.63000e+01],
       [6.71772e+00, 0.00000e+00, 1.81000e+01, 0.00000e+00, 7.13000e-01,
        6.74900e+00, 9.26000e+01, 2.32360e+00, 2.40000e+01, 6.66000e+02,
        2.02000e+01, 3.20000e-01, 1.74400e+01],
       [9.06000e-03, 9.00000e+01, 2.97000e+00, 0.00000e+00, 4.00000e-01,
        7.08800e+00, 2.08000e+01, 7.30730e+00, 1.00000e+00, 2.85000e+02,
        1.53000e+01, 3.94720e+02, 7.85000e+00],
       [1.74460e-01, 0.00000e+00, 1.05900e+01, 1.00000e+00, 4.89000e-01,
        5.96000e+00, 9.21000e+01, 3.87710e+00, 4.00000e+00, 2.77000e+02,
        1.86000e+01, 3.93250e+02, 1.72700e+01],
       [5.44520e-01, 0.00000e+00, 2.18900e+01, 0.00000e+00, 6.24000e-01,
        6.15100e+00, 9.79000e+01, 1.66870e+00, 4.00000e+00, 4.37000e+02,
        2.12000e+01, 3.96900e+02, 1.84600e+01],
       [1.71420e-01, 0.00000e+00, 6.91000e+00, 0.00000e+00, 4.48000e-01,
        5.68200e+00, 3.38000e+01, 5.10040e+00, 3.00000e+00, 2.33000e+02,
        1.79000e+01, 3.96900e+02, 1.02100e+01],
       [2.00900e-02, 9.50000e+01, 2.68000e+00, 0.00000e+00, 4.16100e-01,
        8.03400e+00, 3.19000e+01, 5.11800e+00, 4.00000e+00, 2.24000e+02,
        1.47000e+01, 3.90550e+02, 2.88000e+00],
       [5.73500e-02, 0.00000e+00, 4.49000e+00, 0.00000e+00, 4.49000e-01,
        6.63000e+00, 5.61000e+01, 4.43770e+00, 3.00000e+00, 2.47000e+02,
        1.85000e+01, 3.92300e+02, 6.53000e+00],
       [3.23700e-02, 0.00000e+00, 2.18000e+00, 0.00000e+00, 4.58000e-01,
        6.99800e+00, 4.58000e+01, 6.06220e+00, 3.00000e+00, 2.22000e+02,
        1.87000e+01, 3.94630e+02, 2.94000e+00],
       [9.82349e+00, 0.00000e+00, 1.81000e+01, 0.00000e+00, 6.71000e-01,
        6.79400e+00, 9.88000e+01, 1.35800e+00, 2.40000e+01, 6.66000e+02,
        2.02000e+01, 3.96900e+02, 2.12400e+01],
       [7.36711e+00, 0.00000e+00, 1.81000e+01, 0.00000e+00, 6.79000e-01,
        6.19300e+00, 7.81000e+01, 1.93560e+00, 2.40000e+01, 6.66000e+02,
        2.02000e+01, 9.67300e+01, 2.15200e+01],
       [6.21100e-02, 4.00000e+01, 1.25000e+00, 0.00000e+00, 4.29000e-01,
        6.49000e+00, 4.44000e+01, 8.79210e+00, 1.00000e+00, 3.35000e+02,
        1.97000e+01, 3.96900e+02, 5.98000e+00],
       [4.74100e-02, 0.00000e+00, 1.19300e+01, 0.00000e+00, 5.73000e-01,
        6.03000e+00, 8.08000e+01, 2.50500e+00, 1.00000e+00, 2.73000e+02,
        2.10000e+01, 3.96900e+02, 7.88000e+00],
       [2.44953e+00, 0.00000e+00, 1.95800e+01, 0.00000e+00, 6.05000e-01,
        6.40200e+00, 9.52000e+01, 2.26250e+00, 5.00000e+00, 4.03000e+02,
        1.47000e+01, 3.30040e+02, 1.13200e+01],
       [2.14918e+00, 0.00000e+00, 1.95800e+01, 0.00000e+00, 8.71000e-01,
        5.70900e+00, 9.85000e+01, 1.62320e+00, 5.00000e+00, 4.03000e+02,
        1.47000e+01, 2.61950e+02, 1.57900e+01],
       [1.23290e-01, 0.00000e+00, 1.00100e+01, 0.00000e+00, 5.47000e-01,
        5.91300e+00, 9.29000e+01, 2.35340e+00, 6.00000e+00, 4.32000e+02,
        1.78000e+01, 3.94950e+02, 1.62100e+01],
       [2.76300e-02, 7.50000e+01, 2.95000e+00, 0.00000e+00, 4.28000e-01,
        6.59500e+00, 2.18000e+01, 5.40110e+00, 3.00000e+00, 2.52000e+02,
        1.83000e+01, 3.95630e+02, 4.32000e+00],
       [6.61700e-02, 0.00000e+00, 3.24000e+00, 0.00000e+00, 4.60000e-01,
        5.86800e+00, 2.58000e+01, 5.21460e+00, 4.00000e+00, 4.30000e+02,
        1.69000e+01, 3.82440e+02, 9.97000e+00],
       [4.87141e+00, 0.00000e+00, 1.81000e+01, 0.00000e+00, 6.14000e-01,
        6.48400e+00, 9.36000e+01, 2.30530e+00, 2.40000e+01, 6.66000e+02,
        2.02000e+01, 3.96210e+02, 1.86800e+01],
       [5.34120e-01, 2.00000e+01, 3.97000e+00, 0.00000e+00, 6.47000e-01,
        7.52000e+00, 8.94000e+01, 2.13980e+00, 5.00000e+00, 2.64000e+02,
        1.30000e+01, 3.88370e+02, 7.26000e+00],
       [6.32000e-03, 1.80000e+01, 2.31000e+00, 0.00000e+00, 5.38000e-01,
        6.57500e+00, 6.52000e+01, 4.09000e+00, 1.00000e+00, 2.96000e+02,
        1.53000e+01, 3.96900e+02, 4.98000e+00],
       [1.04690e-01, 4.00000e+01, 6.41000e+00, 1.00000e+00, 4.47000e-01,
        7.26700e+00, 4.90000e+01, 4.78720e+00, 4.00000e+00, 2.54000e+02,
        1.76000e+01, 3.89250e+02, 6.05000e+00],
       [1.00245e+00, 0.00000e+00, 8.14000e+00, 0.00000e+00, 5.38000e-01,
        6.67400e+00, 8.73000e+01, 4.23900e+00, 4.00000e+00, 3.07000e+02,
        2.10000e+01, 3.80230e+02, 1.19800e+01],
       [2.11240e-01, 1.25000e+01, 7.87000e+00, 0.00000e+00, 5.24000e-01,
        5.63100e+00, 1.00000e+02, 6.08210e+00, 5.00000e+00, 3.11000e+02,
        1.52000e+01, 3.86630e+02, 2.99300e+01]])}
INFO - BNN_UCI - Completed after 0:01:14
