INFO - BNN_UCI - Running command 'fit_bnn'
INFO - BNN_UCI - Started run with ID "385"
/home/freidanm/repos/pytorch_experiments/experiments_env/src/pysgmcmc/pysgmcmc/data/datasets.py:14: FutureWarning: Method .as_matrix will be removed in a future version. Use .values instead.
  x_train = train_data.as_matrix(feature_columns)
/home/freidanm/repos/pytorch_experiments/experiments_env/src/pysgmcmc/pysgmcmc/data/datasets.py:15: FutureWarning: Method .as_matrix will be removed in a future version. Use .values instead.
  y_train = train_data[label_column].as_matrix()
/home/freidanm/repos/pytorch_experiments/experiments_env/src/pysgmcmc/pysgmcmc/data/datasets.py:17: FutureWarning: Method .as_matrix will be removed in a future version. Use .values instead.
  x_test = test_data.as_matrix(feature_columns)
/home/freidanm/repos/pytorch_experiments/experiments_env/src/pysgmcmc/pysgmcmc/data/datasets.py:18: FutureWarning: Method .as_matrix will be removed in a future version. Use .values instead.
  y_test = test_data[label_column].as_matrix()
INFO - root - Performing 15000 iterations
INFO - BNN_UCI - Result: {'x_train': array([[6.3200e-03, 1.8000e+01, 2.3100e+00, ..., 1.5300e+01, 3.9690e+02,
        4.9800e+00],
       [2.7310e-02, 0.0000e+00, 7.0700e+00, ..., 1.7800e+01, 3.9690e+02,
        9.1400e+00],
       [2.7290e-02, 0.0000e+00, 7.0700e+00, ..., 1.7800e+01, 3.9283e+02,
        4.0300e+00],
       ...,
       [6.0760e-02, 0.0000e+00, 1.1930e+01, ..., 2.1000e+01, 3.9690e+02,
        5.6400e+00],
       [1.0959e-01, 0.0000e+00, 1.1930e+01, ..., 2.1000e+01, 3.9345e+02,
        6.4800e+00],
       [4.7410e-02, 0.0000e+00, 1.1930e+01, ..., 2.1000e+01, 3.9690e+02,
        7.8800e+00]]), 'prediction_std': array([0.7788876 , 1.083668  , 1.2683644 , 1.2517405 , 1.4314845 ,
       1.4886533 , 1.0106223 , 1.3749019 , 0.9587284 , 1.2270555 ,
       1.1963993 , 0.7508592 , 0.9265877 , 0.9232999 , 0.9786924 ,
       1.2716335 , 0.8898235 , 0.9967062 , 0.814317  , 1.0397562 ,
       0.94552946, 1.3097271 , 1.101012  , 1.1480608 , 0.8875303 ,
       0.69887716, 1.1482227 , 1.0536761 , 1.1583747 , 0.7638162 ,
       1.2557104 , 1.1070647 , 0.8252234 , 0.7818246 , 0.7390343 ,
       0.7762139 , 1.0373768 , 1.26377   , 0.905109  , 0.96519697,
       1.1441532 , 1.1186621 , 0.86749464, 0.82490754, 0.50625515,
       0.8285202 , 1.0452092 , 1.1527857 , 1.1734959 , 0.6644071 ,
       0.7578752 ], dtype=float32), 'y_train': array([24. , 21.6, 34.7, 33.4, 36.2, 28.7, 27.1, 16.5, 18.9, 15. , 18.9,
       20.4, 18.2, 19.9, 23.1, 17.5, 18.2, 19.6, 15.2, 14.5, 15.6, 13.9,
       16.6, 14.8, 18.4, 21. , 12.7, 14.5, 13.2, 13.5, 18.9, 20. , 21. ,
       24.7, 30.8, 26.6, 25.3, 24.7, 21.2, 19.3, 20. , 16.6, 14.4, 19.7,
       20.5, 25. , 23.4, 18.9, 35.4, 24.7, 31.6, 23.3, 19.6, 18.7, 16. ,
       22.2, 25. , 33. , 23.5, 19.4, 22. , 17.4, 20.9, 21.7, 22.8, 23.4,
       21.4, 20. , 20.8, 21.2, 20.3, 28. , 23.9, 24.8, 22.9, 23.9, 26.6,
       22.5, 22.2, 23.6, 28.7, 22.6, 22. , 22.9, 25. , 28.4, 21.4, 38.7,
       43.8, 33.2, 26.5, 18.6, 19.3, 19.5, 19.5, 20.4, 19.8, 19.4, 21.7,
       22.8, 18.8, 18.5, 18.3, 19.2, 20.4, 19.3, 22. , 20.3, 20.5, 18.8,
       15.7, 16.2, 18. , 14.3, 19.2, 19.6, 23. , 18.4, 15.6, 18.1, 17.4,
       13.3, 17.8, 14. , 14.4, 13.4, 15.6, 11.8, 13.8, 15.6, 14.6, 17.8,
       15.4, 19.6, 15.3, 19.4, 15.6, 13.1, 41.3, 24.3, 23.3, 27. , 50. ,
       50. , 50. , 22.7, 25. , 50. , 23.8, 23.8, 22.3, 17.4, 19.1, 23.1,
       23.6, 22.6, 29.4, 23.2, 29.9, 37.2, 39.8, 36.2, 37.9, 32.5, 26.4,
       29.6, 50. , 32. , 34.9, 37. , 30.5, 36.4, 31.1, 29.1, 50. , 33.3,
       30.3, 34.6, 32.9, 24.1, 42.3, 48.5, 50. , 22.6, 24.4, 22.5, 24.4,
       20. , 21.7, 19.3, 22.4, 28.1, 23.7, 25. , 28.7, 21.5, 23. , 21.7,
       27.5, 30.1, 44.8, 37.6, 31.6, 46.7, 31.7, 48.3, 29. , 24. , 25.1,
       31.5, 23.7, 23.3, 22. , 20.1, 22.2, 23.7, 17.6, 18.5, 24.3, 20.5,
       24.5, 26.2, 24.4, 29.6, 42.8, 21.9, 20.9, 44. , 50. , 36. , 30.1,
       33.8, 43.1, 48.8, 31. , 36.5, 22.8, 30.7, 50. , 43.5, 20.7, 21.1,
       25.2, 24.4, 35.2, 32.4, 32. , 33.2, 33.1, 29.1, 45.4, 35.4, 46. ,
       50. , 32.2, 22. , 23.2, 22.3, 24.8, 28.5, 37.3, 23.9, 21.7, 28.6,
       27.1, 20.3, 22.5, 29. , 24.8, 22. , 26.4, 33.1, 36.1, 28.4, 33.4,
       28.2, 22.8, 20.3, 16.1, 22.1, 19.4, 21.6, 23.8, 16.2, 17.8, 19.8,
       23.1, 21. , 23.8, 23.1, 20.4, 18.5, 25. , 24.6, 23. , 22.2, 19.3,
       19.8, 17.1, 19.4, 22.2, 20.7, 21.1, 19.5, 18.5, 20.6, 19. , 18.7,
       32.7, 16.5, 23.9, 31.2, 17.5, 23.1, 26.6, 22.9, 24.1, 18.6, 30.1,
       18.2, 20.6, 17.8, 21.7, 22.7, 22.6, 25. , 19.9, 20.8, 16.8, 21.9,
       27.5, 21.9, 23.1, 50. , 50. , 50. , 50. , 50. , 13.8, 13.8, 15. ,
       13.9, 10.2, 10.4, 10.9, 12.3,  7.2, 10.5,  7.4, 10.2, 15.1,  9.7,
       13.8, 12.7, 13.1, 12.5,  5. ,  6.3,  5.6,  7.2, 12.1,  8.5,  5. ,
       11.9, 27.9, 17.2, 27.5, 15. , 17.2, 17.9, 16.3,  7. ,  7.2,  7.5,
       10.4,  8.8,  8.4, 16.7, 14.2, 13.4, 11.7,  8.3, 10.2, 10.9, 11. ,
        9.5, 14.5, 14.1, 14.3, 11.7, 13.4,  9.6,  8.7, 12.8, 10.5, 17.1,
       18.4, 15.4, 10.8, 11.8, 14.9, 12.6, 14.1, 13. , 13.4, 15.2, 16.1,
       17.8, 14.9, 14.1, 12.7, 13.5, 14.9, 20. , 16.4, 17.7, 19.5, 20.2,
       21.4, 19.9, 19. , 19.1, 19.6, 23.2, 29.8, 13.3, 16.7, 12. , 14.6,
       21.4, 23. , 23.7, 25. , 21.8, 20.6, 21.2, 19.1, 20.6, 15.2,  7. ,
        8.1, 13.6, 20.1, 21.8, 23.1, 19.7, 18.3, 21.2, 17.5, 16.8, 22.4,
       20.6, 23.9, 22. , 11.9]), 'y_test': array([17.2, 34.9, 19.9, 20.1, 20.6, 21.5, 20.2, 11.5,  8.3, 34.9,  8.8,
       13.3, 13.1, 35.1, 19.1, 20.8, 24.5, 29.8, 23.2,  8.5, 16.1, 41.7,
       27.9, 50. , 17. , 22.9, 31.5, 27.5,  8.4, 20.1, 24.5, 24.6, 24.1,
       19.4, 24.2, 24.3, 21.2, 13.8, 13.1, 23.3, 24.8, 21.7, 26.7, 18.7,
       17.1, 20.1, 13.6, 11.3, 22.6, 21.4, 17.3]), 'packages': [['atomicwrites', '1.1.5'], ['attrs', '18.1.0'], ['backcall', '0.1.0'], ['coverage', '4.5.1'], ['cycler', '0.10.0'], ['decorator', '4.3.0'], ['docopt', '0.6.2'], ['hashfs', '0.7.0'], ['hypothesis', '3.57.0'], ['ipykernel', '4.8.2'], ['ipython', '6.4.0'], ['ipython-genutils', '0.2.0'], ['jedi', '0.12.0'], ['jsonpickle', '0.9.6'], ['jsonschema', '2.6.0'], ['jupyter-client', '5.2.3'], ['jupyter-core', '4.4.0'], ['kiwisolver', '1.0.1'], ['Lasagne', '0.1'], ['matplotlib', '2.2.2'], ['more-itertools', '4.2.0'], ['mpmath', '1.0.0'], ['munch', '2.3.2'], ['nbformat', '4.4.0'], ['nbval', '0.9.1'], ['numpy', '1.14.3'], ['pandas', '0.23.0'], ['parso', '0.2.1'], ['pexpect', '4.6.0'], ['pickleshare', '0.7.4'], ['Pillow', '5.1.0'], ['pip', '10.0.1'], ['pkg-resources', '0.0.0'], ['pluggy', '0.6.0'], ['prompt-toolkit', '1.0.15'], ['ptyprocess', '0.5.2'], ['py', '1.5.3'], ['py-cpuinfo', '4.0.0'], ['Pygments', '2.2.0'], ['pymongo', '3.6.1'], ['pyparsing', '2.2.0'], ['pysgmcmc', '0.0.1'], ['pytest', '3.6.0'], ['python-dateutil', '2.7.3'], ['pytz', '2018.4'], ['pyzmq', '17.0.0'], ['sacred', '0.7.3'], ['scandir', '1.7'], ['scikit-learn', '0.19.1'], ['scipy', '1.1.0'], ['seaborn', '0.8.1'], ['setuptools', '39.2.0'], ['simplegeneric', '0.8.1'], ['six', '1.11.0'], ['SQLAlchemy', '1.2.8'], ['sympy', '1.1.1'], ['Theano', '0.8.0'], ['tinydb', '3.9.0.post1'], ['tinydb-serialization', '1.0.4'], ['torch', '0.4.0'], ['torchvision', '0.2.1'], ['tornado', '5.0.2'], ['tqdm', '4.23.4'], ['traitlets', '4.3.2'], ['wcwidth', '0.1.7'], ['wheel', '0.31.1'], ['wrapt', '1.10.11']], 'prediction_mean': array([17.388367, 30.0336  , 21.555384, 18.325958, 25.228855, 19.29041 ,
       24.723516, 11.907725,  8.885729, 32.662487,  9.377612, 13.835737,
       15.865683, 36.41954 , 16.38558 , 25.50704 , 26.252262, 34.120136,
       15.426887, 12.986396, 16.152601, 44.739178, 29.328959, 45.933662,
       19.244787, 19.814356, 31.005611, 23.597136,  9.039521, 19.973646,
       26.865824, 25.92686 , 24.04393 , 17.273169, 25.003242, 23.893847,
       20.180775, 17.48779 ,  8.942633, 23.309904, 25.324928, 17.462921,
       25.858646, 20.314495, 19.057436, 19.227533, 15.497968, 11.521327,
       26.393044, 20.202316, 16.6395  ], dtype=float32), 'x_test': array([[6.16200e-02, 0.00000e+00, 4.39000e+00, 0.00000e+00, 4.42000e-01,
        5.89800e+00, 5.23000e+01, 8.01360e+00, 3.00000e+00, 3.52000e+02,
        1.88000e+01, 3.64610e+02, 1.26700e+01],
       [3.15000e-02, 9.50000e+01, 1.47000e+00, 0.00000e+00, 4.03000e-01,
        6.97500e+00, 1.53000e+01, 7.65340e+00, 3.00000e+00, 4.02000e+02,
        1.70000e+01, 3.96900e+02, 4.56000e+00],
       [4.34879e+00, 0.00000e+00, 1.81000e+01, 0.00000e+00, 5.80000e-01,
        6.16700e+00, 8.40000e+01, 3.03340e+00, 2.40000e+01, 6.66000e+02,
        2.02000e+01, 3.96900e+02, 1.62900e+01],
       [1.30751e+01, 0.00000e+00, 1.81000e+01, 0.00000e+00, 5.80000e-01,
        5.71300e+00, 5.67000e+01, 2.82370e+00, 2.40000e+01, 6.66000e+02,
        2.02000e+01, 3.96900e+02, 1.47600e+01],
       [4.29400e-02, 2.80000e+01, 1.50400e+01, 0.00000e+00, 4.64000e-01,
        6.24900e+00, 7.73000e+01, 3.61500e+00, 4.00000e+00, 2.70000e+02,
        1.82000e+01, 3.96900e+02, 1.05900e+01],
       [1.65660e+00, 0.00000e+00, 1.95800e+01, 0.00000e+00, 8.71000e-01,
        6.12200e+00, 9.73000e+01, 1.61800e+00, 5.00000e+00, 4.03000e+02,
        1.47000e+01, 3.72800e+02, 1.41000e+01],
       [8.02710e-01, 0.00000e+00, 8.14000e+00, 0.00000e+00, 5.38000e-01,
        5.45600e+00, 3.66000e+01, 3.79650e+00, 4.00000e+00, 3.07000e+02,
        2.10000e+01, 2.88990e+02, 1.16900e+01],
       [8.15174e+00, 0.00000e+00, 1.81000e+01, 0.00000e+00, 7.00000e-01,
        5.39000e+00, 9.89000e+01, 1.72810e+00, 2.40000e+01, 6.66000e+02,
        2.02000e+01, 3.96900e+02, 2.08500e+01],
       [2.48017e+01, 0.00000e+00, 1.81000e+01, 0.00000e+00, 6.93000e-01,
        5.34900e+00, 9.60000e+01, 1.70280e+00, 2.40000e+01, 6.66000e+02,
        2.02000e+01, 3.96900e+02, 1.97700e+01],
       [3.35900e-02, 7.50000e+01, 2.95000e+00, 0.00000e+00, 4.28000e-01,
        7.02400e+00, 1.58000e+01, 5.40110e+00, 3.00000e+00, 2.52000e+02,
        1.83000e+01, 3.95620e+02, 1.98000e+00],
       [2.00849e+01, 0.00000e+00, 1.81000e+01, 0.00000e+00, 7.00000e-01,
        4.36800e+00, 9.12000e+01, 1.43950e+00, 2.40000e+01, 6.66000e+02,
        2.02000e+01, 2.85830e+02, 3.06300e+01],
       [9.82349e+00, 0.00000e+00, 1.81000e+01, 0.00000e+00, 6.71000e-01,
        6.79400e+00, 9.88000e+01, 1.35800e+00, 2.40000e+01, 6.66000e+02,
        2.02000e+01, 3.96900e+02, 2.12400e+01],
       [1.15172e+00, 0.00000e+00, 8.14000e+00, 0.00000e+00, 5.38000e-01,
        5.70100e+00, 9.50000e+01, 3.78720e+00, 4.00000e+00, 3.07000e+02,
        2.10000e+01, 3.58770e+02, 1.83500e+01],
       [2.10380e-01, 2.00000e+01, 3.33000e+00, 0.00000e+00, 4.42900e-01,
        6.81200e+00, 3.22000e+01, 4.10070e+00, 5.00000e+00, 2.16000e+02,
        1.49000e+01, 3.96900e+02, 4.85000e+00],
       [4.42228e+00, 0.00000e+00, 1.81000e+01, 0.00000e+00, 5.84000e-01,
        6.00300e+00, 9.45000e+01, 2.54030e+00, 2.40000e+01, 6.66000e+02,
        2.02000e+01, 3.31290e+02, 2.13200e+01],
       [1.20482e+01, 0.00000e+00, 1.81000e+01, 0.00000e+00, 6.14000e-01,
        5.64800e+00, 8.76000e+01, 1.95120e+00, 2.40000e+01, 6.66000e+02,
        2.02000e+01, 2.91550e+02, 1.41000e+01],
       [1.50100e-02, 8.00000e+01, 2.01000e+00, 0.00000e+00, 4.35000e-01,
        6.63500e+00, 2.97000e+01, 8.34400e+00, 4.00000e+00, 2.80000e+02,
        1.70000e+01, 3.90940e+02, 5.99000e+00],
       [1.25790e-01, 4.50000e+01, 3.44000e+00, 0.00000e+00, 4.37000e-01,
        6.55600e+00, 2.91000e+01, 4.56670e+00, 5.00000e+00, 3.98000e+02,
        1.52000e+01, 3.82840e+02, 4.56000e+00],
       [5.29305e+00, 0.00000e+00, 1.81000e+01, 0.00000e+00, 7.00000e-01,
        6.05100e+00, 8.25000e+01, 2.16780e+00, 2.40000e+01, 6.66000e+02,
        2.02000e+01, 3.78380e+02, 1.87600e+01],
       [7.67202e+00, 0.00000e+00, 1.81000e+01, 0.00000e+00, 6.93000e-01,
        5.74700e+00, 9.89000e+01, 1.63340e+00, 2.40000e+01, 6.66000e+02,
        2.02000e+01, 3.93100e+02, 1.99200e+01],
       [6.44405e+00, 0.00000e+00, 1.81000e+01, 0.00000e+00, 5.84000e-01,
        6.42500e+00, 7.48000e+01, 2.20040e+00, 2.40000e+01, 6.66000e+02,
        2.02000e+01, 9.79500e+01, 1.20300e+01],
       [5.75290e-01, 0.00000e+00, 6.20000e+00, 0.00000e+00, 5.07000e-01,
        8.33700e+00, 7.33000e+01, 3.83840e+00, 8.00000e+00, 3.07000e+02,
        1.74000e+01, 3.85910e+02, 2.47000e+00],
       [3.61500e-02, 8.00000e+01, 4.95000e+00, 0.00000e+00, 4.11000e-01,
        6.63000e+00, 2.34000e+01, 5.11670e+00, 4.00000e+00, 2.45000e+02,
        1.92000e+01, 3.96900e+02, 4.70000e+00],
       [5.26930e-01, 0.00000e+00, 6.20000e+00, 0.00000e+00, 5.04000e-01,
        8.72500e+00, 8.30000e+01, 2.89440e+00, 8.00000e+00, 3.07000e+02,
        1.74000e+01, 3.82000e+02, 4.63000e+00],
       [1.41385e+00, 0.00000e+00, 1.95800e+01, 1.00000e+00, 8.71000e-01,
        6.12900e+00, 9.60000e+01, 1.74940e+00, 5.00000e+00, 4.03000e+02,
        1.47000e+01, 3.21020e+02, 1.51200e+01],
       [8.82900e-02, 1.25000e+01, 7.87000e+00, 0.00000e+00, 5.24000e-01,
        6.01200e+00, 6.66000e+01, 5.56050e+00, 5.00000e+00, 3.11000e+02,
        1.52000e+01, 3.95600e+02, 1.24300e+01],
       [4.41780e-01, 0.00000e+00, 6.20000e+00, 0.00000e+00, 5.04000e-01,
        6.55200e+00, 2.14000e+01, 3.37510e+00, 8.00000e+00, 3.07000e+02,
        1.74000e+01, 3.80340e+02, 3.76000e+00],
       [1.48660e-01, 0.00000e+00, 8.56000e+00, 0.00000e+00, 5.20000e-01,
        6.72700e+00, 7.99000e+01, 2.77780e+00, 5.00000e+00, 3.84000e+02,
        2.09000e+01, 3.94760e+02, 9.42000e+00],
       [1.36781e+01, 0.00000e+00, 1.81000e+01, 0.00000e+00, 7.40000e-01,
        5.93500e+00, 8.79000e+01, 1.82060e+00, 2.40000e+01, 6.66000e+02,
        2.02000e+01, 6.89500e+01, 3.40200e+01],
       [1.96500e-02, 8.00000e+01, 1.76000e+00, 0.00000e+00, 3.85000e-01,
        6.23000e+00, 3.15000e+01, 9.08920e+00, 1.00000e+00, 2.41000e+02,
        1.82000e+01, 3.41600e+02, 1.29300e+01],
       [2.79570e-01, 0.00000e+00, 9.69000e+00, 0.00000e+00, 5.85000e-01,
        5.92600e+00, 4.26000e+01, 2.38170e+00, 6.00000e+00, 3.91000e+02,
        1.92000e+01, 3.96900e+02, 1.35900e+01],
       [5.42500e-02, 0.00000e+00, 4.05000e+00, 0.00000e+00, 5.10000e-01,
        6.31500e+00, 7.34000e+01, 3.31750e+00, 5.00000e+00, 2.96000e+02,
        1.66000e+01, 3.95600e+02, 6.29000e+00],
       [7.89600e-02, 0.00000e+00, 1.28300e+01, 0.00000e+00, 4.37000e-01,
        6.27300e+00, 6.00000e+00, 4.25150e+00, 5.00000e+00, 3.98000e+02,
        1.87000e+01, 3.94920e+02, 6.78000e+00],
       [2.19770e-01, 0.00000e+00, 6.91000e+00, 0.00000e+00, 4.48000e-01,
        5.60200e+00, 6.20000e+01, 6.08770e+00, 3.00000e+00, 2.33000e+02,
        1.79000e+01, 3.96900e+02, 1.62000e+01],
       [8.82600e-02, 0.00000e+00, 1.08100e+01, 0.00000e+00, 4.13000e-01,
        6.41700e+00, 6.60000e+00, 5.28730e+00, 4.00000e+00, 3.05000e+02,
        1.92000e+01, 3.83730e+02, 6.72000e+00],
       [5.37000e-01, 0.00000e+00, 6.20000e+00, 0.00000e+00, 5.04000e-01,
        5.98100e+00, 6.81000e+01, 3.67150e+00, 8.00000e+00, 3.07000e+02,
        1.74000e+01, 3.78350e+02, 1.16500e+01],
       [1.31580e-01, 0.00000e+00, 1.00100e+01, 0.00000e+00, 5.47000e-01,
        6.17600e+00, 7.25000e+01, 2.73010e+00, 6.00000e+00, 4.32000e+02,
        1.78000e+01, 3.93300e+02, 1.20400e+01],
       [8.05579e+00, 0.00000e+00, 1.81000e+01, 0.00000e+00, 5.84000e-01,
        5.42700e+00, 9.54000e+01, 2.42980e+00, 2.40000e+01, 6.66000e+02,
        2.02000e+01, 3.52580e+02, 1.81400e+01],
       [2.36482e+01, 0.00000e+00, 1.81000e+01, 0.00000e+00, 6.71000e-01,
        6.38000e+00, 9.62000e+01, 1.38610e+00, 2.40000e+01, 6.66000e+02,
        2.02000e+01, 3.96900e+02, 2.36900e+01],
       [4.56000e-02, 0.00000e+00, 1.38900e+01, 1.00000e+00, 5.50000e-01,
        5.88800e+00, 5.60000e+01, 3.11210e+00, 5.00000e+00, 2.76000e+02,
        1.64000e+01, 3.92800e+02, 1.35100e+01],
       [2.14090e-01, 2.20000e+01, 5.86000e+00, 0.00000e+00, 4.31000e-01,
        6.43800e+00, 8.90000e+00, 7.39670e+00, 7.00000e+00, 3.30000e+02,
        1.91000e+01, 3.77070e+02, 3.59000e+00],
       [9.37800e-02, 1.25000e+01, 7.87000e+00, 0.00000e+00, 5.24000e-01,
        5.88900e+00, 3.90000e+01, 5.45090e+00, 5.00000e+00, 3.11000e+02,
        1.52000e+01, 3.90500e+02, 1.57100e+01],
       [3.58090e-01, 0.00000e+00, 6.20000e+00, 1.00000e+00, 5.07000e-01,
        6.95100e+00, 8.85000e+01, 2.86170e+00, 8.00000e+00, 3.07000e+02,
        1.74000e+01, 3.91700e+02, 9.71000e+00],
       [2.22120e-01, 0.00000e+00, 1.00100e+01, 0.00000e+00, 5.47000e-01,
        6.09200e+00, 9.54000e+01, 2.54800e+00, 6.00000e+00, 4.32000e+02,
        1.78000e+01, 3.96900e+02, 1.70900e+01],
       [3.52330e-01, 0.00000e+00, 2.18900e+01, 0.00000e+00, 6.24000e-01,
        6.45400e+00, 9.84000e+01, 1.84980e+00, 4.00000e+00, 4.37000e+02,
        2.12000e+01, 3.94080e+02, 1.45900e+01],
       [1.39600e-01, 0.00000e+00, 8.56000e+00, 0.00000e+00, 5.20000e-01,
        6.16700e+00, 9.00000e+01, 2.42100e+00, 5.00000e+00, 3.84000e+02,
        2.09000e+01, 3.92690e+02, 1.23300e+01],
       [1.25179e+00, 0.00000e+00, 8.14000e+00, 0.00000e+00, 5.38000e-01,
        5.57000e+00, 9.81000e+01, 3.79790e+00, 4.00000e+00, 3.07000e+02,
        2.10000e+01, 3.76570e+02, 2.10200e+01],
       [9.18702e+00, 0.00000e+00, 1.81000e+01, 0.00000e+00, 7.00000e-01,
        5.53600e+00, 1.00000e+02, 1.58040e+00, 2.40000e+01, 6.66000e+02,
        2.02000e+01, 3.96900e+02, 2.36000e+01],
       [6.72400e-02, 0.00000e+00, 3.24000e+00, 0.00000e+00, 4.60000e-01,
        6.33300e+00, 1.72000e+01, 5.21460e+00, 4.00000e+00, 4.30000e+02,
        1.69000e+01, 3.75210e+02, 7.34000e+00],
       [1.69020e-01, 0.00000e+00, 2.56500e+01, 0.00000e+00, 5.81000e-01,
        5.98600e+00, 8.84000e+01, 1.99290e+00, 2.00000e+00, 1.88000e+02,
        1.91000e+01, 3.85020e+02, 1.48100e+01],
       [1.50380e-01, 0.00000e+00, 2.56500e+01, 0.00000e+00, 5.81000e-01,
        5.85600e+00, 9.70000e+01, 1.94440e+00, 2.00000e+00, 1.88000e+02,
        1.91000e+01, 3.70310e+02, 2.54100e+01]])}
INFO - BNN_UCI - Completed after 0:03:44
