INFO - BNN_UCI - Running command 'fit_bnn'
INFO - BNN_UCI - Started run with ID "364"
/home/freidanm/repos/pytorch_experiments/experiments_env/src/pysgmcmc/pysgmcmc/data/datasets.py:14: FutureWarning: Method .as_matrix will be removed in a future version. Use .values instead.
  x_train = train_data.as_matrix(feature_columns)
/home/freidanm/repos/pytorch_experiments/experiments_env/src/pysgmcmc/pysgmcmc/data/datasets.py:15: FutureWarning: Method .as_matrix will be removed in a future version. Use .values instead.
  y_train = train_data[label_column].as_matrix()
/home/freidanm/repos/pytorch_experiments/experiments_env/src/pysgmcmc/pysgmcmc/data/datasets.py:17: FutureWarning: Method .as_matrix will be removed in a future version. Use .values instead.
  x_test = test_data.as_matrix(feature_columns)
/home/freidanm/repos/pytorch_experiments/experiments_env/src/pysgmcmc/pysgmcmc/data/datasets.py:18: FutureWarning: Method .as_matrix will be removed in a future version. Use .values instead.
  y_test = test_data[label_column].as_matrix()
INFO - root - Performing 15000 iterations
INFO - BNN_UCI - Result: {'y_test': array([18.9, 27.1, 20.8, 50. , 20.8, 21.6, 50. , 28.4, 50. , 37.6, 23.8,
       19.7,  8.7, 20.9, 33.8, 25. , 23. , 15.6, 43.5, 18.7, 21.7, 19.1,
       17.6, 24.1, 24.6, 32.5, 15.1, 23.5, 21.7, 34.7, 41.3, 34.9,  7. ,
        6.3, 10.2, 33.3, 22.9, 23.9, 23.7, 13.1, 12. , 14.9, 20.1, 13.8,
       35.4, 13. , 34.6, 22.8, 20.4, 36.2, 23.7]), 'x_test': array([[1.17470e-01, 1.25000e+01, 7.87000e+00, 0.00000e+00, 5.24000e-01,
        6.00900e+00, 8.29000e+01, 6.22670e+00, 5.00000e+00, 3.11000e+02,
        1.52000e+01, 3.96900e+02, 1.32700e+01],
       [1.44550e-01, 1.25000e+01, 7.87000e+00, 0.00000e+00, 5.24000e-01,
        6.17200e+00, 9.61000e+01, 5.95050e+00, 5.00000e+00, 3.11000e+02,
        1.52000e+01, 3.96900e+02, 1.91500e+01],
       [1.20482e+01, 0.00000e+00, 1.81000e+01, 0.00000e+00, 6.14000e-01,
        5.64800e+00, 8.76000e+01, 1.95120e+00, 2.40000e+01, 6.66000e+02,
        2.02000e+01, 2.91550e+02, 1.41000e+01],
       [8.26725e+00, 0.00000e+00, 1.81000e+01, 1.00000e+00, 6.68000e-01,
        5.87500e+00, 8.96000e+01, 1.12960e+00, 2.40000e+01, 6.66000e+02,
        2.02000e+01, 3.47880e+02, 8.88000e+00],
       [8.70700e-02, 0.00000e+00, 1.28300e+01, 0.00000e+00, 4.37000e-01,
        6.14000e+00, 4.58000e+01, 4.09050e+00, 5.00000e+00, 3.98000e+02,
        1.87000e+01, 3.86960e+02, 1.02700e+01],
       [2.73100e-02, 0.00000e+00, 7.07000e+00, 0.00000e+00, 4.69000e-01,
        6.42100e+00, 7.89000e+01, 4.96710e+00, 2.00000e+00, 2.42000e+02,
        1.78000e+01, 3.96900e+02, 9.14000e+00],
       [2.00900e-02, 9.50000e+01, 2.68000e+00, 0.00000e+00, 4.16100e-01,
        8.03400e+00, 3.19000e+01, 5.11800e+00, 4.00000e+00, 2.24000e+02,
        1.47000e+01, 3.90550e+02, 2.88000e+00],
       [5.47900e-02, 3.30000e+01, 2.18000e+00, 0.00000e+00, 4.72000e-01,
        6.61600e+00, 5.81000e+01, 3.37000e+00, 7.00000e+00, 2.22000e+02,
        1.84000e+01, 3.93360e+02, 8.93000e+00],
       [5.66998e+00, 0.00000e+00, 1.81000e+01, 1.00000e+00, 6.31000e-01,
        6.68300e+00, 9.68000e+01, 1.35670e+00, 2.40000e+01, 6.66000e+02,
        2.02000e+01, 3.75330e+02, 3.73000e+00],
       [3.82140e-01, 0.00000e+00, 6.20000e+00, 0.00000e+00, 5.04000e-01,
        8.04000e+00, 8.65000e+01, 3.21570e+00, 8.00000e+00, 3.07000e+02,
        1.74000e+01, 3.87380e+02, 3.13000e+00],
       [2.30040e+00, 0.00000e+00, 1.95800e+01, 0.00000e+00, 6.05000e-01,
        6.31900e+00, 9.61000e+01, 2.10000e+00, 5.00000e+00, 4.03000e+02,
        1.47000e+01, 2.97090e+02, 1.11000e+01],
       [8.87300e-02, 2.10000e+01, 5.64000e+00, 0.00000e+00, 4.39000e-01,
        5.96300e+00, 4.57000e+01, 6.81470e+00, 4.00000e+00, 2.43000e+02,
        1.68000e+01, 3.95560e+02, 1.34500e+01],
       [1.51772e+01, 0.00000e+00, 1.81000e+01, 0.00000e+00, 7.40000e-01,
        6.15200e+00, 1.00000e+02, 1.91420e+00, 2.40000e+01, 6.66000e+02,
        2.02000e+01, 9.32000e+00, 2.64500e+01],
       [1.28160e-01, 1.25000e+01, 6.07000e+00, 0.00000e+00, 4.09000e-01,
        5.88500e+00, 3.30000e+01, 6.49800e+00, 4.00000e+00, 3.45000e+02,
        1.89000e+01, 3.96900e+02, 8.79000e+00],
       [5.40110e-01, 2.00000e+01, 3.97000e+00, 0.00000e+00, 6.47000e-01,
        7.20300e+00, 8.18000e+01, 2.11210e+00, 5.00000e+00, 2.64000e+02,
        1.30000e+01, 3.92800e+02, 9.59000e+00],
       [4.54192e+00, 0.00000e+00, 1.81000e+01, 0.00000e+00, 7.70000e-01,
        6.39800e+00, 8.80000e+01, 2.51820e+00, 2.40000e+01, 6.66000e+02,
        2.02000e+01, 3.74560e+02, 7.79000e+00],
       [5.90050e-01, 0.00000e+00, 2.18900e+01, 0.00000e+00, 6.24000e-01,
        6.37200e+00, 9.79000e+01, 2.32740e+00, 4.00000e+00, 4.37000e+02,
        2.12000e+01, 3.85760e+02, 1.11200e+01],
       [7.50260e-01, 0.00000e+00, 8.14000e+00, 0.00000e+00, 5.38000e-01,
        5.92400e+00, 9.41000e+01, 4.39960e+00, 4.00000e+00, 3.07000e+02,
        2.10000e+01, 3.94330e+02, 1.63000e+01],
       [5.40500e-01, 2.00000e+01, 3.97000e+00, 0.00000e+00, 5.75000e-01,
        7.47000e+00, 5.26000e+01, 2.87200e+00, 5.00000e+00, 2.64000e+02,
        1.30000e+01, 3.90300e+02, 3.16000e+00],
       [6.15100e-02, 0.00000e+00, 5.19000e+00, 0.00000e+00, 5.15000e-01,
        5.96800e+00, 5.85000e+01, 4.81220e+00, 5.00000e+00, 2.24000e+02,
        2.02000e+01, 3.96900e+02, 9.29000e+00],
       [1.07930e-01, 0.00000e+00, 8.56000e+00, 0.00000e+00, 5.20000e-01,
        6.19500e+00, 5.44000e+01, 2.77780e+00, 5.00000e+00, 3.84000e+02,
        2.09000e+01, 3.93490e+02, 1.30000e+01],
       [1.55757e+01, 0.00000e+00, 1.81000e+01, 0.00000e+00, 5.80000e-01,
        5.92600e+00, 7.10000e+01, 2.90840e+00, 2.40000e+01, 6.66000e+02,
        2.02000e+01, 3.68740e+02, 1.81300e+01],
       [2.06080e-01, 2.20000e+01, 5.86000e+00, 0.00000e+00, 4.31000e-01,
        5.59300e+00, 7.65000e+01, 7.95490e+00, 7.00000e+00, 3.30000e+02,
        1.91000e+01, 3.72490e+02, 1.25000e+01],
       [3.44500e-02, 8.25000e+01, 2.03000e+00, 0.00000e+00, 4.15000e-01,
        6.16200e+00, 3.84000e+01, 6.27000e+00, 2.00000e+00, 3.48000e+02,
        1.47000e+01, 3.93770e+02, 7.43000e+00],
       [1.91860e-01, 0.00000e+00, 7.38000e+00, 0.00000e+00, 4.93000e-01,
        6.43100e+00, 1.47000e+01, 5.41590e+00, 5.00000e+00, 2.87000e+02,
        1.96000e+01, 3.93680e+02, 5.08000e+00],
       [1.00080e-01, 0.00000e+00, 2.46000e+00, 0.00000e+00, 4.88000e-01,
        6.56300e+00, 9.56000e+01, 2.84700e+00, 3.00000e+00, 1.93000e+02,
        1.78000e+01, 3.96900e+02, 5.68000e+00],
       [6.96215e+00, 0.00000e+00, 1.81000e+01, 0.00000e+00, 7.00000e-01,
        5.71300e+00, 9.70000e+01, 1.92650e+00, 2.40000e+01, 6.66000e+02,
        2.02000e+01, 3.94430e+02, 1.71100e+01],
       [3.58400e-02, 8.00000e+01, 3.37000e+00, 0.00000e+00, 3.98000e-01,
        6.29000e+00, 1.78000e+01, 6.61150e+00, 4.00000e+00, 3.37000e+02,
        1.61000e+01, 3.96900e+02, 4.67000e+00],
       [4.07710e-01, 0.00000e+00, 6.20000e+00, 1.00000e+00, 5.07000e-01,
        6.16400e+00, 9.13000e+01, 3.04800e+00, 8.00000e+00, 3.07000e+02,
        1.74000e+01, 3.95240e+02, 2.14600e+01],
       [2.72900e-02, 0.00000e+00, 7.07000e+00, 0.00000e+00, 4.69000e-01,
        7.18500e+00, 6.11000e+01, 4.96710e+00, 2.00000e+00, 2.42000e+02,
        1.78000e+01, 3.92830e+02, 4.03000e+00],
       [1.22358e+00, 0.00000e+00, 1.95800e+01, 0.00000e+00, 6.05000e-01,
        6.94300e+00, 9.74000e+01, 1.87730e+00, 5.00000e+00, 4.03000e+02,
        1.47000e+01, 3.63430e+02, 4.59000e+00],
       [3.35900e-02, 7.50000e+01, 2.95000e+00, 0.00000e+00, 4.28000e-01,
        7.02400e+00, 1.58000e+01, 5.40110e+00, 3.00000e+00, 2.52000e+02,
        1.83000e+01, 3.95620e+02, 1.98000e+00],
       [1.83370e-01, 0.00000e+00, 2.77400e+01, 0.00000e+00, 6.09000e-01,
        5.41400e+00, 9.83000e+01, 1.75540e+00, 4.00000e+00, 7.11000e+02,
        2.01000e+01, 3.44050e+02, 2.39700e+01],
       [9.91655e+00, 0.00000e+00, 1.81000e+01, 0.00000e+00, 6.93000e-01,
        5.85200e+00, 7.78000e+01, 1.50040e+00, 2.40000e+01, 6.66000e+02,
        2.02000e+01, 3.38160e+02, 2.99700e+01],
       [1.22472e+01, 0.00000e+00, 1.81000e+01, 0.00000e+00, 5.84000e-01,
        5.83700e+00, 5.97000e+01, 1.99760e+00, 2.40000e+01, 6.66000e+02,
        2.02000e+01, 2.46500e+01, 1.56900e+01],
       [4.01100e-02, 8.00000e+01, 1.52000e+00, 0.00000e+00, 4.04000e-01,
        7.28700e+00, 3.41000e+01, 7.30900e+00, 2.00000e+00, 3.29000e+02,
        1.26000e+01, 3.96900e+02, 4.08000e+00],
       [6.21100e-02, 4.00000e+01, 1.25000e+00, 0.00000e+00, 4.29000e-01,
        6.49000e+00, 4.44000e+01, 8.79210e+00, 1.00000e+00, 3.35000e+02,
        1.97000e+01, 3.96900e+02, 5.98000e+00],
       [2.54300e-02, 5.50000e+01, 3.78000e+00, 0.00000e+00, 4.84000e-01,
        6.69600e+00, 5.64000e+01, 5.73210e+00, 5.00000e+00, 3.70000e+02,
        1.76000e+01, 3.96900e+02, 7.18000e+00],
       [2.89550e-01, 0.00000e+00, 1.05900e+01, 0.00000e+00, 4.89000e-01,
        5.41200e+00, 9.80000e+00, 3.58750e+00, 4.00000e+00, 2.77000e+02,
        1.86000e+01, 3.48930e+02, 2.95500e+01],
       [8.71675e+00, 0.00000e+00, 1.81000e+01, 0.00000e+00, 6.93000e-01,
        6.47100e+00, 9.88000e+01, 1.72570e+00, 2.40000e+01, 6.66000e+02,
        2.02000e+01, 3.91980e+02, 1.71200e+01],
       [1.50234e+01, 0.00000e+00, 1.81000e+01, 0.00000e+00, 6.14000e-01,
        5.30400e+00, 9.73000e+01, 2.10070e+00, 2.40000e+01, 6.66000e+02,
        2.02000e+01, 3.49480e+02, 2.49100e+01],
       [7.75223e+00, 0.00000e+00, 1.81000e+01, 0.00000e+00, 7.13000e-01,
        6.30100e+00, 8.37000e+01, 2.78310e+00, 2.40000e+01, 6.66000e+02,
        2.02000e+01, 2.72210e+02, 1.62300e+01],
       [1.06120e-01, 3.00000e+01, 4.93000e+00, 0.00000e+00, 4.28000e-01,
        6.09500e+00, 6.51000e+01, 6.33610e+00, 6.00000e+00, 3.00000e+02,
        1.66000e+01, 3.94620e+02, 1.24000e+01],
       [1.84982e+01, 0.00000e+00, 1.81000e+01, 0.00000e+00, 6.68000e-01,
        4.13800e+00, 1.00000e+02, 1.13700e+00, 2.40000e+01, 6.66000e+02,
        2.02000e+01, 3.96900e+02, 3.79700e+01],
       [1.31100e-02, 9.00000e+01, 1.22000e+00, 0.00000e+00, 4.03000e-01,
        7.24900e+00, 2.19000e+01, 8.69660e+00, 5.00000e+00, 2.26000e+02,
        1.79000e+01, 3.95930e+02, 4.81000e+00],
       [7.52601e+00, 0.00000e+00, 1.81000e+01, 0.00000e+00, 7.13000e-01,
        6.41700e+00, 9.83000e+01, 2.18500e+00, 2.40000e+01, 6.66000e+02,
        2.02000e+01, 3.04210e+02, 1.93100e+01],
       [3.76800e-02, 8.00000e+01, 1.52000e+00, 0.00000e+00, 4.04000e-01,
        7.27400e+00, 3.83000e+01, 7.30900e+00, 2.00000e+00, 3.29000e+02,
        1.26000e+01, 3.92200e+02, 6.62000e+00],
       [4.92980e-01, 0.00000e+00, 9.90000e+00, 0.00000e+00, 5.44000e-01,
        6.63500e+00, 8.25000e+01, 3.31750e+00, 4.00000e+00, 3.04000e+02,
        1.84000e+01, 3.96900e+02, 4.54000e+00],
       [3.51140e-01, 0.00000e+00, 7.38000e+00, 0.00000e+00, 4.93000e-01,
        6.04100e+00, 4.99000e+01, 4.72110e+00, 5.00000e+00, 2.87000e+02,
        1.96000e+01, 3.96900e+02, 7.70000e+00],
       [6.90500e-02, 0.00000e+00, 2.18000e+00, 0.00000e+00, 4.58000e-01,
        7.14700e+00, 5.42000e+01, 6.06220e+00, 3.00000e+00, 2.22000e+02,
        1.87000e+01, 3.96900e+02, 5.33000e+00],
       [1.27570e-01, 3.00000e+01, 4.93000e+00, 0.00000e+00, 4.28000e-01,
        6.39300e+00, 7.80000e+00, 7.03550e+00, 6.00000e+00, 3.00000e+02,
        1.66000e+01, 3.74710e+02, 5.19000e+00]]), 'y_train': array([24. , 33.4, 28.7, 22.9, 16.5, 18.9, 15. , 21.7, 20.4, 18.2, 19.9,
       23.1, 17.5, 20.2, 18.2, 13.6, 19.6, 15.2, 14.5, 13.9, 16.6, 14.8,
       18.4, 21. , 12.7, 14.5, 13.2, 13.1, 13.5, 18.9, 20. , 21. , 24.7,
       30.8, 26.6, 25.3, 24.7, 21.2, 19.3, 20. , 16.6, 14.4, 19.4, 20.5,
       25. , 23.4, 18.9, 24.7, 31.6, 23.3, 19.6, 18.7, 16. , 22.2, 25. ,
       33. , 19.4, 22. , 17.4, 24.2, 21.7, 22.8, 23.4, 24.1, 21.4, 20. ,
       21.2, 20.3, 28. , 23.9, 24.8, 22.9, 23.9, 26.6, 22.5, 22.2, 23.6,
       28.7, 22.6, 22. , 22.9, 25. , 20.6, 28.4, 21.4, 38.7, 43.8, 33.2,
       27.5, 26.5, 18.6, 19.3, 20.1, 19.5, 19.5, 20.4, 19.8, 19.4, 22.8,
       18.8, 18.7, 18.5, 18.3, 21.2, 19.2, 20.4, 19.3, 22. , 20.3, 20.5,
       17.3, 18.8, 21.4, 15.7, 16.2, 18. , 14.3, 19.2, 19.6, 18.4, 15.6,
       18.1, 17.4, 17.1, 13.3, 17.8, 14. , 14.4, 13.4, 15.6, 11.8, 13.8,
       15.6, 14.6, 17.8, 15.4, 21.5, 19.6, 15.3, 19.4, 17. , 15.6, 13.1,
       24.3, 23.3, 27. , 50. , 50. , 50. , 22.7, 25. , 50. , 23.8, 22.3,
       17.4, 19.1, 23.1, 23.6, 22.6, 29.4, 23.2, 24.6, 29.9, 37.2, 39.8,
       36.2, 37.9, 26.4, 29.6, 50. , 32. , 29.8, 34.9, 37. , 30.5, 36.4,
       31.1, 29.1, 50. , 30.3, 34.9, 32.9, 42.3, 48.5, 22.6, 24.4, 22.5,
       24.4, 20. , 21.7, 19.3, 22.4, 28.1, 25. , 23.3, 28.7, 21.5, 23. ,
       26.7, 27.5, 30.1, 44.8, 50. , 31.6, 46.7, 31.5, 24.3, 31.7, 41.7,
       48.3, 29. , 24. , 25.1, 31.5, 23.7, 23.3, 22. , 22.2, 18.5, 24.3,
       20.5, 24.5, 26.2, 24.4, 24.8, 29.6, 42.8, 21.9, 20.9, 44. , 50. ,
       36. , 30.1, 43.1, 48.8, 31. , 36.5, 22.8, 30.7, 50. , 20.7, 21.1,
       25.2, 24.4, 35.2, 32.4, 32. , 33.2, 33.1, 29.1, 35.1, 45.4, 35.4,
       46. , 50. , 32.2, 22. , 20.1, 23.2, 22.3, 24.8, 28.5, 37.3, 27.9,
       23.9, 21.7, 28.6, 27.1, 20.3, 22.5, 29. , 24.8, 22. , 26.4, 33.1,
       36.1, 33.4, 28.2, 20.3, 16.1, 22.1, 19.4, 21.6, 23.8, 16.2, 17.8,
       19.8, 23.1, 21. , 23.8, 23.1, 18.5, 25. , 23. , 22.2, 19.3, 22.6,
       19.8, 17.1, 19.4, 22.2, 20.7, 21.1, 19.5, 18.5, 20.6, 19. , 32.7,
       16.5, 31.2, 17.5, 17.2, 23.1, 24.5, 26.6, 24.1, 18.6, 30.1, 18.2,
       20.6, 17.8, 21.7, 22.7, 22.6, 19.9, 20.8, 16.8, 21.9, 27.5, 21.9,
       23.1, 50. , 50. , 50. , 13.8, 15. , 13.9, 13.3, 13.1, 10.2, 10.4,
       10.9, 11.3, 12.3,  8.8,  7.2, 10.5,  7.4, 10.2, 11.5, 23.2,  9.7,
       13.8, 12.7, 12.5,  8.5,  5. ,  5.6,  7.2, 12.1,  8.3,  8.5,  5. ,
       11.9, 27.9, 17.2, 27.5, 15. , 17.2, 17.9, 16.3,  7. ,  7.2,  7.5,
       10.4,  8.8,  8.4, 16.7, 14.2, 13.4, 11.7,  8.3, 10.9, 11. ,  9.5,
       14.5, 14.1, 16.1, 14.3, 11.7, 13.4,  9.6,  8.4, 12.8, 10.5, 17.1,
       18.4, 15.4, 10.8, 11.8, 14.9, 12.6, 14.1, 13.4, 15.2, 16.1, 17.8,
       14.9, 14.1, 12.7, 13.5, 20. , 16.4, 17.7, 19.5, 20.2, 21.4, 19.9,
       19. , 19.1, 20.1, 19.9, 19.6, 23.2, 29.8, 13.8, 13.3, 16.7, 14.6,
       21.4, 23. , 23.7, 25. , 21.8, 20.6, 21.2, 19.1, 20.6, 15.2,  8.1,
       13.6, 20.1, 21.8, 24.5, 23.1, 19.7, 18.3, 21.2, 17.5, 16.8, 22.4,
       20.6, 23.9, 22. , 11.9]), 'x_train': array([[6.3200e-03, 1.8000e+01, 2.3100e+00, ..., 1.5300e+01, 3.9690e+02,
        4.9800e+00],
       [3.2370e-02, 0.0000e+00, 2.1800e+00, ..., 1.8700e+01, 3.9463e+02,
        2.9400e+00],
       [2.9850e-02, 0.0000e+00, 2.1800e+00, ..., 1.8700e+01, 3.9412e+02,
        5.2100e+00],
       ...,
       [6.0760e-02, 0.0000e+00, 1.1930e+01, ..., 2.1000e+01, 3.9690e+02,
        5.6400e+00],
       [1.0959e-01, 0.0000e+00, 1.1930e+01, ..., 2.1000e+01, 3.9345e+02,
        6.4800e+00],
       [4.7410e-02, 0.0000e+00, 1.1930e+01, ..., 2.1000e+01, 3.9690e+02,
        7.8800e+00]]), 'packages': [['atomicwrites', '1.1.5'], ['attrs', '18.1.0'], ['backcall', '0.1.0'], ['coverage', '4.5.1'], ['cycler', '0.10.0'], ['decorator', '4.3.0'], ['docopt', '0.6.2'], ['hashfs', '0.7.0'], ['hypothesis', '3.57.0'], ['ipykernel', '4.8.2'], ['ipython', '6.4.0'], ['ipython-genutils', '0.2.0'], ['jedi', '0.12.0'], ['jsonpickle', '0.9.6'], ['jsonschema', '2.6.0'], ['jupyter-client', '5.2.3'], ['jupyter-core', '4.4.0'], ['kiwisolver', '1.0.1'], ['Lasagne', '0.1'], ['matplotlib', '2.2.2'], ['more-itertools', '4.2.0'], ['mpmath', '1.0.0'], ['munch', '2.3.2'], ['nbformat', '4.4.0'], ['nbval', '0.9.1'], ['numpy', '1.14.3'], ['pandas', '0.23.0'], ['parso', '0.2.1'], ['pexpect', '4.6.0'], ['pickleshare', '0.7.4'], ['Pillow', '5.1.0'], ['pip', '10.0.1'], ['pkg-resources', '0.0.0'], ['pluggy', '0.6.0'], ['prompt-toolkit', '1.0.15'], ['ptyprocess', '0.5.2'], ['py', '1.5.3'], ['py-cpuinfo', '4.0.0'], ['Pygments', '2.2.0'], ['pymongo', '3.6.1'], ['pyparsing', '2.2.0'], ['pysgmcmc', '0.0.1'], ['pytest', '3.6.0'], ['python-dateutil', '2.7.3'], ['pytz', '2018.4'], ['pyzmq', '17.0.0'], ['sacred', '0.7.3'], ['scandir', '1.7'], ['scikit-learn', '0.19.1'], ['scipy', '1.1.0'], ['seaborn', '0.8.1'], ['setuptools', '39.2.0'], ['simplegeneric', '0.8.1'], ['six', '1.11.0'], ['SQLAlchemy', '1.2.8'], ['sympy', '1.1.1'], ['Theano', '0.8.0'], ['tinydb', '3.9.0.post1'], ['tinydb-serialization', '1.0.4'], ['torch', '0.4.0'], ['torchvision', '0.2.1'], ['tornado', '5.0.2'], ['tqdm', '4.23.4'], ['traitlets', '4.3.2'], ['wcwidth', '0.1.7'], ['wheel', '0.31.1'], ['wrapt', '1.10.11']], 'prediction_mean': array([21.116814 , 17.89585  , 22.099585 , 32.62926  , 20.85926  ,
       22.8747   , 49.904034 , 28.07431  , 47.732513 , 38.461334 ,
       22.811573 , 20.002327 ,  7.8160887, 21.462107 , 35.283836 ,
       22.562088 , 19.697792 , 15.627258 , 46.91469  , 20.65453  ,
       24.171843 , 14.784923 , 17.77907  , 23.543755 , 25.125023 ,
       27.824312 , 11.621309 , 25.28138  , 19.77017  , 32.638245 ,
       40.2098   , 37.23645  ,  9.07352  , 14.537658 , 13.183271 ,
       35.220657 , 23.526491 , 24.734068 , 16.957342 , 12.546055 ,
       10.826683 , 16.454294 , 17.93488  , 10.481453 , 34.836823 ,
       15.085886 , 32.950504 , 24.045471 , 22.42901  , 33.037857 ,
       26.14902  ], dtype=float32), 'prediction_std': array([1.0309203, 1.1374749, 1.4213905, 2.8717902, 0.9875643, 1.356631 ,
       1.5223787, 1.3397146, 1.347032 , 1.71554  , 1.0140166, 1.0949315,
       1.1583414, 1.1327587, 1.1548992, 1.3468174, 1.0014812, 1.182134 ,
       1.3985308, 1.3304077, 1.4040929, 1.4333411, 1.0150927, 1.1092281,
       1.0529677, 1.3936568, 1.5031558, 1.2773187, 1.8272994, 1.2632103,
       1.5409098, 1.6865016, 1.0568045, 1.3964993, 1.3921788, 1.7786571,
       1.2346668, 1.1473032, 3.2035728, 1.2532128, 1.4202895, 1.8537337,
       0.9059521, 1.1205897, 1.5606959, 1.125224 , 1.4487553, 1.0534801,
       1.1866629, 1.2629564, 1.3795646], dtype=float32)}
INFO - BNN_UCI - Completed after 0:04:08
