INFO - BNN_UCI - Running command 'fit_bnn'
INFO - BNN_UCI - Started run with ID "343"
/home/freidanm/repos/pytorch_experiments/experiments_env/src/pysgmcmc/pysgmcmc/data/datasets.py:14: FutureWarning: Method .as_matrix will be removed in a future version. Use .values instead.
  x_train = train_data.as_matrix(feature_columns)
/home/freidanm/repos/pytorch_experiments/experiments_env/src/pysgmcmc/pysgmcmc/data/datasets.py:15: FutureWarning: Method .as_matrix will be removed in a future version. Use .values instead.
  y_train = train_data[label_column].as_matrix()
/home/freidanm/repos/pytorch_experiments/experiments_env/src/pysgmcmc/pysgmcmc/data/datasets.py:17: FutureWarning: Method .as_matrix will be removed in a future version. Use .values instead.
  x_test = test_data.as_matrix(feature_columns)
/home/freidanm/repos/pytorch_experiments/experiments_env/src/pysgmcmc/pysgmcmc/data/datasets.py:18: FutureWarning: Method .as_matrix will be removed in a future version. Use .values instead.
  y_test = test_data[label_column].as_matrix()
INFO - root - Performing 15000 iterations
INFO - BNN_UCI - Result: {'prediction_mean': array([22.140041 ,  8.311655 , 40.90555  ,  9.171236 , 16.80454  ,
       18.841454 , 21.51659  , 19.789509 , 35.700985 , 25.47841  ,
       28.180958 , 44.76588  , 22.792017 , 19.357124 , 40.16249  ,
       33.80008  , 16.022385 , 31.819115 , 11.953386 , 29.408203 ,
       19.786905 , 17.56853  ,  6.7494993, 14.701553 , 18.775036 ,
       28.848778 , 30.278847 , 18.949936 , 12.739691 , 21.577795 ,
       41.244865 , 38.350323 , 50.34971  , 19.904062 , 12.599835 ,
       18.663244 ,  6.058775 , 15.869491 ,  9.235192 , 17.768152 ,
       11.706827 , 20.39108  , 13.625417 , 30.45375  , 36.79719  ,
        9.962576 , 32.336502 , 19.522028 , 11.026448 , 20.119171 ,
       21.750818 ], dtype=float32), 'x_train': array([[6.3200e-03, 1.8000e+01, 2.3100e+00, ..., 1.5300e+01, 3.9690e+02,
        4.9800e+00],
       [2.7310e-02, 0.0000e+00, 7.0700e+00, ..., 1.7800e+01, 3.9690e+02,
        9.1400e+00],
       [2.7290e-02, 0.0000e+00, 7.0700e+00, ..., 1.7800e+01, 3.9283e+02,
        4.0300e+00],
       ...,
       [6.0760e-02, 0.0000e+00, 1.1930e+01, ..., 2.1000e+01, 3.9690e+02,
        5.6400e+00],
       [1.0959e-01, 0.0000e+00, 1.1930e+01, ..., 2.1000e+01, 3.9345e+02,
        6.4800e+00],
       [4.7410e-02, 0.0000e+00, 1.1930e+01, ..., 2.1000e+01, 3.9690e+02,
        7.8800e+00]]), 'y_train': array([24. , 21.6, 34.7, 33.4, 36.2, 28.7, 27.1, 16.5, 15. , 18.9, 21.7,
       20.4, 18.2, 19.9, 23.1, 17.5, 20.2, 13.6, 19.6, 15.2, 14.5, 15.6,
       13.9, 16.6, 14.8, 18.4, 12.7, 14.5, 13.1, 13.5, 18.9, 20. , 21. ,
       24.7, 30.8, 34.9, 26.6, 25.3, 24.7, 21.2, 19.3, 20. , 16.6, 14.4,
       19.4, 19.7, 20.5, 25. , 23.4, 18.9, 35.4, 24.7, 31.6, 23.3, 19.6,
       18.7, 16. , 22.2, 25. , 33. , 23.5, 19.4, 22. , 17.4, 20.9, 24.2,
       21.7, 22.8, 23.4, 24.1, 21.4, 20. , 20.8, 21.2, 20.3, 28. , 23.9,
       24.8, 22.9, 23.9, 26.6, 22.5, 22.2, 23.6, 28.7, 22.6, 22. , 22.9,
       25. , 20.6, 28.4, 21.4, 38.7, 43.8, 33.2, 27.5, 26.5, 18.6, 19.3,
       20.1, 19.5, 20.4, 19.8, 19.4, 21.7, 22.8, 18.8, 18.7, 18.5, 18.3,
       21.2, 20.4, 19.3, 22. , 20.3, 17.3, 18.8, 21.4, 15.7, 16.2, 18. ,
       14.3, 19.2, 19.6, 23. , 18.4, 15.6, 18.1, 17.4, 17.1, 13.3, 17.8,
       14. , 14.4, 13.4, 15.6, 11.8, 15.6, 14.6, 17.8, 19.6, 15.3, 19.4,
       17. , 15.6, 13.1, 41.3, 24.3, 23.3, 27. , 50. , 50. , 50. , 22.7,
       25. , 50. , 23.8, 23.8, 22.3, 17.4, 19.1, 23.1, 23.6, 22.6, 29.4,
       23.2, 24.6, 29.9, 37.2, 39.8, 36.2, 37.9, 32.5, 26.4, 29.6, 50. ,
       29.8, 37. , 30.5, 31.1, 50. , 33.3, 30.3, 34.9, 32.9, 24.1, 42.3,
       48.5, 50. , 22.6, 24.4, 22.5, 20. , 21.7, 19.3, 22.4, 23.7, 25. ,
       23.3, 28.7, 21.5, 23. , 21.7, 27.5, 30.1, 44.8, 50. , 37.6, 31.6,
       46.7, 31.5, 24.3, 31.7, 41.7, 48.3, 24. , 25.1, 23.7, 23.3, 22. ,
       20.1, 23.7, 17.6, 18.5, 24.3, 20.5, 24.5, 26.2, 24.4, 24.8, 29.6,
       42.8, 20.9, 44. , 36. , 43.1, 48.8, 31. , 36.5, 22.8, 30.7, 50. ,
       20.7, 21.1, 25.2, 24.4, 35.2, 32.4, 33.2, 33.1, 29.1, 35.1, 45.4,
       35.4, 46. , 32.2, 22. , 20.1, 23.2, 22.3, 24.8, 28.5, 37.3, 27.9,
       23.9, 21.7, 28.6, 27.1, 20.3, 22.5, 29. , 24.8, 22. , 26.4, 33.1,
       28.4, 33.4, 28.2, 22.8, 20.3, 16.1, 22.1, 19.4, 21.6, 23.8, 16.2,
       17.8, 19.8, 23.1, 21. , 23.8, 23.1, 20.4, 18.5, 25. , 24.6, 23. ,
       22.2, 19.3, 22.6, 19.8, 17.1, 19.4, 22.2, 20.7, 21.1, 19.5, 18.5,
       20.6, 32.7, 16.5, 23.9, 31.2, 17.2, 23.1, 24.5, 26.6, 22.9, 24.1,
       18.6, 30.1, 18.2, 20.6, 17.8, 21.7, 22.7, 22.6, 25. , 19.9, 20.8,
       27.5, 21.9, 23.1, 50. , 50. , 50. , 50. , 50. , 13.8, 13.8, 15. ,
       13.3, 13.1, 10.2, 11.3, 12.3, 10.5,  7.4, 10.2, 11.5, 15.1,  9.7,
       13.8, 13.1, 12.5,  8.5,  5. ,  6.3,  5.6,  7.2, 12.1,  8.3,  8.5,
        5. , 27.9, 17.2, 27.5, 15. , 17.2, 16.3,  7. ,  7.2, 10.4,  8.8,
        8.4, 16.7, 14.2, 20.8, 13.4, 11.7,  8.3, 10.2, 10.9, 11. ,  9.5,
       14.5, 14.1, 16.1, 14.3, 11.7, 13.4,  9.6,  8.7,  8.4, 12.8, 10.5,
       17.1, 18.4, 15.4, 10.8, 11.8, 14.9, 12.6, 14.1, 13. , 15.2, 16.1,
       17.8, 14.9, 14.1, 12.7, 13.5, 14.9, 20. , 16.4, 17.7, 19.5, 20.2,
       21.4, 19.9, 19.1, 20.1, 19.9, 19.6, 23.2, 29.8, 13.8, 13.3, 16.7,
       12. , 14.6, 21.4, 23. , 23.7, 25. , 21.8, 20.6, 21.2, 19.1, 20.6,
       15.2,  7. ,  8.1, 13.6, 20.1, 24.5, 23.1, 19.7, 21.2, 17.5, 16.8,
       22.4, 23.9, 22. , 11.9]), 'y_test': array([16.8,  7.2, 50. , 10.4, 23.2, 15.4, 21.9, 18.7, 33.8, 28.1, 29. ,
       21.9, 22.2, 21.8, 36.1, 31.5, 20.6, 34.6, 10.9, 26.7, 21. , 18.2,
       17.9, 13.4, 18.3, 29.1, 30.1, 17.5, 19. , 24.4, 43.5, 36.4, 50. ,
       21.5, 13.8, 19.5, 11.9, 19.1,  7.5, 19.2,  8.8, 19. , 13.9, 32. ,
       34.9, 13.2, 32. , 20.5, 12.7, 18.9, 22.9]), 'prediction_std': array([1.438     , 0.8805993 , 3.618738  , 1.1212218 , 1.2805295 ,
       0.7592313 , 0.78573346, 0.71824473, 1.0145956 , 0.9786061 ,
       1.1805    , 1.3589574 , 1.7384902 , 0.6493862 , 2.3272257 ,
       1.6215045 , 0.8920394 , 1.1226068 , 0.99633634, 1.1058413 ,
       0.88800144, 0.9059538 , 1.7552408 , 0.78869534, 0.7449737 ,
       1.6513366 , 0.8753335 , 0.88346153, 0.81056744, 0.81593794,
       2.2560837 , 1.7193295 , 1.6878936 , 0.58039886, 1.6657268 ,
       1.0472084 , 1.8768398 , 1.4338177 , 1.2143885 , 0.8394918 ,
       1.1130974 , 0.8228771 , 1.3063333 , 1.048255  , 1.6084397 ,
       1.4804295 , 1.3853312 , 0.49968886, 1.496663  , 0.8501589 ,
       0.89541084], dtype=float32), 'packages': [['atomicwrites', '1.1.5'], ['attrs', '18.1.0'], ['backcall', '0.1.0'], ['coverage', '4.5.1'], ['cycler', '0.10.0'], ['decorator', '4.3.0'], ['docopt', '0.6.2'], ['hashfs', '0.7.0'], ['hypothesis', '3.57.0'], ['ipykernel', '4.8.2'], ['ipython', '6.4.0'], ['ipython-genutils', '0.2.0'], ['jedi', '0.12.0'], ['jsonpickle', '0.9.6'], ['jsonschema', '2.6.0'], ['jupyter-client', '5.2.3'], ['jupyter-core', '4.4.0'], ['kiwisolver', '1.0.1'], ['Lasagne', '0.1'], ['matplotlib', '2.2.2'], ['more-itertools', '4.2.0'], ['mpmath', '1.0.0'], ['munch', '2.3.2'], ['nbformat', '4.4.0'], ['nbval', '0.9.1'], ['numpy', '1.14.3'], ['pandas', '0.23.0'], ['parso', '0.2.1'], ['pexpect', '4.6.0'], ['pickleshare', '0.7.4'], ['Pillow', '5.1.0'], ['pip', '10.0.1'], ['pkg-resources', '0.0.0'], ['pluggy', '0.6.0'], ['prompt-toolkit', '1.0.15'], ['ptyprocess', '0.5.2'], ['py', '1.5.3'], ['py-cpuinfo', '4.0.0'], ['Pygments', '2.2.0'], ['pymongo', '3.6.1'], ['pyparsing', '2.2.0'], ['pysgmcmc', '0.0.1'], ['pytest', '3.6.0'], ['python-dateutil', '2.7.3'], ['pytz', '2018.4'], ['pyzmq', '17.0.0'], ['sacred', '0.7.3'], ['scandir', '1.7'], ['scikit-learn', '0.19.1'], ['scipy', '1.1.0'], ['seaborn', '0.8.1'], ['setuptools', '39.2.0'], ['simplegeneric', '0.8.1'], ['six', '1.11.0'], ['SQLAlchemy', '1.2.8'], ['sympy', '1.1.1'], ['Theano', '0.8.0'], ['tinydb', '3.9.0.post1'], ['tinydb-serialization', '1.0.4'], ['torch', '0.4.0'], ['torchvision', '0.2.1'], ['tornado', '5.0.2'], ['tqdm', '4.23.4'], ['traitlets', '4.3.2'], ['wcwidth', '0.1.7'], ['wheel', '0.31.1'], ['wrapt', '1.10.11']], 'x_test': array([[4.22239e+00, 0.00000e+00, 1.81000e+01, 1.00000e+00, 7.70000e-01,
        5.80300e+00, 8.90000e+01, 1.90470e+00, 2.40000e+01, 6.66000e+02,
        2.02000e+01, 3.53040e+02, 1.46400e+01],
       [1.68118e+01, 0.00000e+00, 1.81000e+01, 0.00000e+00, 7.00000e-01,
        5.27700e+00, 9.81000e+01, 1.42610e+00, 2.40000e+01, 6.66000e+02,
        2.02000e+01, 3.96900e+02, 3.08100e+01],
       [1.50100e-02, 9.00000e+01, 1.21000e+00, 1.00000e+00, 4.01000e-01,
        7.92300e+00, 2.48000e+01, 5.88500e+00, 1.00000e+00, 1.98000e+02,
        1.36000e+01, 3.95520e+02, 3.16000e+00],
       [8.89762e+01, 0.00000e+00, 1.81000e+01, 0.00000e+00, 6.71000e-01,
        6.96800e+00, 9.19000e+01, 1.41650e+00, 2.40000e+01, 6.66000e+02,
        2.02000e+01, 3.96900e+02, 1.72100e+01],
       [5.29305e+00, 0.00000e+00, 1.81000e+01, 0.00000e+00, 7.00000e-01,
        6.05100e+00, 8.25000e+01, 2.16780e+00, 2.40000e+01, 6.66000e+02,
        2.02000e+01, 3.78380e+02, 1.87600e+01],
       [2.73397e+00, 0.00000e+00, 1.95800e+01, 0.00000e+00, 8.71000e-01,
        5.59700e+00, 9.49000e+01, 1.52570e+00, 5.00000e+00, 4.03000e+02,
        1.47000e+01, 3.51850e+02, 2.14500e+01],
       [4.81900e-02, 8.00000e+01, 3.64000e+00, 0.00000e+00, 3.92000e-01,
        6.10800e+00, 3.20000e+01, 9.22030e+00, 1.00000e+00, 3.15000e+02,
        1.64000e+01, 3.92890e+02, 6.57000e+00],
       [6.15100e-02, 0.00000e+00, 5.19000e+00, 0.00000e+00, 5.15000e-01,
        5.96800e+00, 5.85000e+01, 4.81220e+00, 5.00000e+00, 2.24000e+02,
        2.02000e+01, 3.96900e+02, 9.29000e+00],
       [5.40110e-01, 2.00000e+01, 3.97000e+00, 0.00000e+00, 6.47000e-01,
        7.20300e+00, 8.18000e+01, 2.11210e+00, 5.00000e+00, 2.64000e+02,
        1.30000e+01, 3.92800e+02, 9.59000e+00],
       [1.40520e-01, 0.00000e+00, 1.05900e+01, 0.00000e+00, 4.89000e-01,
        6.37500e+00, 3.23000e+01, 3.94540e+00, 4.00000e+00, 2.77000e+02,
        1.86000e+01, 3.85810e+02, 9.38000e+00],
       [4.47910e-01, 0.00000e+00, 6.20000e+00, 1.00000e+00, 5.07000e-01,
        6.72600e+00, 6.65000e+01, 3.65190e+00, 8.00000e+00, 3.07000e+02,
        1.74000e+01, 3.60200e+02, 8.05000e+00],
       [3.47428e+00, 0.00000e+00, 1.81000e+01, 1.00000e+00, 7.18000e-01,
        8.78000e+00, 8.29000e+01, 1.90470e+00, 2.40000e+01, 6.66000e+02,
        2.02000e+01, 3.54550e+02, 5.29000e+00],
       [1.02900e-01, 3.00000e+01, 4.93000e+00, 0.00000e+00, 4.28000e-01,
        6.35800e+00, 5.29000e+01, 7.03550e+00, 6.00000e+00, 3.00000e+02,
        1.66000e+01, 3.72750e+02, 1.12200e+01],
       [1.73310e-01, 0.00000e+00, 9.69000e+00, 0.00000e+00, 5.85000e-01,
        5.70700e+00, 5.40000e+01, 2.38170e+00, 6.00000e+00, 3.91000e+02,
        1.92000e+01, 3.96900e+02, 1.20100e+01],
       [5.51500e-02, 3.30000e+01, 2.18000e+00, 0.00000e+00, 4.72000e-01,
        7.23600e+00, 4.11000e+01, 4.02200e+00, 7.00000e+00, 2.22000e+02,
        1.84000e+01, 3.93680e+02, 6.93000e+00],
       [5.11830e-01, 0.00000e+00, 6.20000e+00, 0.00000e+00, 5.07000e-01,
        7.35800e+00, 7.16000e+01, 4.14800e+00, 8.00000e+00, 3.07000e+02,
        1.74000e+01, 3.90070e+02, 4.73000e+00],
       [4.52700e-02, 0.00000e+00, 1.19300e+01, 0.00000e+00, 5.73000e-01,
        6.12000e+00, 7.67000e+01, 2.28750e+00, 1.00000e+00, 2.73000e+02,
        2.10000e+01, 3.96900e+02, 9.08000e+00],
       [3.76800e-02, 8.00000e+01, 1.52000e+00, 0.00000e+00, 4.04000e-01,
        7.27400e+00, 3.83000e+01, 7.30900e+00, 2.00000e+00, 3.29000e+02,
        1.26000e+01, 3.92200e+02, 6.62000e+00],
       [1.58744e+01, 0.00000e+00, 1.81000e+01, 0.00000e+00, 6.71000e-01,
        6.54500e+00, 9.91000e+01, 1.51920e+00, 2.40000e+01, 6.66000e+02,
        2.02000e+01, 3.96900e+02, 2.10800e+01],
       [3.58090e-01, 0.00000e+00, 6.20000e+00, 1.00000e+00, 5.07000e-01,
        6.95100e+00, 8.85000e+01, 2.86170e+00, 8.00000e+00, 3.07000e+02,
        1.74000e+01, 3.91700e+02, 9.71000e+00],
       [1.00245e+00, 0.00000e+00, 8.14000e+00, 0.00000e+00, 5.38000e-01,
        6.67400e+00, 8.73000e+01, 4.23900e+00, 4.00000e+00, 3.07000e+02,
        2.10000e+01, 3.80230e+02, 1.19800e+01],
       [7.25800e-01, 0.00000e+00, 8.14000e+00, 0.00000e+00, 5.38000e-01,
        5.72700e+00, 6.95000e+01, 3.79650e+00, 4.00000e+00, 3.07000e+02,
        2.10000e+01, 3.90950e+02, 1.12800e+01],
       [1.88110e+01, 0.00000e+00, 1.81000e+01, 0.00000e+00, 5.97000e-01,
        4.62800e+00, 1.00000e+02, 1.55390e+00, 2.40000e+01, 6.66000e+02,
        2.02000e+01, 2.87900e+01, 3.43700e+01],
       [6.71772e+00, 0.00000e+00, 1.81000e+01, 0.00000e+00, 7.13000e-01,
        6.74900e+00, 9.26000e+01, 2.32360e+00, 2.40000e+01, 6.66000e+02,
        2.02000e+01, 3.20000e-01, 1.74400e+01],
       [2.68380e-01, 0.00000e+00, 9.69000e+00, 0.00000e+00, 5.85000e-01,
        5.79400e+00, 7.06000e+01, 2.89270e+00, 6.00000e+00, 3.91000e+02,
        1.92000e+01, 3.96900e+02, 1.41000e+01],
       [1.43900e-02, 6.00000e+01, 2.93000e+00, 0.00000e+00, 4.01000e-01,
        6.60400e+00, 1.88000e+01, 6.21960e+00, 1.00000e+00, 2.65000e+02,
        1.56000e+01, 3.76700e+02, 4.38000e+00],
       [6.56650e-01, 2.00000e+01, 3.97000e+00, 0.00000e+00, 6.47000e-01,
        6.84200e+00, 1.00000e+02, 2.01070e+00, 5.00000e+00, 2.64000e+02,
        1.30000e+01, 3.91930e+02, 6.90000e+00],
       [3.11300e-02, 0.00000e+00, 4.39000e+00, 0.00000e+00, 4.42000e-01,
        6.01400e+00, 4.85000e+01, 8.01360e+00, 3.00000e+00, 3.52000e+02,
        1.88000e+01, 3.85640e+02, 1.05300e+01],
       [3.77498e+00, 0.00000e+00, 1.81000e+01, 0.00000e+00, 6.55000e-01,
        5.95200e+00, 8.47000e+01, 2.87150e+00, 2.40000e+01, 6.66000e+02,
        2.02000e+01, 2.20100e+01, 1.71500e+01],
       [1.35870e-01, 0.00000e+00, 1.05900e+01, 1.00000e+00, 4.89000e-01,
        6.06400e+00, 5.91000e+01, 4.23920e+00, 4.00000e+00, 2.77000e+02,
        1.86000e+01, 3.81320e+02, 1.46600e+01],
       [5.40500e-01, 2.00000e+01, 3.97000e+00, 0.00000e+00, 5.75000e-01,
        7.47000e+00, 5.26000e+01, 2.87200e+00, 5.00000e+00, 2.64000e+02,
        1.30000e+01, 3.90300e+02, 3.16000e+00],
       [8.66400e-02, 4.50000e+01, 3.44000e+00, 0.00000e+00, 4.37000e-01,
        7.17800e+00, 2.63000e+01, 6.47980e+00, 5.00000e+00, 3.98000e+02,
        1.52000e+01, 3.90490e+02, 2.87000e+00],
       [6.11540e-01, 2.00000e+01, 3.97000e+00, 0.00000e+00, 6.47000e-01,
        8.70400e+00, 8.69000e+01, 1.80100e+00, 5.00000e+00, 2.64000e+02,
        1.30000e+01, 3.89700e+02, 5.12000e+00],
       [1.65660e+00, 0.00000e+00, 1.95800e+01, 0.00000e+00, 8.71000e-01,
        6.12200e+00, 9.73000e+01, 1.61800e+00, 5.00000e+00, 4.03000e+02,
        1.47000e+01, 3.72800e+02, 1.41000e+01],
       [2.37934e+00, 0.00000e+00, 1.95800e+01, 0.00000e+00, 8.71000e-01,
        6.13000e+00, 1.00000e+02, 1.41910e+00, 5.00000e+00, 4.03000e+02,
        1.47000e+01, 1.72910e+02, 2.78000e+01],
       [1.32620e-01, 0.00000e+00, 8.56000e+00, 0.00000e+00, 5.20000e-01,
        5.85100e+00, 9.67000e+01, 2.10690e+00, 5.00000e+00, 3.84000e+02,
        2.09000e+01, 3.94050e+02, 1.64700e+01],
       [2.07162e+01, 0.00000e+00, 1.81000e+01, 0.00000e+00, 6.59000e-01,
        4.13800e+00, 1.00000e+02, 1.17810e+00, 2.40000e+01, 6.66000e+02,
        2.02000e+01, 3.70220e+02, 2.33400e+01],
       [1.55757e+01, 0.00000e+00, 1.81000e+01, 0.00000e+00, 5.80000e-01,
        5.92600e+00, 7.10000e+01, 2.90840e+00, 2.40000e+01, 6.66000e+02,
        2.02000e+01, 3.68740e+02, 1.81300e+01],
       [1.08342e+01, 0.00000e+00, 1.81000e+01, 0.00000e+00, 6.79000e-01,
        6.78200e+00, 9.08000e+01, 1.81950e+00, 2.40000e+01, 6.66000e+02,
        2.02000e+01, 2.15700e+01, 2.57900e+01],
       [1.50980e-01, 0.00000e+00, 1.00100e+01, 0.00000e+00, 5.47000e-01,
        6.02100e+00, 8.26000e+01, 2.74740e+00, 6.00000e+00, 4.32000e+02,
        1.78000e+01, 3.94510e+02, 1.03000e+01],
       [2.00849e+01, 0.00000e+00, 1.81000e+01, 0.00000e+00, 7.00000e-01,
        4.36800e+00, 9.12000e+01, 1.43950e+00, 2.40000e+01, 6.66000e+02,
        2.02000e+01, 2.85830e+02, 3.06300e+01],
       [5.49700e-02, 0.00000e+00, 5.19000e+00, 0.00000e+00, 5.15000e-01,
        5.98500e+00, 4.54000e+01, 4.81220e+00, 5.00000e+00, 2.24000e+02,
        2.02000e+01, 3.96900e+02, 9.74000e+00],
       [1.52880e+01, 0.00000e+00, 1.81000e+01, 0.00000e+00, 6.71000e-01,
        6.64900e+00, 9.33000e+01, 1.34490e+00, 2.40000e+01, 6.66000e+02,
        2.02000e+01, 3.63020e+02, 2.32400e+01],
       [7.87500e-02, 4.50000e+01, 3.44000e+00, 0.00000e+00, 4.37000e-01,
        6.78200e+00, 4.11000e+01, 3.78860e+00, 5.00000e+00, 3.98000e+02,
        1.52000e+01, 3.93870e+02, 6.68000e+00],
       [8.37000e-02, 4.50000e+01, 3.44000e+00, 0.00000e+00, 4.37000e-01,
        7.18500e+00, 3.89000e+01, 4.56670e+00, 5.00000e+00, 3.98000e+02,
        1.52000e+01, 3.96900e+02, 5.39000e+00],
       [1.38799e+00, 0.00000e+00, 8.14000e+00, 0.00000e+00, 5.38000e-01,
        5.95000e+00, 8.20000e+01, 3.99000e+00, 4.00000e+00, 3.07000e+02,
        2.10000e+01, 2.32600e+02, 2.77100e+01],
       [9.60400e-02, 4.00000e+01, 6.41000e+00, 0.00000e+00, 4.47000e-01,
        6.85400e+00, 4.28000e+01, 4.26730e+00, 4.00000e+00, 2.54000e+02,
        1.76000e+01, 3.96900e+02, 2.98000e+00],
       [9.29900e-02, 0.00000e+00, 2.56500e+01, 0.00000e+00, 5.81000e-01,
        5.96100e+00, 9.29000e+01, 2.08690e+00, 2.00000e+00, 1.88000e+02,
        1.91000e+01, 3.78090e+02, 1.79300e+01],
       [1.33598e+01, 0.00000e+00, 1.81000e+01, 0.00000e+00, 6.93000e-01,
        5.88700e+00, 9.47000e+01, 1.78210e+00, 2.40000e+01, 6.66000e+02,
        2.02000e+01, 3.96900e+02, 1.63500e+01],
       [1.70040e-01, 1.25000e+01, 7.87000e+00, 0.00000e+00, 5.24000e-01,
        6.00400e+00, 8.59000e+01, 6.59210e+00, 5.00000e+00, 3.11000e+02,
        1.52000e+01, 3.86710e+02, 1.71000e+01],
       [8.82900e-02, 1.25000e+01, 7.87000e+00, 0.00000e+00, 5.24000e-01,
        6.01200e+00, 6.66000e+01, 5.56050e+00, 5.00000e+00, 3.11000e+02,
        1.52000e+01, 3.95600e+02, 1.24300e+01]])}
INFO - BNN_UCI - Completed after 0:03:19
