INFO - BNN_UCI - Running command 'fit_bnn'
INFO - BNN_UCI - Started run with ID "342"
/home/freidanm/repos/pytorch_experiments/experiments_env/src/pysgmcmc/pysgmcmc/data/datasets.py:14: FutureWarning: Method .as_matrix will be removed in a future version. Use .values instead.
  x_train = train_data.as_matrix(feature_columns)
/home/freidanm/repos/pytorch_experiments/experiments_env/src/pysgmcmc/pysgmcmc/data/datasets.py:15: FutureWarning: Method .as_matrix will be removed in a future version. Use .values instead.
  y_train = train_data[label_column].as_matrix()
/home/freidanm/repos/pytorch_experiments/experiments_env/src/pysgmcmc/pysgmcmc/data/datasets.py:17: FutureWarning: Method .as_matrix will be removed in a future version. Use .values instead.
  x_test = test_data.as_matrix(feature_columns)
/home/freidanm/repos/pytorch_experiments/experiments_env/src/pysgmcmc/pysgmcmc/data/datasets.py:18: FutureWarning: Method .as_matrix will be removed in a future version. Use .values instead.
  y_test = test_data[label_column].as_matrix()
INFO - root - Performing 15000 iterations
INFO - BNN_UCI - Result: {'x_test': array([[9.29900e-02, 0.00000e+00, 2.56500e+01, 0.00000e+00, 5.81000e-01,
        5.96100e+00, 9.29000e+01, 2.08690e+00, 2.00000e+00, 1.88000e+02,
        1.91000e+01, 3.78090e+02, 1.79300e+01],
       [2.98190e-01, 0.00000e+00, 6.20000e+00, 0.00000e+00, 5.04000e-01,
        7.68600e+00, 1.70000e+01, 3.37510e+00, 8.00000e+00, 3.07000e+02,
        1.74000e+01, 3.77510e+02, 3.92000e+00],
       [1.14250e-01, 0.00000e+00, 1.38900e+01, 1.00000e+00, 5.50000e-01,
        6.37300e+00, 9.24000e+01, 3.36330e+00, 5.00000e+00, 2.76000e+02,
        1.64000e+01, 3.93740e+02, 1.05000e+01],
       [1.38100e-02, 8.00000e+01, 4.60000e-01, 0.00000e+00, 4.22000e-01,
        7.87500e+00, 3.20000e+01, 5.64840e+00, 4.00000e+00, 2.55000e+02,
        1.44000e+01, 3.94230e+02, 2.97000e+00],
       [5.30200e-02, 0.00000e+00, 3.41000e+00, 0.00000e+00, 4.89000e-01,
        7.07900e+00, 6.31000e+01, 3.41450e+00, 2.00000e+00, 2.70000e+02,
        1.78000e+01, 3.96060e+02, 5.70000e+00],
       [1.44550e-01, 1.25000e+01, 7.87000e+00, 0.00000e+00, 5.24000e-01,
        6.17200e+00, 9.61000e+01, 5.95050e+00, 5.00000e+00, 3.11000e+02,
        1.52000e+01, 3.96900e+02, 1.91500e+01],
       [1.59360e-01, 0.00000e+00, 6.91000e+00, 0.00000e+00, 4.48000e-01,
        6.21100e+00, 6.50000e+00, 5.72090e+00, 3.00000e+00, 2.33000e+02,
        1.79000e+01, 3.94460e+02, 7.44000e+00],
       [3.53501e+00, 0.00000e+00, 1.95800e+01, 1.00000e+00, 8.71000e-01,
        6.15200e+00, 8.26000e+01, 1.74550e+00, 5.00000e+00, 4.03000e+02,
        1.47000e+01, 8.80100e+01, 1.50200e+01],
       [4.29400e-02, 2.80000e+01, 1.50400e+01, 0.00000e+00, 4.64000e-01,
        6.24900e+00, 7.73000e+01, 3.61500e+00, 4.00000e+00, 2.70000e+02,
        1.82000e+01, 3.96900e+02, 1.05900e+01],
       [2.00900e-02, 9.50000e+01, 2.68000e+00, 0.00000e+00, 4.16100e-01,
        8.03400e+00, 3.19000e+01, 5.11800e+00, 4.00000e+00, 2.24000e+02,
        1.47000e+01, 3.90550e+02, 2.88000e+00],
       [2.72900e-02, 0.00000e+00, 7.07000e+00, 0.00000e+00, 4.69000e-01,
        7.18500e+00, 6.11000e+01, 4.96710e+00, 2.00000e+00, 2.42000e+02,
        1.78000e+01, 3.92830e+02, 4.03000e+00],
       [1.71340e-01, 0.00000e+00, 1.00100e+01, 0.00000e+00, 5.47000e-01,
        5.92800e+00, 8.82000e+01, 2.46310e+00, 6.00000e+00, 4.32000e+02,
        1.78000e+01, 3.44910e+02, 1.57600e+01],
       [5.69175e+00, 0.00000e+00, 1.81000e+01, 0.00000e+00, 5.83000e-01,
        6.11400e+00, 7.98000e+01, 3.54590e+00, 2.40000e+01, 6.66000e+02,
        2.02000e+01, 3.92680e+02, 1.49800e+01],
       [6.12700e-02, 4.00000e+01, 6.41000e+00, 1.00000e+00, 4.47000e-01,
        6.82600e+00, 2.76000e+01, 4.86280e+00, 4.00000e+00, 2.54000e+02,
        1.76000e+01, 3.93450e+02, 4.16000e+00],
       [1.49320e-01, 2.50000e+01, 5.13000e+00, 0.00000e+00, 4.53000e-01,
        5.74100e+00, 6.62000e+01, 7.22540e+00, 8.00000e+00, 2.84000e+02,
        1.97000e+01, 3.95110e+02, 1.31500e+01],
       [5.26930e-01, 0.00000e+00, 6.20000e+00, 0.00000e+00, 5.04000e-01,
        8.72500e+00, 8.30000e+01, 2.89440e+00, 8.00000e+00, 3.07000e+02,
        1.74000e+01, 3.82000e+02, 4.63000e+00],
       [1.11604e+01, 0.00000e+00, 1.81000e+01, 0.00000e+00, 7.40000e-01,
        6.62900e+00, 9.46000e+01, 2.12470e+00, 2.40000e+01, 6.66000e+02,
        2.02000e+01, 1.09850e+02, 2.32700e+01],
       [3.51140e-01, 0.00000e+00, 7.38000e+00, 0.00000e+00, 4.93000e-01,
        6.04100e+00, 4.99000e+01, 4.72110e+00, 5.00000e+00, 2.87000e+02,
        1.96000e+01, 3.96900e+02, 7.70000e+00],
       [1.33598e+01, 0.00000e+00, 1.81000e+01, 0.00000e+00, 6.93000e-01,
        5.88700e+00, 9.47000e+01, 1.78210e+00, 2.40000e+01, 6.66000e+02,
        2.02000e+01, 3.96900e+02, 1.63500e+01],
       [9.25200e-02, 3.00000e+01, 4.93000e+00, 0.00000e+00, 4.28000e-01,
        6.60600e+00, 4.22000e+01, 6.18990e+00, 6.00000e+00, 3.00000e+02,
        1.66000e+01, 3.83780e+02, 7.37000e+00],
       [3.83684e+00, 0.00000e+00, 1.81000e+01, 0.00000e+00, 7.70000e-01,
        6.25100e+00, 9.11000e+01, 2.29550e+00, 2.40000e+01, 6.66000e+02,
        2.02000e+01, 3.50650e+02, 1.41900e+01],
       [1.02900e-01, 3.00000e+01, 4.93000e+00, 0.00000e+00, 4.28000e-01,
        6.35800e+00, 5.29000e+01, 7.03550e+00, 6.00000e+00, 3.00000e+02,
        1.66000e+01, 3.72750e+02, 1.12200e+01],
       [1.20482e+01, 0.00000e+00, 1.81000e+01, 0.00000e+00, 6.14000e-01,
        5.64800e+00, 8.76000e+01, 1.95120e+00, 2.40000e+01, 6.66000e+02,
        2.02000e+01, 2.91550e+02, 1.41000e+01],
       [3.30600e-02, 0.00000e+00, 5.19000e+00, 0.00000e+00, 5.15000e-01,
        6.05900e+00, 3.73000e+01, 4.81220e+00, 5.00000e+00, 2.24000e+02,
        2.02000e+01, 3.96140e+02, 8.51000e+00],
       [1.39134e+01, 0.00000e+00, 1.81000e+01, 0.00000e+00, 7.13000e-01,
        6.20800e+00, 9.50000e+01, 2.22220e+00, 2.40000e+01, 6.66000e+02,
        2.02000e+01, 1.00630e+02, 1.51700e+01],
       [1.05393e+00, 0.00000e+00, 8.14000e+00, 0.00000e+00, 5.38000e-01,
        5.93500e+00, 2.93000e+01, 4.49860e+00, 4.00000e+00, 3.07000e+02,
        2.10000e+01, 3.86850e+02, 6.58000e+00],
       [1.95390e-01, 0.00000e+00, 1.08100e+01, 0.00000e+00, 4.13000e-01,
        6.24500e+00, 6.20000e+00, 5.28730e+00, 4.00000e+00, 3.05000e+02,
        1.92000e+01, 3.77170e+02, 7.54000e+00],
       [1.15172e+00, 0.00000e+00, 8.14000e+00, 0.00000e+00, 5.38000e-01,
        5.70100e+00, 9.50000e+01, 3.78720e+00, 4.00000e+00, 3.07000e+02,
        2.10000e+01, 3.58770e+02, 1.83500e+01],
       [1.27440e-01, 0.00000e+00, 6.91000e+00, 0.00000e+00, 4.48000e-01,
        6.77000e+00, 2.90000e+00, 5.72090e+00, 3.00000e+00, 2.33000e+02,
        1.79000e+01, 3.85410e+02, 4.84000e+00],
       [6.11540e-01, 2.00000e+01, 3.97000e+00, 0.00000e+00, 6.47000e-01,
        8.70400e+00, 8.69000e+01, 1.80100e+00, 5.00000e+00, 2.64000e+02,
        1.30000e+01, 3.89700e+02, 5.12000e+00],
       [1.14320e-01, 0.00000e+00, 8.56000e+00, 0.00000e+00, 5.20000e-01,
        6.78100e+00, 7.13000e+01, 2.85610e+00, 5.00000e+00, 3.84000e+02,
        2.09000e+01, 3.95580e+02, 7.67000e+00],
       [1.67600e-01, 0.00000e+00, 7.38000e+00, 0.00000e+00, 4.93000e-01,
        6.42600e+00, 5.23000e+01, 4.54040e+00, 5.00000e+00, 2.87000e+02,
        1.96000e+01, 3.96900e+02, 7.20000e+00],
       [6.61700e-02, 0.00000e+00, 3.24000e+00, 0.00000e+00, 4.60000e-01,
        5.86800e+00, 2.58000e+01, 5.21460e+00, 4.00000e+00, 4.30000e+02,
        1.69000e+01, 3.82440e+02, 9.97000e+00],
       [3.61500e-02, 8.00000e+01, 4.95000e+00, 0.00000e+00, 4.11000e-01,
        6.63000e+00, 2.34000e+01, 5.11670e+00, 4.00000e+00, 2.45000e+02,
        1.92000e+01, 3.96900e+02, 4.70000e+00],
       [1.58760e-01, 0.00000e+00, 1.08100e+01, 0.00000e+00, 4.13000e-01,
        5.96100e+00, 1.75000e+01, 5.28730e+00, 4.00000e+00, 3.05000e+02,
        1.92000e+01, 3.76940e+02, 9.88000e+00],
       [1.58744e+01, 0.00000e+00, 1.81000e+01, 0.00000e+00, 6.71000e-01,
        6.54500e+00, 9.91000e+01, 1.51920e+00, 2.40000e+01, 6.66000e+02,
        2.02000e+01, 3.96900e+02, 2.10800e+01],
       [1.43337e+01, 0.00000e+00, 1.81000e+01, 0.00000e+00, 6.14000e-01,
        6.22900e+00, 8.80000e+01, 1.95120e+00, 2.40000e+01, 6.66000e+02,
        2.02000e+01, 3.83320e+02, 1.31100e+01],
       [3.54800e-02, 8.00000e+01, 3.64000e+00, 0.00000e+00, 3.92000e-01,
        5.87600e+00, 1.91000e+01, 9.22030e+00, 1.00000e+00, 3.15000e+02,
        1.64000e+01, 3.95180e+02, 9.25000e+00],
       [5.49700e-02, 0.00000e+00, 5.19000e+00, 0.00000e+00, 5.15000e-01,
        5.98500e+00, 4.54000e+01, 4.81220e+00, 5.00000e+00, 2.24000e+02,
        2.02000e+01, 3.96900e+02, 9.74000e+00],
       [2.87500e-02, 2.80000e+01, 1.50400e+01, 0.00000e+00, 4.64000e-01,
        6.21100e+00, 2.89000e+01, 3.66590e+00, 4.00000e+00, 2.70000e+02,
        1.82000e+01, 3.96330e+02, 6.21000e+00],
       [1.31580e-01, 0.00000e+00, 1.00100e+01, 0.00000e+00, 5.47000e-01,
        6.17600e+00, 7.25000e+01, 2.73010e+00, 6.00000e+00, 4.32000e+02,
        1.78000e+01, 3.93300e+02, 1.20400e+01],
       [6.66400e-02, 0.00000e+00, 4.05000e+00, 0.00000e+00, 5.10000e-01,
        6.54600e+00, 3.31000e+01, 3.13230e+00, 5.00000e+00, 2.96000e+02,
        1.66000e+01, 3.90960e+02, 5.33000e+00],
       [2.14918e+00, 0.00000e+00, 1.95800e+01, 0.00000e+00, 8.71000e-01,
        5.70900e+00, 9.85000e+01, 1.62320e+00, 5.00000e+00, 4.03000e+02,
        1.47000e+01, 2.61950e+02, 1.57900e+01],
       [1.50380e-01, 0.00000e+00, 2.56500e+01, 0.00000e+00, 5.81000e-01,
        5.85600e+00, 9.70000e+01, 1.94440e+00, 2.00000e+00, 1.88000e+02,
        1.91000e+01, 3.70310e+02, 2.54100e+01],
       [6.23560e-01, 0.00000e+00, 6.20000e+00, 1.00000e+00, 5.07000e-01,
        6.87900e+00, 7.77000e+01, 3.27210e+00, 8.00000e+00, 3.07000e+02,
        1.74000e+01, 3.90390e+02, 9.93000e+00],
       [1.98020e-01, 0.00000e+00, 1.05900e+01, 0.00000e+00, 4.89000e-01,
        6.18200e+00, 4.24000e+01, 3.94540e+00, 4.00000e+00, 2.77000e+02,
        1.86000e+01, 3.93630e+02, 9.47000e+00],
       [5.18800e-02, 0.00000e+00, 4.49000e+00, 0.00000e+00, 4.49000e-01,
        6.01500e+00, 4.51000e+01, 4.42720e+00, 3.00000e+00, 2.47000e+02,
        1.85000e+01, 3.95990e+02, 1.28600e+01],
       [2.31390e+00, 0.00000e+00, 1.95800e+01, 0.00000e+00, 6.05000e-01,
        5.88000e+00, 9.73000e+01, 2.38870e+00, 5.00000e+00, 4.03000e+02,
        1.47000e+01, 3.48130e+02, 1.20300e+01],
       [5.87205e+00, 0.00000e+00, 1.81000e+01, 0.00000e+00, 6.93000e-01,
        6.40500e+00, 9.60000e+01, 1.67680e+00, 2.40000e+01, 6.66000e+02,
        2.02000e+01, 3.96900e+02, 1.93700e+01],
       [6.58800e-02, 0.00000e+00, 2.46000e+00, 0.00000e+00, 4.88000e-01,
        7.76500e+00, 8.33000e+01, 2.74100e+00, 3.00000e+00, 1.93000e+02,
        1.78000e+01, 3.95560e+02, 7.56000e+00],
       [9.33889e+00, 0.00000e+00, 1.81000e+01, 0.00000e+00, 6.79000e-01,
        6.38000e+00, 9.56000e+01, 1.96820e+00, 2.40000e+01, 6.66000e+02,
        2.02000e+01, 6.07200e+01, 2.40800e+01]]), 'prediction_std': array([0.49141148, 0.8191987 , 0.5710556 , 0.86689234, 0.7691242 ,
       0.53415173, 0.79489356, 1.0978235 , 0.7359061 , 0.7996686 ,
       0.65047824, 0.6878428 , 0.6536102 , 0.81675094, 0.590039  ,
       1.3539157 , 0.69167966, 0.58080834, 0.61383367, 0.8405286 ,
       0.6463211 , 1.0029278 , 1.1885008 , 0.67094076, 0.72387075,
       0.6743556 , 0.6889189 , 0.62239945, 0.83823526, 1.0389471 ,
       0.7335603 , 0.7195523 , 0.68613154, 1.0792677 , 0.7024533 ,
       0.77898407, 0.74595225, 0.61940145, 0.6845547 , 1.0087686 ,
       0.6467591 , 0.63467705, 0.5564764 , 0.7170684 , 0.65483963,
       0.6687369 , 0.73000616, 0.8849183 , 0.9406283 , 0.5434867 ,
       0.6781458 ], dtype=float32), 'prediction_mean': array([19.839117 , 39.325706 , 25.554062 , 46.484703 , 29.332756 ,
       15.9695   , 25.539963 , 14.340725 , 21.10812  , 48.86658  ,
       31.73649  , 18.391891 , 17.328333 , 31.998344 , 16.202616 ,
       47.032265 , 10.958081 , 20.613514 , 11.426863 , 29.207415 ,
       17.294018 , 22.439732 , 21.330185 , 22.308968 , 13.7410145,
       20.905247 , 24.24656  , 14.956493 , 31.291113 , 47.128563 ,
       29.41727  , 23.557877 , 18.797338 , 28.958023 , 21.724264 ,
       11.850413 , 21.409645 , 17.480965 , 20.629261 , 24.18761  ,
       19.934572 , 32.149525 , 17.790178 , 16.480267 , 27.288742 ,
       23.600914 , 21.391483 , 18.661272 , 15.620286 , 41.711746 ,
       10.208419 ], dtype=float32), 'y_train': array([24. , 21.6, 33.4, 36.2, 28.7, 22.9, 16.5, 18.9, 15. , 18.9, 21.7,
       20.4, 18.2, 19.9, 17.5, 20.2, 18.2, 13.6, 19.6, 15.2, 14.5, 15.6,
       13.9, 16.6, 14.8, 18.4, 21. , 12.7, 14.5, 13.2, 13.5, 18.9, 20. ,
       21. , 24.7, 30.8, 34.9, 25.3, 21.2, 19.3, 20. , 16.6, 14.4, 19.4,
       19.7, 20.5, 25. , 23.4, 18.9, 35.4, 24.7, 31.6, 23.3, 19.6, 16. ,
       22.2, 25. , 33. , 23.5, 19.4, 22. , 17.4, 20.9, 24.2, 22.8, 24.1,
       21.4, 20. , 20.8, 21.2, 20.3, 28. , 23.9, 24.8, 22.9, 23.9, 26.6,
       22.2, 23.6, 22.6, 22. , 22.9, 28.4, 21.4, 38.7, 43.8, 33.2, 27.5,
       18.6, 19.3, 20.1, 19.5, 19.5, 20.4, 19.8, 19.4, 21.7, 22.8, 18.8,
       18.7, 18.5, 19.2, 20.4, 19.3, 22. , 20.3, 18.8, 21.4, 15.7, 16.2,
       18. , 14.3, 19.2, 19.6, 23. , 18.4, 15.6, 18.1, 17.4, 17.1, 13.3,
       17.8, 14. , 14.4, 13.4, 15.6, 11.8, 13.8, 15.6, 14.6, 17.8, 15.4,
       21.5, 19.6, 15.3, 17. , 13.1, 41.3, 24.3, 23.3, 27. , 50. , 50. ,
       50. , 22.7, 25. , 50. , 23.8, 23.8, 22.3, 17.4, 23.1, 23.6, 22.6,
       23.2, 24.6, 29.9, 37.2, 36.2, 37.9, 32.5, 26.4, 29.6, 50. , 32. ,
       29.8, 34.9, 37. , 30.5, 36.4, 31.1, 29.1, 33.3, 30.3, 34.6, 34.9,
       32.9, 24.1, 42.3, 48.5, 22.6, 24.4, 22.5, 24.4, 20. , 21.7, 19.3,
       22.4, 28.1, 23.7, 23.3, 28.7, 21.5, 26.7, 21.7, 30.1, 44.8, 37.6,
       31.6, 31.5, 24.3, 31.7, 41.7, 48.3, 29. , 24. , 25.1, 31.5, 23.7,
       22. , 20.1, 23.7, 17.6, 18.5, 24.3, 20.5, 24.5, 26.2, 24.4, 24.8,
       29.6, 42.8, 21.9, 44. , 36. , 30.1, 33.8, 43.1, 48.8, 31. , 36.5,
       22.8, 30.7, 50. , 43.5, 20.7, 21.1, 25.2, 24.4, 35.2, 32.4, 32. ,
       33.2, 29.1, 35.1, 45.4, 35.4, 46. , 50. , 32.2, 22. , 20.1, 23.2,
       22.3, 24.8, 28.5, 37.3, 23.9, 21.7, 28.6, 27.1, 20.3, 22.5, 29. ,
       24.8, 22. , 26.4, 33.1, 36.1, 28.4, 33.4, 28.2, 22.8, 20.3, 16.1,
       22.1, 19.4, 21.6, 23.8, 16.2, 17.8, 19.8, 23.1, 21. , 23.1, 18.5,
       25. , 24.6, 23. , 22.2, 22.6, 19.8, 17.1, 19.4, 22.2, 20.7, 21.1,
       19.5, 18.5, 18.7, 32.7, 16.5, 23.9, 31.2, 17.5, 17.2, 23.1, 24.5,
       26.6, 22.9, 24.1, 18.6, 30.1, 18.2, 20.6, 17.8, 21.7, 22.7, 22.6,
       25. , 20.8, 16.8, 21.9, 27.5, 21.9, 23.1, 50. , 50. , 50. , 50. ,
       50. , 13.8, 13.8, 15. , 13.9, 13.3, 13.1, 10.2, 10.4, 11.3, 12.3,
        8.8,  7.2, 10.5,  7.4, 10.2, 11.5, 15.1, 23.2,  9.7, 13.8, 13.1,
        8.5,  5. ,  6.3,  5.6,  7.2, 12.1,  8.3,  8.5,  5. , 11.9, 27.9,
       17.2, 27.5, 15. , 17.2, 17.9, 16.3,  7. ,  7.2,  7.5, 10.4,  8.8,
        8.4, 16.7, 14.2, 13.4, 11.7,  8.3, 10.2, 10.9, 11. , 14.5, 14.1,
       16.1, 14.3,  9.6,  8.7,  8.4, 12.8, 10.5, 17.1, 18.4, 15.4, 10.8,
       11.8, 14.9, 12.6, 14.1, 13. , 13.4, 15.2, 16.1, 17.8, 14.9, 14.1,
       12.7, 13.5, 14.9, 20. , 16.4, 17.7, 19.5, 20.2, 21.4, 19.9, 19. ,
       19.1, 19.1, 20.1, 19.9, 19.6, 23.2, 29.8, 13.8, 13.3, 16.7, 12. ,
       14.6, 23. , 23.7, 25. , 21.8, 20.6, 21.2, 20.6, 15.2,  7. ,  8.1,
       13.6, 20.1, 21.8, 24.5, 23.1, 19.7, 18.3, 21.2, 17.5, 16.8, 22.4,
       20.6, 23.9, 22. , 11.9]), 'x_train': array([[6.3200e-03, 1.8000e+01, 2.3100e+00, ..., 1.5300e+01, 3.9690e+02,
        4.9800e+00],
       [2.7310e-02, 0.0000e+00, 7.0700e+00, ..., 1.7800e+01, 3.9690e+02,
        9.1400e+00],
       [3.2370e-02, 0.0000e+00, 2.1800e+00, ..., 1.8700e+01, 3.9463e+02,
        2.9400e+00],
       ...,
       [6.0760e-02, 0.0000e+00, 1.1930e+01, ..., 2.1000e+01, 3.9690e+02,
        5.6400e+00],
       [1.0959e-01, 0.0000e+00, 1.1930e+01, ..., 2.1000e+01, 3.9345e+02,
        6.4800e+00],
       [4.7410e-02, 0.0000e+00, 1.1930e+01, ..., 2.1000e+01, 3.9690e+02,
        7.8800e+00]]), 'packages': [['atomicwrites', '1.1.5'], ['attrs', '18.1.0'], ['backcall', '0.1.0'], ['coverage', '4.5.1'], ['cycler', '0.10.0'], ['decorator', '4.3.0'], ['docopt', '0.6.2'], ['hashfs', '0.7.0'], ['hypothesis', '3.57.0'], ['ipykernel', '4.8.2'], ['ipython', '6.4.0'], ['ipython-genutils', '0.2.0'], ['jedi', '0.12.0'], ['jsonpickle', '0.9.6'], ['jsonschema', '2.6.0'], ['jupyter-client', '5.2.3'], ['jupyter-core', '4.4.0'], ['kiwisolver', '1.0.1'], ['Lasagne', '0.1'], ['matplotlib', '2.2.2'], ['more-itertools', '4.2.0'], ['mpmath', '1.0.0'], ['munch', '2.3.2'], ['nbformat', '4.4.0'], ['nbval', '0.9.1'], ['numpy', '1.14.3'], ['pandas', '0.23.0'], ['parso', '0.2.1'], ['pexpect', '4.6.0'], ['pickleshare', '0.7.4'], ['Pillow', '5.1.0'], ['pip', '10.0.1'], ['pkg-resources', '0.0.0'], ['pluggy', '0.6.0'], ['prompt-toolkit', '1.0.15'], ['ptyprocess', '0.5.2'], ['py', '1.5.3'], ['py-cpuinfo', '4.0.0'], ['Pygments', '2.2.0'], ['pymongo', '3.6.1'], ['pyparsing', '2.2.0'], ['pysgmcmc', '0.0.1'], ['pytest', '3.6.0'], ['python-dateutil', '2.7.3'], ['pytz', '2018.4'], ['pyzmq', '17.0.0'], ['sacred', '0.7.3'], ['scandir', '1.7'], ['scikit-learn', '0.19.1'], ['scipy', '1.1.0'], ['seaborn', '0.8.1'], ['setuptools', '39.2.0'], ['simplegeneric', '0.8.1'], ['six', '1.11.0'], ['SQLAlchemy', '1.2.8'], ['sympy', '1.1.1'], ['Theano', '0.8.0'], ['tinydb', '3.9.0.post1'], ['tinydb-serialization', '1.0.4'], ['torch', '0.4.0'], ['torchvision', '0.2.1'], ['tornado', '5.0.2'], ['tqdm', '4.23.4'], ['traitlets', '4.3.2'], ['wcwidth', '0.1.7'], ['wheel', '0.31.1'], ['wrapt', '1.10.11']], 'y_test': array([20.5, 46.7, 23. , 50. , 28.7, 27.1, 24.7, 15.6, 20.6, 50. , 34.7,
       18.3, 19.1, 33.1, 18.7, 50. , 13.4, 20.4, 12.7, 23.3, 19.9, 22.2,
       20.8, 20.6, 11.7, 23.1, 23.4, 13.1, 26.6, 50. , 26.5, 23.8, 19.3,
       27.9, 21.7, 10.9, 21.4, 20.9, 19. , 25. , 21.2, 29.4, 19.4, 17.3,
       27.5, 25. , 22.5, 19.1, 12.5, 39.8,  9.5])}
INFO - BNN_UCI - Completed after 0:01:20
