INFO - BNN_UCI - Running command 'fit_bnn'
INFO - BNN_UCI - Started run with ID "334"
/home/freidanm/repos/pytorch_experiments/experiments_env/src/pysgmcmc/pysgmcmc/data/datasets.py:14: FutureWarning: Method .as_matrix will be removed in a future version. Use .values instead.
  x_train = train_data.as_matrix(feature_columns)
/home/freidanm/repos/pytorch_experiments/experiments_env/src/pysgmcmc/pysgmcmc/data/datasets.py:15: FutureWarning: Method .as_matrix will be removed in a future version. Use .values instead.
  y_train = train_data[label_column].as_matrix()
/home/freidanm/repos/pytorch_experiments/experiments_env/src/pysgmcmc/pysgmcmc/data/datasets.py:17: FutureWarning: Method .as_matrix will be removed in a future version. Use .values instead.
  x_test = test_data.as_matrix(feature_columns)
/home/freidanm/repos/pytorch_experiments/experiments_env/src/pysgmcmc/pysgmcmc/data/datasets.py:18: FutureWarning: Method .as_matrix will be removed in a future version. Use .values instead.
  y_test = test_data[label_column].as_matrix()
INFO - root - Performing 15000 iterations
INFO - BNN_UCI - Result: {'y_test': array([15.6, 29.6,  8.5, 23.1,  8.4, 41.3, 14. , 20.6, 23.6, 15. , 15. ,
       23. , 34.9, 22.3, 13.8, 19.4,  8.8, 35.2, 27.5, 23.9, 18.9, 20. ,
       22.2, 30.7, 19.1, 20.6, 21.7, 21.5, 33.1, 10.9, 19.7, 13.1, 42.8,
       25.1, 20.4, 50. , 29.9, 17.2, 15. , 21.2, 18.6, 31.5, 21.7, 17.2,
       50. , 22.9, 10.2, 17.1, 14.1, 18.4, 10.9]), 'x_test': array([[7.50260e-01, 0.00000e+00, 8.14000e+00, 0.00000e+00, 5.38000e-01,
        5.92400e+00, 9.41000e+01, 4.39960e+00, 4.00000e+00, 3.07000e+02,
        2.10000e+01, 3.94330e+02, 1.63000e+01],
       [8.22100e-02, 2.20000e+01, 5.86000e+00, 0.00000e+00, 4.31000e-01,
        6.95700e+00, 6.80000e+00, 8.90670e+00, 7.00000e+00, 3.30000e+02,
        1.91000e+01, 3.86090e+02, 3.53000e+00],
       [7.67202e+00, 0.00000e+00, 1.81000e+01, 0.00000e+00, 6.93000e-01,
        5.74700e+00, 9.89000e+01, 1.63340e+00, 2.40000e+01, 6.66000e+02,
        2.02000e+01, 3.93100e+02, 1.99200e+01],
       [1.87000e-02, 8.50000e+01, 4.15000e+00, 0.00000e+00, 4.29000e-01,
        6.51600e+00, 2.77000e+01, 8.53530e+00, 4.00000e+00, 3.51000e+02,
        1.79000e+01, 3.92430e+02, 6.36000e+00],
       [1.18123e+01, 0.00000e+00, 1.81000e+01, 0.00000e+00, 7.18000e-01,
        6.82400e+00, 7.65000e+01, 1.79400e+00, 2.40000e+01, 6.66000e+02,
        2.02000e+01, 4.84500e+01, 2.27400e+01],
       [1.22358e+00, 0.00000e+00, 1.95800e+01, 0.00000e+00, 6.05000e-01,
        6.94300e+00, 9.74000e+01, 1.87730e+00, 5.00000e+00, 4.03000e+02,
        1.47000e+01, 3.63430e+02, 4.59000e+00],
       [2.90900e-01, 0.00000e+00, 2.18900e+01, 0.00000e+00, 6.24000e-01,
        6.17400e+00, 9.36000e+01, 1.61190e+00, 4.00000e+00, 4.37000e+02,
        2.12000e+01, 3.88080e+02, 2.41600e+01],
       [4.29400e-02, 2.80000e+01, 1.50400e+01, 0.00000e+00, 4.64000e-01,
        6.24900e+00, 7.73000e+01, 3.61500e+00, 4.00000e+00, 2.70000e+02,
        1.82000e+01, 3.96900e+02, 1.05900e+01],
       [9.17800e-02, 0.00000e+00, 4.05000e+00, 0.00000e+00, 5.10000e-01,
        6.41600e+00, 8.41000e+01, 2.64630e+00, 5.00000e+00, 2.96000e+02,
        1.66000e+01, 3.95500e+02, 9.04000e+00],
       [5.11358e+01, 0.00000e+00, 1.81000e+01, 0.00000e+00, 5.97000e-01,
        5.75700e+00, 1.00000e+02, 1.41300e+00, 2.40000e+01, 6.66000e+02,
        2.02000e+01, 2.60000e+00, 1.01100e+01],
       [2.24890e-01, 1.25000e+01, 7.87000e+00, 0.00000e+00, 5.24000e-01,
        6.37700e+00, 9.43000e+01, 6.34670e+00, 5.00000e+00, 3.11000e+02,
        1.52000e+01, 3.92520e+02, 2.04500e+01],
       [1.14250e-01, 0.00000e+00, 1.38900e+01, 1.00000e+00, 5.50000e-01,
        6.37300e+00, 9.24000e+01, 3.36330e+00, 5.00000e+00, 2.76000e+02,
        1.64000e+01, 3.93740e+02, 1.05000e+01],
       [3.35900e-02, 7.50000e+01, 2.95000e+00, 0.00000e+00, 4.28000e-01,
        7.02400e+00, 1.58000e+01, 5.40110e+00, 3.00000e+00, 2.52000e+02,
        1.83000e+01, 3.95620e+02, 1.98000e+00],
       [2.44953e+00, 0.00000e+00, 1.95800e+01, 0.00000e+00, 6.05000e-01,
        6.40200e+00, 9.52000e+01, 2.26250e+00, 5.00000e+00, 4.03000e+02,
        1.47000e+01, 3.30040e+02, 1.13200e+01],
       [2.37934e+00, 0.00000e+00, 1.95800e+01, 0.00000e+00, 8.71000e-01,
        6.13000e+00, 1.00000e+02, 1.41910e+00, 5.00000e+00, 4.03000e+02,
        1.47000e+01, 1.72910e+02, 2.78000e+01],
       [2.19770e-01, 0.00000e+00, 6.91000e+00, 0.00000e+00, 4.48000e-01,
        5.60200e+00, 6.20000e+01, 6.08770e+00, 3.00000e+00, 2.33000e+02,
        1.79000e+01, 3.96900e+02, 1.62000e+01],
       [2.00849e+01, 0.00000e+00, 1.81000e+01, 0.00000e+00, 7.00000e-01,
        4.36800e+00, 9.12000e+01, 1.43950e+00, 2.40000e+01, 6.66000e+02,
        2.02000e+01, 2.85830e+02, 3.06300e+01],
       [2.21880e-01, 2.00000e+01, 6.96000e+00, 1.00000e+00, 4.64000e-01,
        7.69100e+00, 5.18000e+01, 4.36650e+00, 3.00000e+00, 2.23000e+02,
        1.86000e+01, 3.90770e+02, 6.58000e+00],
       [4.55587e+00, 0.00000e+00, 1.81000e+01, 0.00000e+00, 7.18000e-01,
        3.56100e+00, 8.79000e+01, 1.61320e+00, 2.40000e+01, 6.66000e+02,
        2.02000e+01, 3.54700e+02, 7.12000e+00],
       [2.54300e-02, 5.50000e+01, 3.78000e+00, 0.00000e+00, 4.84000e-01,
        6.69600e+00, 5.64000e+01, 5.73210e+00, 5.00000e+00, 3.70000e+02,
        1.76000e+01, 3.96900e+02, 7.18000e+00],
       [6.41700e-02, 0.00000e+00, 5.96000e+00, 0.00000e+00, 4.99000e-01,
        5.93300e+00, 6.82000e+01, 3.36030e+00, 5.00000e+00, 2.79000e+02,
        1.92000e+01, 3.96900e+02, 9.68000e+00],
       [6.80117e+00, 0.00000e+00, 1.81000e+01, 0.00000e+00, 7.13000e-01,
        6.08100e+00, 8.44000e+01, 2.71750e+00, 2.40000e+01, 6.66000e+02,
        2.02000e+01, 3.96900e+02, 1.47000e+01],
       [1.02900e-01, 3.00000e+01, 4.93000e+00, 0.00000e+00, 4.28000e-01,
        6.35800e+00, 5.29000e+01, 7.03550e+00, 6.00000e+00, 3.00000e+02,
        1.66000e+01, 3.72750e+02, 1.12200e+01],
       [7.85700e-01, 2.00000e+01, 3.97000e+00, 0.00000e+00, 6.47000e-01,
        7.01400e+00, 8.46000e+01, 2.13290e+00, 5.00000e+00, 2.64000e+02,
        1.30000e+01, 3.84070e+02, 1.47900e+01],
       [5.69175e+00, 0.00000e+00, 1.81000e+01, 0.00000e+00, 5.83000e-01,
        6.11400e+00, 7.98000e+01, 3.54590e+00, 2.40000e+01, 6.66000e+02,
        2.02000e+01, 3.92680e+02, 1.49800e+01],
       [1.06590e-01, 8.00000e+01, 1.91000e+00, 0.00000e+00, 4.13000e-01,
        5.93600e+00, 1.95000e+01, 1.05857e+01, 4.00000e+00, 3.34000e+02,
        2.20000e+01, 3.76040e+02, 5.57000e+00],
       [4.07710e-01, 0.00000e+00, 6.20000e+00, 1.00000e+00, 5.07000e-01,
        6.16400e+00, 9.13000e+01, 3.04800e+00, 8.00000e+00, 3.07000e+02,
        1.74000e+01, 3.95240e+02, 2.14600e+01],
       [1.65660e+00, 0.00000e+00, 1.95800e+01, 0.00000e+00, 8.71000e-01,
        6.12200e+00, 9.73000e+01, 1.61800e+00, 5.00000e+00, 4.03000e+02,
        1.47000e+01, 3.72800e+02, 1.41000e+01],
       [1.00000e-01, 3.40000e+01, 6.09000e+00, 0.00000e+00, 4.33000e-01,
        6.98200e+00, 1.77000e+01, 5.49170e+00, 7.00000e+00, 3.29000e+02,
        1.61000e+01, 3.90430e+02, 4.86000e+00],
       [1.58744e+01, 0.00000e+00, 1.81000e+01, 0.00000e+00, 6.71000e-01,
        6.54500e+00, 9.91000e+01, 1.51920e+00, 2.40000e+01, 6.66000e+02,
        2.02000e+01, 3.96900e+02, 2.10800e+01],
       [2.89600e-01, 0.00000e+00, 9.69000e+00, 0.00000e+00, 5.85000e-01,
        5.39000e+00, 7.29000e+01, 2.79860e+00, 6.00000e+00, 3.91000e+02,
        1.92000e+01, 3.96900e+02, 2.11400e+01],
       [2.36482e+01, 0.00000e+00, 1.81000e+01, 0.00000e+00, 6.71000e-01,
        6.38000e+00, 9.62000e+01, 1.38610e+00, 2.40000e+01, 6.66000e+02,
        2.02000e+01, 3.96900e+02, 2.36900e+01],
       [3.68940e-01, 2.20000e+01, 5.86000e+00, 0.00000e+00, 4.31000e-01,
        8.25900e+00, 8.40000e+00, 8.90670e+00, 7.00000e+00, 3.30000e+02,
        1.91000e+01, 3.96900e+02, 3.54000e+00],
       [5.20580e-01, 0.00000e+00, 6.20000e+00, 1.00000e+00, 5.07000e-01,
        6.63100e+00, 7.65000e+01, 4.14800e+00, 8.00000e+00, 3.07000e+02,
        1.74000e+01, 3.88450e+02, 9.54000e+00],
       [3.51140e-01, 0.00000e+00, 7.38000e+00, 0.00000e+00, 4.93000e-01,
        6.04100e+00, 4.99000e+01, 4.72110e+00, 5.00000e+00, 2.87000e+02,
        1.96000e+01, 3.96900e+02, 7.70000e+00],
       [2.00900e-02, 9.50000e+01, 2.68000e+00, 0.00000e+00, 4.16100e-01,
        8.03400e+00, 3.19000e+01, 5.11800e+00, 4.00000e+00, 2.24000e+02,
        1.47000e+01, 3.90550e+02, 2.88000e+00],
       [6.64200e-02, 0.00000e+00, 4.05000e+00, 0.00000e+00, 5.10000e-01,
        6.86000e+00, 7.44000e+01, 2.91530e+00, 5.00000e+00, 2.96000e+02,
        1.66000e+01, 3.91270e+02, 6.92000e+00],
       [1.40507e+01, 0.00000e+00, 1.81000e+01, 0.00000e+00, 5.97000e-01,
        6.65700e+00, 1.00000e+02, 1.52750e+00, 2.40000e+01, 6.66000e+02,
        2.02000e+01, 3.50500e+01, 2.12200e+01],
       [1.96091e+01, 0.00000e+00, 1.81000e+01, 0.00000e+00, 6.71000e-01,
        7.31300e+00, 9.79000e+01, 1.31630e+00, 2.40000e+01, 6.66000e+02,
        2.02000e+01, 3.96900e+02, 1.34400e+01],
       [2.39120e-01, 0.00000e+00, 9.69000e+00, 0.00000e+00, 5.85000e-01,
        6.01900e+00, 6.53000e+01, 2.40910e+00, 6.00000e+00, 3.91000e+02,
        1.92000e+01, 3.96900e+02, 1.29200e+01],
       [2.28760e-01, 0.00000e+00, 8.56000e+00, 0.00000e+00, 5.20000e-01,
        6.40500e+00, 8.54000e+01, 2.71470e+00, 5.00000e+00, 3.84000e+02,
        2.09000e+01, 7.08000e+01, 1.06300e+01],
       [5.11830e-01, 0.00000e+00, 6.20000e+00, 0.00000e+00, 5.07000e-01,
        7.35800e+00, 7.16000e+01, 4.14800e+00, 8.00000e+00, 3.07000e+02,
        1.74000e+01, 3.90070e+02, 4.73000e+00],
       [3.84970e+00, 0.00000e+00, 1.81000e+01, 1.00000e+00, 7.70000e-01,
        6.39500e+00, 9.10000e+01, 2.50520e+00, 2.40000e+01, 6.66000e+02,
        2.02000e+01, 3.91340e+02, 1.32700e+01],
       [7.40389e+00, 0.00000e+00, 1.81000e+01, 0.00000e+00, 5.97000e-01,
        5.61700e+00, 9.79000e+01, 1.45470e+00, 2.40000e+01, 6.66000e+02,
        2.02000e+01, 3.14640e+02, 2.64000e+01],
       [6.11540e-01, 2.00000e+01, 3.97000e+00, 0.00000e+00, 6.47000e-01,
        8.70400e+00, 8.69000e+01, 1.80100e+00, 5.00000e+00, 2.64000e+02,
        1.30000e+01, 3.89700e+02, 5.12000e+00],
       [3.55100e-02, 2.50000e+01, 4.86000e+00, 0.00000e+00, 4.26000e-01,
        6.16700e+00, 4.67000e+01, 5.40070e+00, 4.00000e+00, 2.81000e+02,
        1.90000e+01, 3.90640e+02, 7.51000e+00],
       [1.22472e+01, 0.00000e+00, 1.81000e+01, 0.00000e+00, 5.84000e-01,
        5.83700e+00, 5.97000e+01, 1.99760e+00, 2.40000e+01, 6.66000e+02,
        2.02000e+01, 2.46500e+01, 1.56900e+01],
       [5.02300e-02, 3.50000e+01, 6.06000e+00, 0.00000e+00, 4.37900e-01,
        5.70600e+00, 2.84000e+01, 6.64070e+00, 1.00000e+00, 3.04000e+02,
        1.69000e+01, 3.94020e+02, 1.24300e+01],
       [1.00623e+01, 0.00000e+00, 1.81000e+01, 0.00000e+00, 5.84000e-01,
        6.83300e+00, 9.43000e+01, 2.08820e+00, 2.40000e+01, 6.66000e+02,
        2.02000e+01, 8.13300e+01, 1.96900e+01],
       [5.66637e+00, 0.00000e+00, 1.81000e+01, 0.00000e+00, 7.40000e-01,
        6.21900e+00, 1.00000e+02, 2.00480e+00, 2.40000e+01, 6.66000e+02,
        2.02000e+01, 3.95690e+02, 1.65900e+01],
       [3.76619e+01, 0.00000e+00, 1.81000e+01, 0.00000e+00, 6.79000e-01,
        6.20200e+00, 7.87000e+01, 1.86290e+00, 2.40000e+01, 6.66000e+02,
        2.02000e+01, 1.88200e+01, 1.45200e+01]]), 'y_train': array([24. , 21.6, 34.7, 33.4, 36.2, 28.7, 22.9, 27.1, 16.5, 18.9, 18.9,
       21.7, 20.4, 18.2, 19.9, 23.1, 17.5, 20.2, 18.2, 13.6, 19.6, 15.2,
       14.5, 13.9, 16.6, 14.8, 18.4, 21. , 12.7, 14.5, 13.2, 13.1, 13.5,
       20. , 21. , 24.7, 30.8, 26.6, 25.3, 24.7, 21.2, 19.3, 20. , 16.6,
       14.4, 19.7, 20.5, 25. , 23.4, 18.9, 35.4, 24.7, 31.6, 23.3, 19.6,
       18.7, 16. , 22.2, 25. , 33. , 23.5, 19.4, 22. , 17.4, 20.9, 24.2,
       21.7, 22.8, 23.4, 24.1, 21.4, 20. , 20.8, 21.2, 20.3, 28. , 23.9,
       24.8, 23.9, 26.6, 22.5, 22.2, 23.6, 28.7, 22.6, 22. , 22.9, 25. ,
       28.4, 21.4, 38.7, 43.8, 33.2, 27.5, 26.5, 19.3, 20.1, 19.5, 19.5,
       20.4, 19.8, 19.4, 21.7, 22.8, 18.8, 18.7, 18.5, 18.3, 21.2, 19.2,
       20.4, 19.3, 22. , 20.3, 20.5, 17.3, 18.8, 21.4, 15.7, 16.2, 18. ,
       14.3, 19.2, 19.6, 23. , 18.4, 15.6, 18.1, 17.4, 17.1, 13.3, 17.8,
       14.4, 13.4, 15.6, 11.8, 15.6, 14.6, 17.8, 15.4, 19.6, 15.3, 19.4,
       17. , 15.6, 13.1, 24.3, 23.3, 27. , 50. , 50. , 50. , 22.7, 25. ,
       50. , 23.8, 23.8, 17.4, 19.1, 23.1, 22.6, 29.4, 23.2, 24.6, 37.2,
       39.8, 36.2, 37.9, 32.5, 26.4, 29.6, 50. , 32. , 29.8, 34.9, 37. ,
       30.5, 36.4, 31.1, 29.1, 50. , 33.3, 30.3, 34.6, 34.9, 32.9, 24.1,
       42.3, 48.5, 22.6, 24.4, 22.5, 24.4, 20. , 21.7, 19.3, 22.4, 28.1,
       23.7, 25. , 23.3, 28.7, 21.5, 26.7, 27.5, 30.1, 44.8, 50. , 37.6,
       31.6, 46.7, 31.5, 24.3, 31.7, 41.7, 48.3, 29. , 24. , 23.7, 23.3,
       22. , 20.1, 23.7, 17.6, 18.5, 24.3, 20.5, 24.5, 26.2, 24.4, 24.8,
       21.9, 20.9, 44. , 36. , 30.1, 33.8, 43.1, 48.8, 31. , 36.5, 22.8,
       50. , 43.5, 20.7, 21.1, 25.2, 24.4, 32.4, 32. , 33.2, 33.1, 29.1,
       35.1, 45.4, 35.4, 46. , 50. , 32.2, 22. , 20.1, 23.2, 22.3, 24.8,
       28.5, 37.3, 27.9, 23.9, 21.7, 28.6, 27.1, 20.3, 22.5, 29. , 24.8,
       22. , 26.4, 36.1, 28.4, 33.4, 28.2, 22.8, 20.3, 16.1, 22.1, 19.4,
       21.6, 23.8, 16.2, 17.8, 19.8, 23.1, 21. , 23.8, 23.1, 18.5, 25. ,
       24.6, 23. , 22.2, 19.3, 22.6, 19.8, 19.4, 22.2, 20.7, 21.1, 19.5,
       18.5, 20.6, 19. , 18.7, 32.7, 16.5, 31.2, 17.5, 17.2, 24.5, 26.6,
       22.9, 24.1, 18.6, 30.1, 18.2, 17.8, 22.7, 22.6, 25. , 19.9, 20.8,
       16.8, 21.9, 21.9, 23.1, 50. , 50. , 50. , 50. , 50. , 13.8, 13.8,
       13.9, 13.3, 10.2, 10.4, 11.3, 12.3,  7.2, 10.5,  7.4, 10.2, 11.5,
       15.1, 23.2,  9.7, 13.8, 12.7, 13.1, 12.5,  5. ,  6.3,  5.6,  7.2,
       12.1,  8.3,  8.5,  5. , 11.9, 27.9, 27.5, 17.9, 16.3,  7. ,  7.2,
        7.5, 10.4,  8.8, 16.7, 14.2, 20.8, 13.4, 11.7,  8.3, 11. ,  9.5,
       14.5, 16.1, 14.3, 11.7, 13.4,  9.6,  8.7,  8.4, 12.8, 10.5, 17.1,
       15.4, 10.8, 11.8, 14.9, 12.6, 14.1, 13. , 13.4, 15.2, 16.1, 17.8,
       14.9, 14.1, 12.7, 13.5, 14.9, 16.4, 17.7, 19.5, 20.2, 21.4, 19.9,
       19. , 19.1, 19.1, 20.1, 19.9, 19.6, 23.2, 29.8, 13.8, 13.3, 16.7,
       12. , 14.6, 21.4, 23. , 23.7, 25. , 21.8, 20.6, 21.2, 20.6, 15.2,
        7. ,  8.1, 13.6, 20.1, 21.8, 24.5, 23.1, 18.3, 17.5, 16.8, 22.4,
       20.6, 23.9, 22. , 11.9]), 'x_train': array([[6.3200e-03, 1.8000e+01, 2.3100e+00, ..., 1.5300e+01, 3.9690e+02,
        4.9800e+00],
       [2.7310e-02, 0.0000e+00, 7.0700e+00, ..., 1.7800e+01, 3.9690e+02,
        9.1400e+00],
       [2.7290e-02, 0.0000e+00, 7.0700e+00, ..., 1.7800e+01, 3.9283e+02,
        4.0300e+00],
       ...,
       [6.0760e-02, 0.0000e+00, 1.1930e+01, ..., 2.1000e+01, 3.9690e+02,
        5.6400e+00],
       [1.0959e-01, 0.0000e+00, 1.1930e+01, ..., 2.1000e+01, 3.9345e+02,
        6.4800e+00],
       [4.7410e-02, 0.0000e+00, 1.1930e+01, ..., 2.1000e+01, 3.9690e+02,
        7.8800e+00]]), 'packages': [['atomicwrites', '1.1.5'], ['attrs', '18.1.0'], ['backcall', '0.1.0'], ['coverage', '4.5.1'], ['cycler', '0.10.0'], ['decorator', '4.3.0'], ['docopt', '0.6.2'], ['hashfs', '0.7.0'], ['hypothesis', '3.57.0'], ['ipykernel', '4.8.2'], ['ipython', '6.4.0'], ['ipython-genutils', '0.2.0'], ['jedi', '0.12.0'], ['jsonpickle', '0.9.6'], ['jsonschema', '2.6.0'], ['jupyter-client', '5.2.3'], ['jupyter-core', '4.4.0'], ['kiwisolver', '1.0.1'], ['Lasagne', '0.1'], ['matplotlib', '2.2.2'], ['more-itertools', '4.2.0'], ['mpmath', '1.0.0'], ['munch', '2.3.2'], ['nbformat', '4.4.0'], ['nbval', '0.9.1'], ['numpy', '1.14.3'], ['pandas', '0.23.0'], ['parso', '0.2.1'], ['pexpect', '4.6.0'], ['pickleshare', '0.7.4'], ['Pillow', '5.1.0'], ['pip', '10.0.1'], ['pkg-resources', '0.0.0'], ['pluggy', '0.6.0'], ['prompt-toolkit', '1.0.15'], ['ptyprocess', '0.5.2'], ['py', '1.5.3'], ['py-cpuinfo', '4.0.0'], ['Pygments', '2.2.0'], ['pymongo', '3.6.1'], ['pyparsing', '2.2.0'], ['pysgmcmc', '0.0.1'], ['pytest', '3.6.0'], ['python-dateutil', '2.7.3'], ['pytz', '2018.4'], ['pyzmq', '17.0.0'], ['sacred', '0.7.3'], ['scandir', '1.7'], ['scikit-learn', '0.19.1'], ['scipy', '1.1.0'], ['seaborn', '0.8.1'], ['setuptools', '39.2.0'], ['simplegeneric', '0.8.1'], ['six', '1.11.0'], ['SQLAlchemy', '1.2.8'], ['sympy', '1.1.1'], ['Theano', '0.8.0'], ['tinydb', '3.9.0.post1'], ['tinydb-serialization', '1.0.4'], ['torch', '0.4.0'], ['torchvision', '0.2.1'], ['tornado', '5.0.2'], ['tqdm', '4.23.4'], ['traitlets', '4.3.2'], ['wcwidth', '0.1.7'], ['wheel', '0.31.1'], ['wrapt', '1.10.11']], 'prediction_mean': array([16.236917, 26.949276, 12.182108, 26.214415, 10.535662, 41.052742,
       15.713935, 22.573275, 24.484774, 22.415617, 21.290878, 25.119812,
       39.674065, 24.82848 , 11.964601, 20.636965, 11.651206, 32.895348,
       25.505072, 27.198051, 20.191486, 18.182705, 21.194424, 26.702122,
       17.936892, 19.482744, 18.996506, 19.142973, 35.914406, 10.873015,
       18.471588,  9.098288, 34.80514 , 24.45031 , 21.431536, 50.14633 ,
       30.763773, 14.625826, 21.28354 , 21.447832, 25.8584  , 33.76456 ,
       18.943514, 16.505888, 50.579918, 20.673264, 10.431152, 19.048603,
       17.607647, 14.907867, 23.166779], dtype=float32), 'prediction_std': array([0.68251413, 0.590976  , 0.8221063 , 0.5488012 , 0.7729627 ,
       1.0255517 , 0.7100465 , 1.4010795 , 1.2619745 , 0.9847744 ,
       0.6238003 , 0.76636666, 1.0843292 , 0.62266403, 0.5444375 ,
       0.70283747, 0.633393  , 0.9261498 , 0.912214  , 1.4342324 ,
       0.37722278, 0.9890611 , 0.7387611 , 0.8332958 , 1.1311098 ,
       0.45084548, 0.75814235, 0.39613837, 1.019071  , 0.5068131 ,
       0.447636  , 0.42889413, 0.6463935 , 0.8944793 , 0.4126596 ,
       0.68108404, 1.0354346 , 1.4431314 , 0.60658103, 0.36277822,
       0.6536555 , 0.9119749 , 0.69836366, 1.0018369 , 0.83551216,
       0.52087283, 0.8287038 , 0.61451685, 0.69068426, 0.74735826,
       0.84616923], dtype=float32)}
INFO - BNN_UCI - Completed after 0:01:20
