INFO - BNN_UCI - Running command 'fit_bnn'
INFO - BNN_UCI - Started run with ID "408"
/home/freidanm/repos/pytorch_experiments/experiments_env/src/pysgmcmc/pysgmcmc/data/datasets.py:14: FutureWarning: Method .as_matrix will be removed in a future version. Use .values instead.
  x_train = train_data.as_matrix(feature_columns)
/home/freidanm/repos/pytorch_experiments/experiments_env/src/pysgmcmc/pysgmcmc/data/datasets.py:15: FutureWarning: Method .as_matrix will be removed in a future version. Use .values instead.
  y_train = train_data[label_column].as_matrix()
/home/freidanm/repos/pytorch_experiments/experiments_env/src/pysgmcmc/pysgmcmc/data/datasets.py:17: FutureWarning: Method .as_matrix will be removed in a future version. Use .values instead.
  x_test = test_data.as_matrix(feature_columns)
/home/freidanm/repos/pytorch_experiments/experiments_env/src/pysgmcmc/pysgmcmc/data/datasets.py:18: FutureWarning: Method .as_matrix will be removed in a future version. Use .values instead.
  y_test = test_data[label_column].as_matrix()
INFO - root - Performing 15000 iterations
INFO - BNN_UCI - Result: {'x_train': array([[6.3200e-03, 1.8000e+01, 2.3100e+00, ..., 1.5300e+01, 3.9690e+02,
        4.9800e+00],
       [2.7310e-02, 0.0000e+00, 7.0700e+00, ..., 1.7800e+01, 3.9690e+02,
        9.1400e+00],
       [2.7290e-02, 0.0000e+00, 7.0700e+00, ..., 1.7800e+01, 3.9283e+02,
        4.0300e+00],
       ...,
       [6.0760e-02, 0.0000e+00, 1.1930e+01, ..., 2.1000e+01, 3.9690e+02,
        5.6400e+00],
       [1.0959e-01, 0.0000e+00, 1.1930e+01, ..., 2.1000e+01, 3.9345e+02,
        6.4800e+00],
       [4.7410e-02, 0.0000e+00, 1.1930e+01, ..., 2.1000e+01, 3.9690e+02,
        7.8800e+00]]), 'prediction_std': array([0.41473314, 0.6128596 , 1.1247169 , 0.7775944 , 0.54040796,
       0.617466  , 0.44949964, 0.571929  , 0.6194085 , 0.76627207,
       0.43907714, 0.6858269 , 0.60449386, 0.70800453, 0.8026745 ,
       0.4512921 , 0.49030757, 0.54984546, 0.5411259 , 0.81688374,
       0.617299  , 0.5339787 , 0.47221908, 0.7483076 , 0.77254564,
       0.7062311 , 0.9725167 , 0.62598455, 0.6360286 , 0.7651906 ,
       1.1615385 , 0.8528423 , 0.71242213, 0.4296676 , 0.6180291 ,
       0.5094756 , 0.63146645, 0.51160145, 0.593832  , 0.49135226,
       0.8655466 , 0.38801557, 1.2547132 , 0.49736124, 0.69754773,
       0.6146031 , 0.6123952 , 0.89265627, 0.4887041 , 2.0218916 ,
       0.92490196], dtype=float32), 'y_train': array([24. , 21.6, 34.7, 33.4, 36.2, 28.7, 22.9, 27.1, 16.5, 18.9, 18.9,
       21.7, 20.4, 18.2, 19.9, 23.1, 20.2, 18.2, 13.6, 19.6, 15.2, 14.5,
       15.6, 13.9, 16.6, 18.4, 21. , 12.7, 14.5, 13.2, 13.1, 21. , 24.7,
       30.8, 26.6, 25.3, 21.2, 19.3, 16.6, 14.4, 19.4, 19.7, 20.5, 25. ,
       23.4, 18.9, 35.4, 24.7, 23.3, 19.6, 18.7, 16. , 22.2, 25. , 33. ,
       23.5, 19.4, 22. , 17.4, 20.9, 24.2, 21.7, 22.8, 23.4, 24.1, 21.4,
       20. , 21.2, 20.3, 28. , 23.9, 24.8, 26.6, 22.5, 23.6, 28.7, 22.6,
       22. , 22.9, 25. , 20.6, 28.4, 21.4, 38.7, 43.8, 33.2, 27.5, 26.5,
       18.6, 19.3, 20.1, 19.5, 19.5, 20.4, 19.8, 19.4, 21.7, 22.8, 18.8,
       18.7, 18.5, 21.2, 20.4, 19.3, 22. , 20.3, 20.5, 17.3, 18.8, 21.4,
       15.7, 16.2, 18. , 14.3, 19.6, 23. , 18.4, 15.6, 18.1, 17.4, 17.1,
       13.3, 17.8, 14. , 14.4, 11.8, 13.8, 15.6, 14.6, 17.8, 15.4, 21.5,
       19.6, 19.4, 17. , 15.6, 41.3, 24.3, 23.3, 27. , 50. , 50. , 50. ,
       22.7, 25. , 50. , 23.8, 23.8, 22.3, 17.4, 19.1, 23.6, 22.6, 29.4,
       23.2, 24.6, 29.9, 37.2, 39.8, 36.2, 37.9, 32.5, 26.4, 29.6, 50. ,
       32. , 29.8, 37. , 30.5, 36.4, 31.1, 50. , 30.3, 34.6, 34.9, 32.9,
       24.1, 42.3, 48.5, 50. , 22.6, 24.4, 24.4, 20. , 21.7, 19.3, 22.4,
       28.1, 23.7, 25. , 23.3, 28.7, 21.5, 23. , 26.7, 21.7, 27.5, 30.1,
       44.8, 37.6, 31.6, 46.7, 31.5, 24.3, 31.7, 41.7, 48.3, 24. , 25.1,
       31.5, 23.7, 23.3, 22. , 20.1, 22.2, 23.7, 17.6, 18.5, 24.3, 20.5,
       24.5, 26.2, 24.4, 24.8, 29.6, 42.8, 20.9, 44. , 50. , 36. , 30.1,
       33.8, 43.1, 48.8, 31. , 36.5, 30.7, 43.5, 20.7, 21.1, 25.2, 24.4,
       35.2, 32. , 33.2, 33.1, 29.1, 35.1, 35.4, 46. , 50. , 32.2, 22. ,
       20.1, 22.3, 24.8, 28.5, 37.3, 27.9, 23.9, 21.7, 28.6, 27.1, 20.3,
       22.5, 29. , 24.8, 22. , 26.4, 33.1, 36.1, 28.4, 33.4, 28.2, 22.8,
       20.3, 16.1, 22.1, 19.4, 21.6, 23.8, 16.2, 17.8, 19.8, 23.1, 21. ,
       23.8, 23.1, 20.4, 18.5, 25. , 24.6, 23. , 22.2, 19.3, 22.6, 19.8,
       17.1, 19.4, 22.2, 20.7, 21.1, 19.5, 18.5, 20.6, 19. , 18.7, 32.7,
       16.5, 23.9, 17.5, 17.2, 24.5, 26.6, 22.9, 24.1, 18.6, 30.1, 18.2,
       20.6, 17.8, 21.7, 22.7, 22.6, 19.9, 20.8, 16.8, 21.9, 27.5, 23.1,
       50. , 50. , 50. , 50. , 50. , 13.8, 15. , 13.9, 13.3, 13.1, 10.2,
       10.4, 10.9, 11.3, 12.3,  8.8,  7.2, 10.5,  7.4, 10.2, 11.5, 15.1,
       23.2,  9.7, 12.7, 13.1,  8.5,  5. ,  6.3,  5.6,  7.2, 12.1,  8.3,
        8.5,  5. , 11.9, 27.9, 17.2, 27.5, 17.9, 16.3,  7. ,  7.2,  7.5,
        8.8,  8.4, 16.7, 14.2, 20.8, 11.7,  8.3, 10.2, 10.9, 11. ,  9.5,
       14.5, 14.1, 16.1, 11.7, 13.4,  9.6,  8.7,  8.4, 12.8, 10.5, 17.1,
       15.4, 10.8, 11.8, 14.9, 12.6, 13. , 13.4, 15.2, 16.1, 17.8, 14.9,
       14.1, 12.7, 13.5, 14.9, 20. , 16.4, 17.7, 19.5, 20.2, 21.4, 19.9,
       19. , 19.1, 19.1, 20.1, 19.9, 19.6, 23.2, 13.8, 13.3, 16.7, 12. ,
       14.6, 21.4, 23. , 25. , 21.8, 20.6, 21.2, 19.1, 20.6, 15.2,  7. ,
        8.1, 13.6, 20.1, 21.8, 24.5, 23.1, 19.7, 21.2, 17.5, 16.8, 22.4,
       20.6, 23.9, 22. , 11.9]), 'y_test': array([24.7, 23.2, 13.8, 22.8, 12.5, 25. , 23.7, 14.8, 31.2, 31.6, 20.8,
       13.8, 14.1, 10.4, 50. , 29. , 23.9, 13.4, 22.2, 23.1, 34.9, 15.3,
       18.9, 13.4, 18.3, 13.1, 15. , 32.4, 29.1, 29.8, 45.4, 13.5, 34.9,
       20. , 17.2, 18.4, 19.2, 18.3, 22.9, 19.2, 50. , 14.3, 33.3, 20. ,
       22.5, 21.9, 23.1, 21.9, 15.6, 15. , 17.5]), 'packages': [['atomicwrites', '1.1.5'], ['attrs', '18.1.0'], ['backcall', '0.1.0'], ['coverage', '4.5.1'], ['cycler', '0.10.0'], ['decorator', '4.3.0'], ['docopt', '0.6.2'], ['hashfs', '0.7.0'], ['hypothesis', '3.57.0'], ['ipykernel', '4.8.2'], ['ipython', '6.4.0'], ['ipython-genutils', '0.2.0'], ['jedi', '0.12.0'], ['jsonpickle', '0.9.6'], ['jsonschema', '2.6.0'], ['jupyter-client', '5.2.3'], ['jupyter-core', '4.4.0'], ['kiwisolver', '1.0.1'], ['Lasagne', '0.1'], ['matplotlib', '2.2.2'], ['more-itertools', '4.2.0'], ['mpmath', '1.0.0'], ['munch', '2.3.2'], ['nbformat', '4.4.0'], ['nbval', '0.9.1'], ['numpy', '1.14.3'], ['pandas', '0.23.0'], ['parso', '0.2.1'], ['pexpect', '4.6.0'], ['pickleshare', '0.7.4'], ['Pillow', '5.1.0'], ['pip', '10.0.1'], ['pkg-resources', '0.0.0'], ['pluggy', '0.6.0'], ['prompt-toolkit', '1.0.15'], ['ptyprocess', '0.5.2'], ['py', '1.5.3'], ['py-cpuinfo', '4.0.0'], ['Pygments', '2.2.0'], ['pymongo', '3.6.1'], ['pyparsing', '2.2.0'], ['pysgmcmc', '0.0.1'], ['pytest', '3.6.0'], ['python-dateutil', '2.7.3'], ['pytz', '2018.4'], ['pyzmq', '17.0.0'], ['sacred', '0.7.3'], ['scandir', '1.7'], ['scikit-learn', '0.19.1'], ['scipy', '1.1.0'], ['seaborn', '0.8.1'], ['setuptools', '39.2.0'], ['simplegeneric', '0.8.1'], ['six', '1.11.0'], ['SQLAlchemy', '1.2.8'], ['sympy', '1.1.1'], ['Theano', '0.8.0'], ['tinydb', '3.9.0.post1'], ['tinydb-serialization', '1.0.4'], ['torch', '0.4.0'], ['torchvision', '0.2.1'], ['tornado', '5.0.2'], ['tqdm', '4.23.4'], ['traitlets', '4.3.2'], ['wcwidth', '0.1.7'], ['wheel', '0.31.1'], ['wrapt', '1.10.11']], 'prediction_mean': array([24.046192 , 21.910034 , 10.524334 , 28.594372 , 14.669365 ,
       27.21752  , 25.510042 , 11.07822  , 30.576817 , 28.130419 ,
       21.575823 , 14.514063 , 12.688309 ,  6.9210787, 51.716255 ,
       27.457718 , 23.714802 , 15.170849 , 21.961157 , 21.79493  ,
       38.526077 , 18.277893 , 20.517063 , 14.716656 , 15.00487  ,
       14.141285 , 23.91384  , 34.77677  , 29.084288 , 24.078552 ,
       36.99446  , 15.124638 , 35.30938  , 20.427357 , 16.687387 ,
       14.864672 , 17.533508 , 17.53811  , 22.613678 , 20.7436   ,
       47.676456 , 14.15182  , 35.305046 , 20.550032 , 20.753279 ,
       21.633833 , 27.581818 , 15.133629 , 14.834316 , 17.560635 ,
       18.424343 ], dtype=float32), 'x_test': array([[1.59360e-01, 0.00000e+00, 6.91000e+00, 0.00000e+00, 4.48000e-01,
        6.21100e+00, 6.50000e+00, 5.72090e+00, 3.00000e+00, 2.33000e+02,
        1.79000e+01, 3.94460e+02, 7.44000e+00],
       [3.87100e-02, 5.25000e+01, 5.32000e+00, 0.00000e+00, 4.05000e-01,
        6.20900e+00, 3.13000e+01, 7.31720e+00, 6.00000e+00, 2.93000e+02,
        1.66000e+01, 3.96900e+02, 7.14000e+00],
       [1.11081e+01, 0.00000e+00, 1.81000e+01, 0.00000e+00, 6.68000e-01,
        4.90600e+00, 1.00000e+02, 1.17420e+00, 2.40000e+01, 6.66000e+02,
        2.02000e+01, 3.96900e+02, 3.47700e+01],
       [7.61620e-01, 2.00000e+01, 3.97000e+00, 0.00000e+00, 6.47000e-01,
        5.56000e+00, 6.28000e+01, 1.98650e+00, 5.00000e+00, 2.64000e+02,
        1.30000e+01, 3.92400e+02, 1.04500e+01],
       [5.87205e+00, 0.00000e+00, 1.81000e+01, 0.00000e+00, 6.93000e-01,
        6.40500e+00, 9.60000e+01, 1.67680e+00, 2.40000e+01, 6.66000e+02,
        2.02000e+01, 3.96900e+02, 1.93700e+01],
       [4.54192e+00, 0.00000e+00, 1.81000e+01, 0.00000e+00, 7.70000e-01,
        6.39800e+00, 8.80000e+01, 2.51820e+00, 2.40000e+01, 6.66000e+02,
        2.02000e+01, 3.74560e+02, 7.79000e+00],
       [5.70818e+00, 0.00000e+00, 1.81000e+01, 0.00000e+00, 5.32000e-01,
        6.75000e+00, 7.49000e+01, 3.33170e+00, 2.40000e+01, 6.66000e+02,
        2.02000e+01, 3.93070e+02, 7.74000e+00],
       [9.55770e-01, 0.00000e+00, 8.14000e+00, 0.00000e+00, 5.38000e-01,
        6.04700e+00, 8.88000e+01, 4.45340e+00, 4.00000e+00, 3.07000e+02,
        2.10000e+01, 3.06380e+02, 1.72800e+01],
       [3.04900e-02, 5.50000e+01, 3.78000e+00, 0.00000e+00, 4.84000e-01,
        6.87400e+00, 2.81000e+01, 6.46540e+00, 5.00000e+00, 3.70000e+02,
        1.76000e+01, 3.87970e+02, 4.61000e+00],
       [1.43200e-02, 1.00000e+02, 1.32000e+00, 0.00000e+00, 4.11000e-01,
        6.81600e+00, 4.05000e+01, 8.32480e+00, 5.00000e+00, 2.56000e+02,
        1.51000e+01, 3.92900e+02, 3.95000e+00],
       [8.70700e-02, 0.00000e+00, 1.28300e+01, 0.00000e+00, 4.37000e-01,
        6.14000e+00, 4.58000e+01, 4.09050e+00, 5.00000e+00, 3.98000e+02,
        1.87000e+01, 3.86960e+02, 1.02700e+01],
       [8.64476e+00, 0.00000e+00, 1.81000e+01, 0.00000e+00, 6.93000e-01,
        6.19300e+00, 9.26000e+01, 1.79120e+00, 2.40000e+01, 6.66000e+02,
        2.02000e+01, 3.96900e+02, 1.51700e+01],
       [9.32909e+00, 0.00000e+00, 1.81000e+01, 0.00000e+00, 7.13000e-01,
        6.18500e+00, 9.87000e+01, 2.26160e+00, 2.40000e+01, 6.66000e+02,
        2.02000e+01, 3.96900e+02, 1.81300e+01],
       [2.59406e+01, 0.00000e+00, 1.81000e+01, 0.00000e+00, 6.79000e-01,
        5.30400e+00, 8.91000e+01, 1.64750e+00, 2.40000e+01, 6.66000e+02,
        2.02000e+01, 1.27360e+02, 2.66400e+01],
       [5.78340e-01, 2.00000e+01, 3.97000e+00, 0.00000e+00, 5.75000e-01,
        8.29700e+00, 6.70000e+01, 2.42160e+00, 5.00000e+00, 2.64000e+02,
        1.30000e+01, 3.84540e+02, 7.44000e+00],
       [4.47910e-01, 0.00000e+00, 6.20000e+00, 1.00000e+00, 5.07000e-01,
        6.72600e+00, 6.65000e+01, 3.65190e+00, 8.00000e+00, 3.07000e+02,
        1.74000e+01, 3.60200e+02, 8.05000e+00],
       [5.05900e-02, 0.00000e+00, 4.49000e+00, 0.00000e+00, 4.49000e-01,
        6.38900e+00, 4.80000e+01, 4.77940e+00, 3.00000e+00, 2.47000e+02,
        1.85000e+01, 3.96900e+02, 9.62000e+00],
       [3.32105e+00, 0.00000e+00, 1.95800e+01, 1.00000e+00, 8.71000e-01,
        5.40300e+00, 1.00000e+02, 1.32160e+00, 5.00000e+00, 4.03000e+02,
        1.47000e+01, 3.96900e+02, 2.68200e+01],
       [7.15100e-02, 0.00000e+00, 4.49000e+00, 0.00000e+00, 4.49000e-01,
        6.12100e+00, 5.68000e+01, 3.74760e+00, 3.00000e+00, 2.47000e+02,
        1.85000e+01, 3.95150e+02, 8.44000e+00],
       [1.39140e-01, 0.00000e+00, 4.05000e+00, 0.00000e+00, 5.10000e-01,
        5.57200e+00, 8.85000e+01, 2.59610e+00, 5.00000e+00, 2.96000e+02,
        1.66000e+01, 3.96900e+02, 1.46900e+01],
       [8.37000e-02, 4.50000e+01, 3.44000e+00, 0.00000e+00, 4.37000e-01,
        7.18500e+00, 3.89000e+01, 4.56670e+00, 5.00000e+00, 3.98000e+02,
        1.52000e+01, 3.96900e+02, 5.39000e+00],
       [1.12658e+00, 0.00000e+00, 1.95800e+01, 1.00000e+00, 8.71000e-01,
        5.01200e+00, 8.80000e+01, 1.61020e+00, 5.00000e+00, 4.03000e+02,
        1.47000e+01, 3.43280e+02, 1.21200e+01],
       [6.41700e-02, 0.00000e+00, 5.96000e+00, 0.00000e+00, 4.99000e-01,
        5.93300e+00, 6.82000e+01, 3.36030e+00, 5.00000e+00, 2.79000e+02,
        1.92000e+01, 3.96900e+02, 9.68000e+00],
       [7.05042e+00, 0.00000e+00, 1.81000e+01, 0.00000e+00, 6.14000e-01,
        6.10300e+00, 8.51000e+01, 2.02180e+00, 2.40000e+01, 6.66000e+02,
        2.02000e+01, 2.52000e+00, 2.32900e+01],
       [1.71340e-01, 0.00000e+00, 1.00100e+01, 0.00000e+00, 5.47000e-01,
        5.92800e+00, 8.82000e+01, 2.46310e+00, 6.00000e+00, 4.32000e+02,
        1.78000e+01, 3.44910e+02, 1.57600e+01],
       [2.44668e+00, 0.00000e+00, 1.95800e+01, 0.00000e+00, 8.71000e-01,
        5.27200e+00, 9.40000e+01, 1.73640e+00, 5.00000e+00, 4.03000e+02,
        1.47000e+01, 8.86300e+01, 1.61400e+01],
       [2.24890e-01, 1.25000e+01, 7.87000e+00, 0.00000e+00, 5.24000e-01,
        6.37700e+00, 9.43000e+01, 6.34670e+00, 5.00000e+00, 3.11000e+02,
        1.52000e+01, 3.92520e+02, 2.04500e+01],
       [5.64400e-02, 4.00000e+01, 6.41000e+00, 1.00000e+00, 4.47000e-01,
        6.75800e+00, 3.29000e+01, 4.07760e+00, 4.00000e+00, 2.54000e+02,
        1.76000e+01, 3.96900e+02, 3.53000e+00],
       [1.43900e-02, 6.00000e+01, 2.93000e+00, 0.00000e+00, 4.01000e-01,
        6.60400e+00, 1.88000e+01, 6.21960e+00, 1.00000e+00, 2.65000e+02,
        1.56000e+01, 3.76700e+02, 4.38000e+00],
       [4.64689e+00, 0.00000e+00, 1.81000e+01, 0.00000e+00, 6.14000e-01,
        6.98000e+00, 6.76000e+01, 2.53290e+00, 2.40000e+01, 6.66000e+02,
        2.02000e+01, 3.74680e+02, 1.16600e+01],
       [3.57800e-02, 2.00000e+01, 3.33000e+00, 0.00000e+00, 4.42900e-01,
        7.82000e+00, 6.45000e+01, 4.69470e+00, 5.00000e+00, 2.16000e+02,
        1.49000e+01, 3.87310e+02, 3.76000e+00],
       [1.61282e+00, 0.00000e+00, 8.14000e+00, 0.00000e+00, 5.38000e-01,
        6.09600e+00, 9.69000e+01, 3.75980e+00, 4.00000e+00, 3.07000e+02,
        2.10000e+01, 2.48310e+02, 2.03400e+01],
       [3.35900e-02, 7.50000e+01, 2.95000e+00, 0.00000e+00, 4.28000e-01,
        7.02400e+00, 1.58000e+01, 5.40110e+00, 3.00000e+00, 2.52000e+02,
        1.83000e+01, 3.95620e+02, 1.98000e+00],
       [1.88360e-01, 0.00000e+00, 6.91000e+00, 0.00000e+00, 4.48000e-01,
        5.78600e+00, 3.33000e+01, 5.10040e+00, 3.00000e+00, 2.33000e+02,
        1.79000e+01, 3.96900e+02, 1.41500e+01],
       [1.40507e+01, 0.00000e+00, 1.81000e+01, 0.00000e+00, 5.97000e-01,
        6.65700e+00, 1.00000e+02, 1.52750e+00, 2.40000e+01, 6.66000e+02,
        2.02000e+01, 3.50500e+01, 2.12200e+01],
       [5.66637e+00, 0.00000e+00, 1.81000e+01, 0.00000e+00, 7.40000e-01,
        6.21900e+00, 1.00000e+02, 2.00480e+00, 2.40000e+01, 6.66000e+02,
        2.02000e+01, 3.95690e+02, 1.65900e+01],
       [1.50980e-01, 0.00000e+00, 1.00100e+01, 0.00000e+00, 5.47000e-01,
        6.02100e+00, 8.26000e+01, 2.74740e+00, 6.00000e+00, 4.32000e+02,
        1.78000e+01, 3.94510e+02, 1.03000e+01],
       [2.68380e-01, 0.00000e+00, 9.69000e+00, 0.00000e+00, 5.85000e-01,
        5.79400e+00, 7.06000e+01, 2.89270e+00, 6.00000e+00, 3.91000e+02,
        1.92000e+01, 3.96900e+02, 1.41000e+01],
       [3.55100e-02, 2.50000e+01, 4.86000e+00, 0.00000e+00, 4.26000e-01,
        6.16700e+00, 4.67000e+01, 5.40070e+00, 4.00000e+00, 2.81000e+02,
        1.90000e+01, 3.90640e+02, 7.51000e+00],
       [3.40060e-01, 0.00000e+00, 2.18900e+01, 0.00000e+00, 6.24000e-01,
        6.45800e+00, 9.89000e+01, 2.11850e+00, 4.00000e+00, 4.37000e+02,
        2.12000e+01, 3.95040e+02, 1.26000e+01],
       [5.26930e-01, 0.00000e+00, 6.20000e+00, 0.00000e+00, 5.04000e-01,
        8.72500e+00, 8.30000e+01, 2.89440e+00, 8.00000e+00, 3.07000e+02,
        1.74000e+01, 3.82000e+02, 4.63000e+00],
       [5.58107e+00, 0.00000e+00, 1.81000e+01, 0.00000e+00, 7.13000e-01,
        6.43600e+00, 8.79000e+01, 2.31580e+00, 2.40000e+01, 6.66000e+02,
        2.02000e+01, 1.00190e+02, 1.62200e+01],
       [4.01100e-02, 8.00000e+01, 1.52000e+00, 0.00000e+00, 4.04000e-01,
        7.28700e+00, 3.41000e+01, 7.30900e+00, 2.00000e+00, 3.29000e+02,
        1.26000e+01, 3.96900e+02, 4.08000e+00],
       [9.74400e-02, 0.00000e+00, 5.96000e+00, 0.00000e+00, 4.99000e-01,
        5.84100e+00, 6.14000e+01, 3.37790e+00, 5.00000e+00, 2.79000e+02,
        1.92000e+01, 3.77560e+02, 1.14100e+01],
       [2.51990e-01, 0.00000e+00, 1.05900e+01, 0.00000e+00, 4.89000e-01,
        5.78300e+00, 7.27000e+01, 4.35490e+00, 4.00000e+00, 2.77000e+02,
        1.86000e+01, 3.89430e+02, 1.80600e+01],
       [4.81900e-02, 8.00000e+01, 3.64000e+00, 0.00000e+00, 3.92000e-01,
        6.10800e+00, 3.20000e+01, 9.22030e+00, 1.00000e+00, 3.15000e+02,
        1.64000e+01, 3.92890e+02, 6.57000e+00],
       [1.87000e-02, 8.50000e+01, 4.15000e+00, 0.00000e+00, 4.29000e-01,
        6.51600e+00, 2.77000e+01, 8.53530e+00, 4.00000e+00, 3.51000e+02,
        1.79000e+01, 3.92430e+02, 6.36000e+00],
       [3.69695e+00, 0.00000e+00, 1.81000e+01, 0.00000e+00, 7.18000e-01,
        4.96300e+00, 9.14000e+01, 1.75230e+00, 2.40000e+01, 6.66000e+02,
        2.02000e+01, 3.16030e+02, 1.40000e+01],
       [4.09740e+00, 0.00000e+00, 1.95800e+01, 0.00000e+00, 8.71000e-01,
        5.46800e+00, 1.00000e+02, 1.41180e+00, 5.00000e+00, 4.03000e+02,
        1.47000e+01, 3.96900e+02, 2.64200e+01],
       [5.11358e+01, 0.00000e+00, 1.81000e+01, 0.00000e+00, 5.97000e-01,
        5.75700e+00, 1.00000e+02, 1.41300e+00, 2.40000e+01, 6.66000e+02,
        2.02000e+01, 2.60000e+00, 1.01100e+01],
       [7.84200e-01, 0.00000e+00, 8.14000e+00, 0.00000e+00, 5.38000e-01,
        5.99000e+00, 8.17000e+01, 4.25790e+00, 4.00000e+00, 3.07000e+02,
        2.10000e+01, 3.86750e+02, 1.46700e+01]])}
INFO - BNN_UCI - Completed after 0:01:28
