INFO - BNN_UCI - Running command 'fit_bnn'
INFO - BNN_UCI - Started run with ID "401"
/home/freidanm/repos/pytorch_experiments/experiments_env/src/pysgmcmc/pysgmcmc/data/datasets.py:14: FutureWarning: Method .as_matrix will be removed in a future version. Use .values instead.
  x_train = train_data.as_matrix(feature_columns)
/home/freidanm/repos/pytorch_experiments/experiments_env/src/pysgmcmc/pysgmcmc/data/datasets.py:15: FutureWarning: Method .as_matrix will be removed in a future version. Use .values instead.
  y_train = train_data[label_column].as_matrix()
/home/freidanm/repos/pytorch_experiments/experiments_env/src/pysgmcmc/pysgmcmc/data/datasets.py:17: FutureWarning: Method .as_matrix will be removed in a future version. Use .values instead.
  x_test = test_data.as_matrix(feature_columns)
/home/freidanm/repos/pytorch_experiments/experiments_env/src/pysgmcmc/pysgmcmc/data/datasets.py:18: FutureWarning: Method .as_matrix will be removed in a future version. Use .values instead.
  y_test = test_data[label_column].as_matrix()
INFO - root - Performing 15000 iterations
INFO - BNN_UCI - Result: {'x_train': array([[6.3200e-03, 1.8000e+01, 2.3100e+00, ..., 1.5300e+01, 3.9690e+02,
        4.9800e+00],
       [2.7310e-02, 0.0000e+00, 7.0700e+00, ..., 1.7800e+01, 3.9690e+02,
        9.1400e+00],
       [2.7290e-02, 0.0000e+00, 7.0700e+00, ..., 1.7800e+01, 3.9283e+02,
        4.0300e+00],
       ...,
       [4.5270e-02, 0.0000e+00, 1.1930e+01, ..., 2.1000e+01, 3.9690e+02,
        9.0800e+00],
       [1.0959e-01, 0.0000e+00, 1.1930e+01, ..., 2.1000e+01, 3.9345e+02,
        6.4800e+00],
       [4.7410e-02, 0.0000e+00, 1.1930e+01, ..., 2.1000e+01, 3.9690e+02,
        7.8800e+00]]), 'prediction_std': array([0.96699506, 0.9000463 , 0.6096666 , 0.6813214 , 0.5156566 ,
       0.66505647, 0.4853649 , 1.3299271 , 0.6119265 , 1.1181623 ,
       0.5761559 , 2.1947293 , 0.837094  , 0.5503948 , 0.57313746,
       0.5206782 , 1.1576766 , 0.7340536 , 0.48720402, 0.9229088 ,
       0.61076975, 1.3590152 , 0.78415114, 0.7746605 , 0.836414  ,
       0.80713165, 0.77961236, 1.8426584 , 1.3321407 , 1.0622752 ,
       0.7826592 , 0.6444156 , 0.82862127, 0.91479695, 0.8086432 ,
       0.8691631 , 0.72771496, 0.7701447 , 0.7582957 , 0.695063  ,
       0.7766321 , 0.59664994, 0.97916263, 0.6010832 , 0.76953804,
       0.7799336 , 0.48240298, 0.58852124, 0.605349  , 1.1476105 ,
       0.6166337 ], dtype=float32), 'y_train': array([24. , 21.6, 34.7, 33.4, 36.2, 28.7, 22.9, 27.1, 16.5, 18.9, 15. ,
       21.7, 20.4, 18.2, 19.9, 23.1, 17.5, 18.2, 13.6, 19.6, 15.2, 14.5,
       15.6, 13.9, 16.6, 14.8, 18.4, 21. , 12.7, 14.5, 13.2, 13.1, 13.5,
       18.9, 20. , 30.8, 34.9, 25.3, 24.7, 21.2, 19.3, 16.6, 14.4, 19.4,
       19.7, 20.5, 25. , 23.4, 18.9, 35.4, 24.7, 31.6, 23.3, 19.6, 18.7,
       16. , 22.2, 25. , 33. , 23.5, 19.4, 22. , 17.4, 20.9, 24.2, 21.7,
       22.8, 23.4, 24.1, 21.4, 20. , 20.8, 21.2, 20.3, 28. , 23.9, 24.8,
       22.9, 23.9, 22.5, 22.2, 28.7, 22.6, 22. , 25. , 20.6, 38.7, 43.8,
       27.5, 26.5, 19.3, 20.1, 19.5, 19.5, 20.4, 19.8, 19.4, 21.7, 22.8,
       18.8, 18.7, 18.5, 18.3, 21.2, 19.2, 20.4, 19.3, 22. , 20.3, 20.5,
       17.3, 18.8, 21.4, 15.7, 16.2, 18. , 14.3, 19.2, 19.6, 23. , 18.4,
       15.6, 18.1, 17.4, 17.1, 13.3, 17.8, 14. , 14.4, 13.4, 15.6, 11.8,
       13.8, 15.6, 14.6, 17.8, 15.4, 21.5, 19.6, 15.3, 19.4, 17. , 15.6,
       13.1, 41.3, 24.3, 23.3, 27. , 50. , 50. , 50. , 22.7, 25. , 23.8,
       22.3, 17.4, 19.1, 23.1, 23.6, 22.6, 29.4, 23.2, 24.6, 29.9, 37.2,
       39.8, 37.9, 32.5, 26.4, 29.6, 50. , 32. , 29.8, 34.9, 37. , 30.5,
       36.4, 31.1, 29.1, 50. , 33.3, 30.3, 34.6, 34.9, 32.9, 24.1, 42.3,
       48.5, 22.6, 24.4, 22.5, 24.4, 20. , 21.7, 19.3, 22.4, 28.1, 25. ,
       23.3, 28.7, 21.5, 23. , 21.7, 27.5, 30.1, 50. , 37.6, 31.6, 46.7,
       31.5, 24.3, 31.7, 41.7, 48.3, 29. , 24. , 25.1, 31.5, 23.7, 23.3,
       22. , 20.1, 22.2, 23.7, 17.6, 18.5, 24.3, 20.5, 24.5, 26.2, 24.4,
       24.8, 29.6, 42.8, 21.9, 20.9, 50. , 30.1, 33.8, 43.1, 48.8, 31. ,
       36.5, 22.8, 30.7, 43.5, 21.1, 25.2, 24.4, 32.4, 32. , 33.2, 33.1,
       29.1, 35.1, 45.4, 35.4, 50. , 32.2, 22. , 20.1, 23.2, 22.3, 24.8,
       28.5, 37.3, 27.9, 21.7, 28.6, 20.3, 22.5, 29. , 24.8, 22. , 26.4,
       33.1, 36.1, 28.4, 33.4, 28.2, 22.8, 20.3, 16.1, 22.1, 19.4, 21.6,
       23.8, 16.2, 17.8, 19.8, 23.1, 21. , 23.8, 23.1, 20.4, 18.5, 24.6,
       23. , 22.2, 19.3, 19.8, 17.1, 19.4, 22.2, 20.7, 21.1, 19.5, 18.5,
       20.6, 19. , 18.7, 32.7, 16.5, 23.9, 17.5, 17.2, 23.1, 24.5, 26.6,
       24.1, 18.6, 30.1, 18.2, 20.6, 17.8, 22.7, 22.6, 25. , 19.9, 20.8,
       16.8, 27.5, 21.9, 23.1, 50. , 50. , 50. , 50. , 50. , 13.8, 13.8,
       13.9, 13.3, 13.1, 10.2, 10.4, 11.3, 12.3,  8.8, 10.5,  7.4, 10.2,
       15.1, 23.2,  9.7, 13.8, 12.7, 13.1, 12.5,  8.5,  5. ,  6.3,  5.6,
        7.2, 12.1,  8.3,  5. , 11.9, 27.9, 17.2, 27.5, 15. , 17.9, 16.3,
        7. ,  7.2,  7.5,  8.8,  8.4, 16.7, 14.2, 20.8, 13.4, 11.7,  8.3,
       10.2, 10.9, 11. ,  9.5, 14.1, 16.1, 14.3, 13.4,  9.6,  8.7,  8.4,
       12.8, 10.5, 17.1, 18.4, 15.4, 10.8, 11.8, 12.6, 14.1, 15.2, 16.1,
       17.8, 14.9, 14.1, 12.7, 13.5, 14.9, 20. , 16.4, 17.7, 19.5, 20.2,
       21.4, 19.9, 19. , 19.1, 19.1, 20.1, 19.9, 19.6, 23.2, 13.8, 13.3,
       16.7, 12. , 14.6, 21.4, 23. , 23.7, 25. , 21.8, 20.6, 21.2, 20.6,
       15.2,  7. ,  8.1, 13.6, 20.1, 21.8, 24.5, 23.1, 18.3, 17.5, 16.8,
       22.4, 20.6, 22. , 11.9]), 'y_test': array([17.2, 22.9, 21.2, 24.7, 26.7, 14.5, 18.9, 15. , 50. , 20.2, 13. ,
       21.9, 22.6, 21. , 36. , 21.4, 33.2, 23.8, 20. , 26.6, 36.2, 18.6,
        8.5, 10.9, 50. , 21.7, 23.6, 23.7, 11.5, 44.8,  7.2, 23.9, 26.6,
       22.9, 46. , 44. , 27.1, 13.4, 10.4, 28.4, 19.1, 23.9, 31.2, 14.9,
       35.2, 25. , 20.7, 19.7, 29.8, 11.7, 50. ]), 'packages': [['atomicwrites', '1.1.5'], ['attrs', '18.1.0'], ['backcall', '0.1.0'], ['coverage', '4.5.1'], ['cycler', '0.10.0'], ['decorator', '4.3.0'], ['docopt', '0.6.2'], ['hashfs', '0.7.0'], ['hypothesis', '3.57.0'], ['ipykernel', '4.8.2'], ['ipython', '6.4.0'], ['ipython-genutils', '0.2.0'], ['jedi', '0.12.0'], ['jsonpickle', '0.9.6'], ['jsonschema', '2.6.0'], ['jupyter-client', '5.2.3'], ['jupyter-core', '4.4.0'], ['kiwisolver', '1.0.1'], ['Lasagne', '0.1'], ['matplotlib', '2.2.2'], ['more-itertools', '4.2.0'], ['mpmath', '1.0.0'], ['munch', '2.3.2'], ['nbformat', '4.4.0'], ['nbval', '0.9.1'], ['numpy', '1.14.3'], ['pandas', '0.23.0'], ['parso', '0.2.1'], ['pexpect', '4.6.0'], ['pickleshare', '0.7.4'], ['Pillow', '5.1.0'], ['pip', '10.0.1'], ['pkg-resources', '0.0.0'], ['pluggy', '0.6.0'], ['prompt-toolkit', '1.0.15'], ['ptyprocess', '0.5.2'], ['py', '1.5.3'], ['py-cpuinfo', '4.0.0'], ['Pygments', '2.2.0'], ['pymongo', '3.6.1'], ['pyparsing', '2.2.0'], ['pysgmcmc', '0.0.1'], ['pytest', '3.6.0'], ['python-dateutil', '2.7.3'], ['pytz', '2018.4'], ['pyzmq', '17.0.0'], ['sacred', '0.7.3'], ['scandir', '1.7'], ['scikit-learn', '0.19.1'], ['scipy', '1.1.0'], ['seaborn', '0.8.1'], ['setuptools', '39.2.0'], ['simplegeneric', '0.8.1'], ['six', '1.11.0'], ['SQLAlchemy', '1.2.8'], ['sympy', '1.1.1'], ['Theano', '0.8.0'], ['tinydb', '3.9.0.post1'], ['tinydb-serialization', '1.0.4'], ['torch', '0.4.0'], ['torchvision', '0.2.1'], ['tornado', '5.0.2'], ['tqdm', '4.23.4'], ['traitlets', '4.3.2'], ['wcwidth', '0.1.7'], ['wheel', '0.31.1'], ['wrapt', '1.10.11']], 'prediction_mean': array([11.773762 , 25.237139 , 21.325308 , 22.097555 , 26.700811 ,
       14.605707 , 24.072903 , 22.986103 , 50.768322 , 21.070683 ,
       13.97325  , 36.110146 , 25.091969 , 18.525917 , 38.521976 ,
       21.23222  , 33.143658 , 21.918062 , 19.497412 , 31.546375 ,
       26.221743 , 26.967476 ,  7.920336 , 12.21144  , 49.81991  ,
       20.247107 , 30.103233 , 19.551075 , 11.340769 , 47.254112 ,
        8.0086155, 24.73241  , 27.128157 , 22.81127  , 37.060204 ,
       44.211887 , 24.919985 , 14.043364 ,  8.95089  , 25.53033  ,
       19.018211 , 23.980951 , 30.223402 , 15.101535 , 33.364388 ,
       23.669497 , 23.928394 , 18.006098 , 22.207617 , 13.753138 ,
       50.94553  ], dtype=float32), 'x_test': array([[1.40507e+01, 0.00000e+00, 1.81000e+01, 0.00000e+00, 5.97000e-01,
        6.65700e+00, 1.00000e+02, 1.52750e+00, 2.40000e+01, 6.66000e+02,
        2.02000e+01, 3.50500e+01, 2.12200e+01],
       [4.20300e-02, 2.80000e+01, 1.50400e+01, 0.00000e+00, 4.64000e-01,
        6.44200e+00, 5.36000e+01, 3.66590e+00, 4.00000e+00, 2.70000e+02,
        1.82000e+01, 3.95010e+02, 8.16000e+00],
       [2.39120e-01, 0.00000e+00, 9.69000e+00, 0.00000e+00, 5.85000e-01,
        6.01900e+00, 6.53000e+01, 2.40910e+00, 6.00000e+00, 3.91000e+02,
        1.92000e+01, 3.96900e+02, 1.29200e+01],
       [1.75050e-01, 0.00000e+00, 5.96000e+00, 0.00000e+00, 4.99000e-01,
        5.96600e+00, 3.02000e+01, 3.84730e+00, 5.00000e+00, 2.79000e+02,
        1.92000e+01, 3.93430e+02, 1.01300e+01],
       [3.58090e-01, 0.00000e+00, 6.20000e+00, 1.00000e+00, 5.07000e-01,
        6.95100e+00, 8.85000e+01, 2.86170e+00, 8.00000e+00, 3.07000e+02,
        1.74000e+01, 3.91700e+02, 9.71000e+00],
       [8.49213e+00, 0.00000e+00, 1.81000e+01, 0.00000e+00, 5.84000e-01,
        6.34800e+00, 8.61000e+01, 2.05270e+00, 2.40000e+01, 6.66000e+02,
        2.02000e+01, 8.34500e+01, 1.76400e+01],
       [1.17470e-01, 1.25000e+01, 7.87000e+00, 0.00000e+00, 5.24000e-01,
        6.00900e+00, 8.29000e+01, 6.22670e+00, 5.00000e+00, 3.11000e+02,
        1.52000e+01, 3.96900e+02, 1.32700e+01],
       [1.96091e+01, 0.00000e+00, 1.81000e+01, 0.00000e+00, 6.71000e-01,
        7.31300e+00, 9.79000e+01, 1.31630e+00, 2.40000e+01, 6.66000e+02,
        2.02000e+01, 3.96900e+02, 1.34400e+01],
       [5.78340e-01, 2.00000e+01, 3.97000e+00, 0.00000e+00, 5.75000e-01,
        8.29700e+00, 6.70000e+01, 2.42160e+00, 5.00000e+00, 2.64000e+02,
        1.30000e+01, 3.84540e+02, 7.44000e+00],
       [8.02710e-01, 0.00000e+00, 8.14000e+00, 0.00000e+00, 5.38000e-01,
        5.45600e+00, 3.66000e+01, 3.79650e+00, 4.00000e+00, 3.07000e+02,
        2.10000e+01, 2.88990e+02, 1.16900e+01],
       [7.52601e+00, 0.00000e+00, 1.81000e+01, 0.00000e+00, 7.13000e-01,
        6.41700e+00, 9.83000e+01, 2.18500e+00, 2.40000e+01, 6.66000e+02,
        2.02000e+01, 3.04210e+02, 1.93100e+01],
       [3.47428e+00, 0.00000e+00, 1.81000e+01, 1.00000e+00, 7.18000e-01,
        8.78000e+00, 8.29000e+01, 1.90470e+00, 2.40000e+01, 6.66000e+02,
        2.02000e+01, 3.54550e+02, 5.29000e+00],
       [6.72400e-02, 0.00000e+00, 3.24000e+00, 0.00000e+00, 4.60000e-01,
        6.33300e+00, 1.72000e+01, 5.21460e+00, 4.00000e+00, 4.30000e+02,
        1.69000e+01, 3.75210e+02, 7.34000e+00],
       [8.01400e-02, 0.00000e+00, 5.96000e+00, 0.00000e+00, 4.99000e-01,
        5.85000e+00, 4.15000e+01, 3.93420e+00, 5.00000e+00, 2.79000e+02,
        1.92000e+01, 3.96900e+02, 8.77000e+00],
       [6.63510e-01, 2.00000e+01, 3.97000e+00, 0.00000e+00, 6.47000e-01,
        7.33300e+00, 1.00000e+02, 1.89460e+00, 5.00000e+00, 2.64000e+02,
        1.30000e+01, 3.83290e+02, 7.79000e+00],
       [1.15040e-01, 0.00000e+00, 2.89000e+00, 0.00000e+00, 4.45000e-01,
        6.16300e+00, 6.96000e+01, 3.49520e+00, 2.00000e+00, 2.76000e+02,
        1.80000e+01, 3.91830e+02, 1.13400e+01],
       [6.86000e-02, 0.00000e+00, 2.89000e+00, 0.00000e+00, 4.45000e-01,
        7.41600e+00, 6.25000e+01, 3.49520e+00, 2.00000e+00, 2.76000e+02,
        1.80000e+01, 3.96900e+02, 6.19000e+00],
       [2.30040e+00, 0.00000e+00, 1.95800e+01, 0.00000e+00, 6.05000e-01,
        6.31900e+00, 9.61000e+01, 2.10000e+00, 5.00000e+00, 4.03000e+02,
        1.47000e+01, 2.97090e+02, 1.11000e+01],
       [1.88360e-01, 0.00000e+00, 6.91000e+00, 0.00000e+00, 4.48000e-01,
        5.78600e+00, 3.33000e+01, 5.10040e+00, 3.00000e+00, 2.33000e+02,
        1.79000e+01, 3.96900e+02, 1.41500e+01],
       [1.27440e-01, 0.00000e+00, 6.91000e+00, 0.00000e+00, 4.48000e-01,
        6.77000e+00, 2.90000e+00, 5.72090e+00, 3.00000e+00, 2.33000e+02,
        1.79000e+01, 3.85410e+02, 4.84000e+00],
       [6.88800e-02, 0.00000e+00, 2.46000e+00, 0.00000e+00, 4.88000e-01,
        6.14400e+00, 6.22000e+01, 2.59790e+00, 3.00000e+00, 1.93000e+02,
        1.78000e+01, 3.96900e+02, 9.45000e+00],
       [2.28760e-01, 0.00000e+00, 8.56000e+00, 0.00000e+00, 5.20000e-01,
        6.40500e+00, 8.54000e+01, 2.71470e+00, 5.00000e+00, 3.84000e+02,
        2.09000e+01, 7.08000e+01, 1.06300e+01],
       [4.15292e+01, 0.00000e+00, 1.81000e+01, 0.00000e+00, 6.93000e-01,
        5.53100e+00, 8.54000e+01, 1.60740e+00, 2.40000e+01, 6.66000e+02,
        2.02000e+01, 3.29460e+02, 2.73800e+01],
       [1.58744e+01, 0.00000e+00, 1.81000e+01, 0.00000e+00, 6.71000e-01,
        6.54500e+00, 9.91000e+01, 1.51920e+00, 2.40000e+01, 6.66000e+02,
        2.02000e+01, 3.96900e+02, 2.10800e+01],
       [2.00900e-02, 9.50000e+01, 2.68000e+00, 0.00000e+00, 4.16100e-01,
        8.03400e+00, 3.19000e+01, 5.11800e+00, 4.00000e+00, 2.24000e+02,
        1.47000e+01, 3.90550e+02, 2.88000e+00],
       [3.84970e+00, 0.00000e+00, 1.81000e+01, 1.00000e+00, 7.70000e-01,
        6.39500e+00, 9.10000e+01, 2.50520e+00, 2.40000e+01, 6.66000e+02,
        2.02000e+01, 3.91340e+02, 1.32700e+01],
       [5.66000e-02, 0.00000e+00, 3.41000e+00, 0.00000e+00, 4.89000e-01,
        7.00700e+00, 8.63000e+01, 3.42170e+00, 2.00000e+00, 2.70000e+02,
        1.78000e+01, 3.96900e+02, 5.50000e+00],
       [2.89550e-01, 0.00000e+00, 1.05900e+01, 0.00000e+00, 4.89000e-01,
        5.41200e+00, 9.80000e+00, 3.58750e+00, 4.00000e+00, 2.77000e+02,
        1.86000e+01, 3.48930e+02, 2.95500e+01],
       [8.15174e+00, 0.00000e+00, 1.81000e+01, 0.00000e+00, 7.00000e-01,
        5.39000e+00, 9.89000e+01, 1.72810e+00, 2.40000e+01, 6.66000e+02,
        2.02000e+01, 3.96900e+02, 2.08500e+01],
       [3.15330e-01, 0.00000e+00, 6.20000e+00, 0.00000e+00, 5.04000e-01,
        8.26600e+00, 7.83000e+01, 2.89440e+00, 8.00000e+00, 3.07000e+02,
        1.74000e+01, 3.85050e+02, 4.14000e+00],
       [1.68118e+01, 0.00000e+00, 1.81000e+01, 0.00000e+00, 7.00000e-01,
        5.27700e+00, 9.81000e+01, 1.42610e+00, 2.40000e+01, 6.66000e+02,
        2.02000e+01, 3.96900e+02, 3.08100e+01],
       [8.26500e-02, 0.00000e+00, 1.39200e+01, 0.00000e+00, 4.37000e-01,
        6.12700e+00, 1.84000e+01, 5.50270e+00, 4.00000e+00, 2.89000e+02,
        1.60000e+01, 3.96900e+02, 8.58000e+00],
       [5.73500e-02, 0.00000e+00, 4.49000e+00, 0.00000e+00, 4.49000e-01,
        6.63000e+00, 5.61000e+01, 4.43770e+00, 3.00000e+00, 2.47000e+02,
        1.85000e+01, 3.92300e+02, 6.53000e+00],
       [6.21100e-02, 4.00000e+01, 1.25000e+00, 0.00000e+00, 4.29000e-01,
        6.49000e+00, 4.44000e+01, 8.79210e+00, 1.00000e+00, 3.35000e+02,
        1.97000e+01, 3.96900e+02, 5.98000e+00],
       [6.12900e-02, 2.00000e+01, 3.33000e+00, 1.00000e+00, 4.42900e-01,
        7.64500e+00, 4.97000e+01, 5.21190e+00, 5.00000e+00, 2.16000e+02,
        1.49000e+01, 3.77070e+02, 3.01000e+00],
       [1.53800e-02, 9.00000e+01, 3.75000e+00, 0.00000e+00, 3.94000e-01,
        7.45400e+00, 3.42000e+01, 6.33610e+00, 3.00000e+00, 2.44000e+02,
        1.59000e+01, 3.86340e+02, 3.11000e+00],
       [5.37200e-02, 0.00000e+00, 1.39200e+01, 0.00000e+00, 4.37000e-01,
        6.54900e+00, 5.10000e+01, 5.96040e+00, 4.00000e+00, 2.89000e+02,
        1.60000e+01, 3.92850e+02, 7.39000e+00],
       [6.71772e+00, 0.00000e+00, 1.81000e+01, 0.00000e+00, 7.13000e-01,
        6.74900e+00, 9.26000e+01, 2.32360e+00, 2.40000e+01, 6.66000e+02,
        2.02000e+01, 3.20000e-01, 1.74400e+01],
       [2.59406e+01, 0.00000e+00, 1.81000e+01, 0.00000e+00, 6.79000e-01,
        5.30400e+00, 8.91000e+01, 1.64750e+00, 2.40000e+01, 6.66000e+02,
        2.02000e+01, 1.27360e+02, 2.66400e+01],
       [1.22040e-01, 0.00000e+00, 2.89000e+00, 0.00000e+00, 4.45000e-01,
        6.62500e+00, 5.78000e+01, 3.49520e+00, 2.00000e+00, 2.76000e+02,
        1.80000e+01, 3.57980e+02, 6.65000e+00],
       [5.69175e+00, 0.00000e+00, 1.81000e+01, 0.00000e+00, 5.83000e-01,
        6.11400e+00, 7.98000e+01, 3.54590e+00, 2.40000e+01, 6.66000e+02,
        2.02000e+01, 3.92680e+02, 1.49800e+01],
       [6.07600e-02, 0.00000e+00, 1.19300e+01, 0.00000e+00, 5.73000e-01,
        6.97600e+00, 9.10000e+01, 2.16750e+00, 1.00000e+00, 2.73000e+02,
        2.10000e+01, 3.96900e+02, 5.64000e+00],
       [3.04900e-02, 5.50000e+01, 3.78000e+00, 0.00000e+00, 4.84000e-01,
        6.87400e+00, 2.81000e+01, 6.46540e+00, 5.00000e+00, 3.70000e+02,
        1.76000e+01, 3.87970e+02, 4.61000e+00],
       [6.28807e+00, 0.00000e+00, 1.81000e+01, 0.00000e+00, 7.40000e-01,
        6.34100e+00, 9.64000e+01, 2.07200e+00, 2.40000e+01, 6.66000e+02,
        2.02000e+01, 3.18010e+02, 1.77900e+01],
       [2.21880e-01, 2.00000e+01, 6.96000e+00, 1.00000e+00, 4.64000e-01,
        7.69100e+00, 5.18000e+01, 4.36650e+00, 3.00000e+00, 2.23000e+02,
        1.86000e+01, 3.90770e+02, 6.58000e+00],
       [3.41090e-01, 0.00000e+00, 7.38000e+00, 0.00000e+00, 4.93000e-01,
        6.41500e+00, 4.01000e+01, 4.72110e+00, 5.00000e+00, 2.87000e+02,
        1.96000e+01, 3.96900e+02, 6.12000e+00],
       [9.06500e-02, 2.00000e+01, 6.96000e+00, 1.00000e+00, 4.64000e-01,
        5.92000e+00, 6.15000e+01, 3.91750e+00, 3.00000e+00, 2.23000e+02,
        1.86000e+01, 3.91340e+02, 1.36500e+01],
       [2.89600e-01, 0.00000e+00, 9.69000e+00, 0.00000e+00, 5.85000e-01,
        5.39000e+00, 7.29000e+01, 2.79860e+00, 6.00000e+00, 3.91000e+02,
        1.92000e+01, 3.96900e+02, 2.11400e+01],
       [4.64689e+00, 0.00000e+00, 1.81000e+01, 0.00000e+00, 6.14000e-01,
        6.98000e+00, 6.76000e+01, 2.53290e+00, 2.40000e+01, 6.66000e+02,
        2.02000e+01, 3.74680e+02, 1.16600e+01],
       [1.39134e+01, 0.00000e+00, 1.81000e+01, 0.00000e+00, 7.13000e-01,
        6.20800e+00, 9.50000e+01, 2.22220e+00, 2.40000e+01, 6.66000e+02,
        2.02000e+01, 1.00630e+02, 1.51700e+01],
       [2.01019e+00, 0.00000e+00, 1.95800e+01, 0.00000e+00, 6.05000e-01,
        7.92900e+00, 9.62000e+01, 2.04590e+00, 5.00000e+00, 4.03000e+02,
        1.47000e+01, 3.69300e+02, 3.70000e+00]])}
INFO - BNN_UCI - Completed after 0:01:27
