INFO - BNN_UCI - Running command 'fit_bnn'
INFO - BNN_UCI - Started run with ID "301"
/home/freidanm/repos/pytorch_experiments/experiments_env/src/pysgmcmc/pysgmcmc/data/datasets.py:14: FutureWarning: Method .as_matrix will be removed in a future version. Use .values instead.
  x_train = train_data.as_matrix(feature_columns)
/home/freidanm/repos/pytorch_experiments/experiments_env/src/pysgmcmc/pysgmcmc/data/datasets.py:15: FutureWarning: Method .as_matrix will be removed in a future version. Use .values instead.
  y_train = train_data[label_column].as_matrix()
/home/freidanm/repos/pytorch_experiments/experiments_env/src/pysgmcmc/pysgmcmc/data/datasets.py:17: FutureWarning: Method .as_matrix will be removed in a future version. Use .values instead.
  x_test = test_data.as_matrix(feature_columns)
/home/freidanm/repos/pytorch_experiments/experiments_env/src/pysgmcmc/pysgmcmc/data/datasets.py:18: FutureWarning: Method .as_matrix will be removed in a future version. Use .values instead.
  y_test = test_data[label_column].as_matrix()
INFO - root - Performing 15000 iterations
INFO - BNN_UCI - Result: {'prediction_mean': array([37.54132  , 35.528633 , 32.970154 , 20.670778 , 22.519264 ,
       15.585651 , 14.07541  , 24.542717 , 21.756802 , 20.438122 ,
       19.377224 , 34.242332 ,  6.4183865, 20.269781 , 47.735825 ,
       14.309581 , 35.792683 , 18.898998 , 23.529074 , 19.986334 ,
       10.731572 , 15.597113 , 23.778517 , 35.76487  , 22.538141 ,
        8.441208 , 41.016598 , 14.455327 , 16.66392  , 45.731148 ,
       21.656786 , 24.225048 , 25.320158 , 21.359201 , 20.277666 ,
       20.730528 , 20.93178  , 23.07361  , 19.91706  , 15.2302   ,
       14.423192 ,  8.655131 , 22.818182 ,  8.736124 , 25.161861 ,
       19.26313  , 17.646458 , 23.218208 , 21.619755 , 33.30387  ,
        8.8594675], dtype=float32), 'x_train': array([[6.3200e-03, 1.8000e+01, 2.3100e+00, ..., 1.5300e+01, 3.9690e+02,
        4.9800e+00],
       [2.7310e-02, 0.0000e+00, 7.0700e+00, ..., 1.7800e+01, 3.9690e+02,
        9.1400e+00],
       [2.7290e-02, 0.0000e+00, 7.0700e+00, ..., 1.7800e+01, 3.9283e+02,
        4.0300e+00],
       ...,
       [6.0760e-02, 0.0000e+00, 1.1930e+01, ..., 2.1000e+01, 3.9690e+02,
        5.6400e+00],
       [1.0959e-01, 0.0000e+00, 1.1930e+01, ..., 2.1000e+01, 3.9345e+02,
        6.4800e+00],
       [4.7410e-02, 0.0000e+00, 1.1930e+01, ..., 2.1000e+01, 3.9690e+02,
        7.8800e+00]]), 'y_train': array([24. , 21.6, 34.7, 33.4, 36.2, 28.7, 22.9, 27.1, 18.9, 18.9, 21.7,
       20.4, 18.2, 19.9, 23.1, 17.5, 20.2, 18.2, 13.6, 19.6, 15.2, 15.6,
       13.9, 16.6, 14.8, 21. , 12.7, 14.5, 13.2, 13.1, 13.5, 18.9, 20. ,
       21. , 24.7, 30.8, 34.9, 26.6, 25.3, 24.7, 21.2, 19.3, 16.6, 14.4,
       19.4, 20.5, 25. , 23.4, 18.9, 35.4, 24.7, 31.6, 23.3, 19.6, 18.7,
       22.2, 25. , 33. , 23.5, 19.4, 22. , 17.4, 20.9, 24.2, 21.7, 22.8,
       23.4, 24.1, 21.4, 20. , 20.8, 21.2, 20.3, 28. , 23.9, 24.8, 22.9,
       23.9, 26.6, 22.2, 23.6, 28.7, 22.6, 22. , 25. , 20.6, 28.4, 21.4,
       38.7, 43.8, 33.2, 26.5, 18.6, 19.3, 20.1, 19.5, 19.5, 19.8, 19.4,
       21.7, 18.8, 18.7, 18.5, 18.3, 21.2, 19.2, 20.4, 19.3, 22. , 20.3,
       20.5, 17.3, 21.4, 15.7, 16.2, 18. , 14.3, 19.2, 19.6, 18.4, 15.6,
       18.1, 17.4, 17.1, 13.3, 17.8, 14. , 14.4, 13.4, 15.6, 15.6, 14.6,
       17.8, 15.4, 21.5, 19.6, 15.3, 19.4, 17. , 15.6, 13.1, 41.3, 24.3,
       27. , 50. , 50. , 22.7, 25. , 50. , 23.8, 22.3, 17.4, 19.1, 23.1,
       23.6, 22.6, 29.4, 23.2, 24.6, 29.9, 37.2, 39.8, 36.2, 37.9, 32.5,
       26.4, 29.6, 50. , 32. , 29.8, 34.9, 37. , 30.5, 36.4, 31.1, 29.1,
       50. , 33.3, 30.3, 34.6, 34.9, 24.1, 42.3, 48.5, 50. , 22.6, 24.4,
       22.5, 24.4, 21.7, 19.3, 22.4, 23.7, 25. , 23.3, 28.7, 21.5, 23. ,
       26.7, 21.7, 27.5, 30.1, 44.8, 50. , 37.6, 31.6, 46.7, 31.5, 24.3,
       31.7, 41.7, 48.3, 29. , 24. , 25.1, 31.5, 23.3, 22. , 20.1, 22.2,
       23.7, 17.6, 18.5, 20.5, 24.5, 26.2, 24.4, 24.8, 29.6, 42.8, 21.9,
       20.9, 44. , 50. , 30.1, 33.8, 48.8, 30.7, 50. , 43.5, 21.1, 25.2,
       24.4, 35.2, 32.4, 32. , 33.2, 33.1, 29.1, 35.1, 45.4, 35.4, 46. ,
       50. , 32.2, 22. , 23.2, 28.5, 37.3, 27.9, 23.9, 21.7, 28.6, 27.1,
       20.3, 22.5, 29. , 24.8, 22. , 26.4, 33.1, 36.1, 28.4, 33.4, 28.2,
       22.8, 20.3, 16.1, 22.1, 19.4, 21.6, 23.8, 16.2, 17.8, 19.8, 23.1,
       21. , 23.8, 23.1, 20.4, 18.5, 25. , 24.6, 23. , 22.2, 19.3, 22.6,
       19.8, 17.1, 19.4, 22.2, 20.7, 21.1, 18.5, 20.6, 19. , 18.7, 32.7,
       16.5, 23.9, 31.2, 17.5, 17.2, 23.1, 24.5, 26.6, 22.9, 24.1, 18.6,
       30.1, 18.2, 20.6, 17.8, 21.7, 22.7, 22.6, 25. , 19.9, 20.8, 16.8,
       21.9, 27.5, 21.9, 23.1, 50. , 50. , 50. , 50. , 13.8, 13.8, 15. ,
       13.9, 10.2, 10.4, 10.9, 11.3, 12.3,  8.8,  7.2, 10.5,  7.4, 10.2,
       11.5, 15.1, 23.2,  9.7, 13.8, 12.7, 13.1, 12.5,  8.5,  6.3,  5.6,
       12.1,  8.3,  8.5, 11.9, 27.9, 17.2, 27.5, 15. , 17.2, 17.9, 16.3,
        7. ,  7.2,  7.5, 10.4,  8.4, 16.7, 14.2, 20.8, 13.4, 11.7,  8.3,
       10.2, 10.9, 11. ,  9.5, 14.5, 14.1, 16.1, 14.3, 11.7, 13.4,  9.6,
        8.4, 12.8, 10.5, 17.1, 18.4, 15.4, 10.8, 11.8, 14.9, 12.6, 14.1,
       13. , 13.4, 15.2, 16.1, 17.8, 14.9, 13.5, 14.9, 20. , 16.4, 19.5,
       20.2, 21.4, 19.9, 19. , 19.1, 19.1, 20.1, 19.9, 23.2, 29.8, 13.8,
       13.3, 16.7, 12. , 14.6, 21.4, 23. , 21.8, 21.2, 19.1, 20.6, 15.2,
        7. ,  8.1, 13.6, 20.1, 21.8, 24.5, 23.1, 19.7, 18.3, 21.2, 17.5,
       16.8, 23.9, 22. , 11.9]), 'y_test': array([36. , 36.5, 23.7, 22.8, 22.9, 13.8, 14.5, 19.6, 22.3, 18.8, 18.4,
       25. ,  5. , 20.4, 50. , 13.3, 32.9, 19.5, 16.5, 23. ,  7.2, 12.7,
       27.5, 31. , 24.8,  8.8, 43.1, 14.1, 16. , 50. , 20.6, 15. , 28.1,
       19.7, 20.1, 22.5, 20. , 20.7, 17.7, 11.8, 20.6, 13.1, 22.8,  8.7,
       23.7, 20. , 22.4, 23.8, 24.3, 23.3,  5. ]), 'prediction_std': array([0.49831635, 0.5077432 , 0.94417924, 0.7124031 , 0.53512627,
       0.6510818 , 0.6217798 , 1.0941008 , 0.58488727, 0.5794189 ,
       0.7107191 , 1.2915204 , 0.497185  , 0.75939256, 0.7531164 ,
       0.56111455, 0.7465087 , 0.5814125 , 1.0246199 , 0.3350513 ,
       0.6340805 , 0.6803144 , 0.6121417 , 0.50606716, 0.57139933,
       0.72773474, 0.5492052 , 0.53483176, 0.63679105, 1.1269586 ,
       0.79836   , 1.0308155 , 0.45624965, 0.41813365, 0.3854839 ,
       0.5727864 , 0.46817195, 1.3728793 , 0.7593921 , 0.45141348,
       0.44521588, 0.49523896, 0.5030587 , 0.5938669 , 0.53023195,
       0.65940064, 0.4595273 , 0.588005  , 0.45306388, 0.6386252 ,
       0.8081027 ], dtype=float32), 'packages': [['atomicwrites', '1.1.5'], ['attrs', '18.1.0'], ['backcall', '0.1.0'], ['coverage', '4.5.1'], ['cycler', '0.10.0'], ['decorator', '4.3.0'], ['docopt', '0.6.2'], ['hashfs', '0.7.0'], ['hypothesis', '3.57.0'], ['ipykernel', '4.8.2'], ['ipython', '6.4.0'], ['ipython-genutils', '0.2.0'], ['jedi', '0.12.0'], ['jsonpickle', '0.9.6'], ['jsonschema', '2.6.0'], ['jupyter-client', '5.2.3'], ['jupyter-core', '4.4.0'], ['kiwisolver', '1.0.1'], ['Lasagne', '0.1'], ['matplotlib', '2.2.2'], ['more-itertools', '4.2.0'], ['mpmath', '1.0.0'], ['munch', '2.3.2'], ['nbformat', '4.4.0'], ['nbval', '0.9.1'], ['numpy', '1.14.3'], ['pandas', '0.23.0'], ['parso', '0.2.1'], ['pexpect', '4.6.0'], ['pickleshare', '0.7.4'], ['Pillow', '5.1.0'], ['pip', '10.0.1'], ['pkg-resources', '0.0.0'], ['pluggy', '0.6.0'], ['prompt-toolkit', '1.0.15'], ['ptyprocess', '0.5.2'], ['py', '1.5.3'], ['py-cpuinfo', '4.0.0'], ['Pygments', '2.2.0'], ['pymongo', '3.6.1'], ['pyparsing', '2.2.0'], ['pysgmcmc', '0.0.1'], ['pytest', '3.6.0'], ['python-dateutil', '2.7.3'], ['pytz', '2018.4'], ['pyzmq', '17.0.0'], ['sacred', '0.7.3'], ['scandir', '1.7'], ['scikit-learn', '0.19.1'], ['scipy', '1.1.0'], ['seaborn', '0.8.1'], ['setuptools', '39.2.0'], ['simplegeneric', '0.8.1'], ['six', '1.11.0'], ['SQLAlchemy', '1.2.8'], ['sympy', '1.1.1'], ['Theano', '0.8.0'], ['tinydb', '3.9.0.post1'], ['tinydb-serialization', '1.0.4'], ['torch', '0.4.0'], ['torchvision', '0.2.1'], ['tornado', '5.0.2'], ['tqdm', '4.23.4'], ['traitlets', '4.3.2'], ['wcwidth', '0.1.7'], ['wheel', '0.31.1'], ['wrapt', '1.10.11']], 'x_test': array([[6.63510e-01, 2.00000e+01, 3.97000e+00, 0.00000e+00, 6.47000e-01,
        7.33300e+00, 1.00000e+02, 1.89460e+00, 5.00000e+00, 2.64000e+02,
        1.30000e+01, 3.83290e+02, 7.79000e+00],
       [5.50070e-01, 2.00000e+01, 3.97000e+00, 0.00000e+00, 6.47000e-01,
        7.20600e+00, 9.16000e+01, 1.93010e+00, 5.00000e+00, 2.64000e+02,
        1.30000e+01, 3.87890e+02, 8.10000e+00],
       [5.70818e+00, 0.00000e+00, 1.81000e+01, 0.00000e+00, 5.32000e-01,
        6.75000e+00, 7.49000e+01, 3.33170e+00, 2.40000e+01, 6.66000e+02,
        2.02000e+01, 3.93070e+02, 7.74000e+00],
       [1.00840e-01, 0.00000e+00, 1.00100e+01, 0.00000e+00, 5.47000e-01,
        6.71500e+00, 8.16000e+01, 2.67750e+00, 6.00000e+00, 4.32000e+02,
        1.78000e+01, 3.95590e+02, 1.01600e+01],
       [4.20300e-02, 2.80000e+01, 1.50400e+01, 0.00000e+00, 4.64000e-01,
        6.44200e+00, 5.36000e+01, 3.66590e+00, 4.00000e+00, 2.70000e+02,
        1.82000e+01, 3.95010e+02, 8.16000e+00],
       [2.37934e+00, 0.00000e+00, 1.95800e+01, 0.00000e+00, 8.71000e-01,
        6.13000e+00, 1.00000e+02, 1.41910e+00, 5.00000e+00, 4.03000e+02,
        1.47000e+01, 1.72910e+02, 2.78000e+01],
       [9.88430e-01, 0.00000e+00, 8.14000e+00, 0.00000e+00, 5.38000e-01,
        5.81300e+00, 1.00000e+02, 4.09520e+00, 4.00000e+00, 3.07000e+02,
        2.10000e+01, 3.94540e+02, 1.98800e+01],
       [4.03841e+00, 0.00000e+00, 1.81000e+01, 0.00000e+00, 5.32000e-01,
        6.22900e+00, 9.07000e+01, 3.09930e+00, 2.40000e+01, 6.66000e+02,
        2.02000e+01, 3.95330e+02, 1.28700e+01],
       [4.59000e-02, 5.25000e+01, 5.32000e+00, 0.00000e+00, 4.05000e-01,
        6.31500e+00, 4.56000e+01, 7.31720e+00, 6.00000e+00, 2.93000e+02,
        1.66000e+01, 3.96900e+02, 7.60000e+00],
       [9.84900e-02, 0.00000e+00, 2.56500e+01, 0.00000e+00, 5.81000e-01,
        5.87900e+00, 9.58000e+01, 2.00630e+00, 2.00000e+00, 1.88000e+02,
        1.91000e+01, 3.79380e+02, 1.75800e+01],
       [7.72990e-01, 0.00000e+00, 8.14000e+00, 0.00000e+00, 5.38000e-01,
        6.49500e+00, 9.44000e+01, 4.45470e+00, 4.00000e+00, 3.07000e+02,
        2.10000e+01, 3.87940e+02, 1.28000e+01],
       [5.73116e+00, 0.00000e+00, 1.81000e+01, 0.00000e+00, 5.32000e-01,
        7.06100e+00, 7.70000e+01, 3.41060e+00, 2.40000e+01, 6.66000e+02,
        2.02000e+01, 3.95280e+02, 7.01000e+00],
       [3.83518e+01, 0.00000e+00, 1.81000e+01, 0.00000e+00, 6.93000e-01,
        5.45300e+00, 1.00000e+02, 1.48960e+00, 2.40000e+01, 6.66000e+02,
        2.02000e+01, 3.96900e+02, 3.05900e+01],
       [1.31170e-01, 0.00000e+00, 8.56000e+00, 0.00000e+00, 5.20000e-01,
        6.12700e+00, 8.52000e+01, 2.12240e+00, 5.00000e+00, 3.84000e+02,
        2.09000e+01, 3.87690e+02, 1.40900e+01],
       [1.83377e+00, 0.00000e+00, 1.95800e+01, 1.00000e+00, 6.05000e-01,
        7.80200e+00, 9.82000e+01, 2.04070e+00, 5.00000e+00, 4.03000e+02,
        1.47000e+01, 3.89610e+02, 1.92000e+00],
       [9.82349e+00, 0.00000e+00, 1.81000e+01, 0.00000e+00, 6.71000e-01,
        6.79400e+00, 9.88000e+01, 1.35800e+00, 2.40000e+01, 6.66000e+02,
        2.02000e+01, 3.96900e+02, 2.12400e+01],
       [1.77800e-02, 9.50000e+01, 1.47000e+00, 0.00000e+00, 4.03000e-01,
        7.13500e+00, 1.39000e+01, 7.65340e+00, 3.00000e+00, 4.02000e+02,
        1.70000e+01, 3.84300e+02, 4.45000e+00],
       [3.42700e-02, 0.00000e+00, 5.19000e+00, 0.00000e+00, 5.15000e-01,
        5.86900e+00, 4.63000e+01, 5.23110e+00, 5.00000e+00, 2.24000e+02,
        2.02000e+01, 3.96900e+02, 9.80000e+00],
       [2.11240e-01, 1.25000e+01, 7.87000e+00, 0.00000e+00, 5.24000e-01,
        5.63100e+00, 1.00000e+02, 6.08210e+00, 5.00000e+00, 3.11000e+02,
        1.52000e+01, 3.86630e+02, 2.99300e+01],
       [5.90050e-01, 0.00000e+00, 2.18900e+01, 0.00000e+00, 6.24000e-01,
        6.37200e+00, 9.79000e+01, 2.32740e+00, 4.00000e+00, 4.37000e+02,
        2.12000e+01, 3.85760e+02, 1.11200e+01],
       [1.42362e+01, 0.00000e+00, 1.81000e+01, 0.00000e+00, 6.93000e-01,
        6.34300e+00, 1.00000e+02, 1.57410e+00, 2.40000e+01, 6.66000e+02,
        2.02000e+01, 3.96900e+02, 2.03200e+01],
       [4.66883e+00, 0.00000e+00, 1.81000e+01, 0.00000e+00, 7.13000e-01,
        5.97600e+00, 8.79000e+01, 2.58060e+00, 2.40000e+01, 6.66000e+02,
        2.02000e+01, 1.04800e+01, 1.90100e+01],
       [1.48660e-01, 0.00000e+00, 8.56000e+00, 0.00000e+00, 5.20000e-01,
        6.72700e+00, 7.99000e+01, 2.77780e+00, 5.00000e+00, 3.84000e+02,
        2.09000e+01, 3.94760e+02, 9.42000e+00],
       [8.25260e-01, 2.00000e+01, 3.97000e+00, 0.00000e+00, 6.47000e-01,
        7.32700e+00, 9.45000e+01, 2.07880e+00, 5.00000e+00, 2.64000e+02,
        1.30000e+01, 3.93420e+02, 1.12500e+01],
       [4.29700e-02, 5.25000e+01, 5.32000e+00, 0.00000e+00, 4.05000e-01,
        6.56500e+00, 2.29000e+01, 7.31720e+00, 6.00000e+00, 2.93000e+02,
        1.66000e+01, 3.71720e+02, 9.51000e+00],
       [7.35341e+01, 0.00000e+00, 1.81000e+01, 0.00000e+00, 6.79000e-01,
        5.95700e+00, 1.00000e+02, 1.80260e+00, 2.40000e+01, 6.66000e+02,
        2.02000e+01, 1.64500e+01, 2.06200e+01],
       [5.34120e-01, 2.00000e+01, 3.97000e+00, 0.00000e+00, 6.47000e-01,
        7.52000e+00, 8.94000e+01, 2.13980e+00, 5.00000e+00, 2.64000e+02,
        1.30000e+01, 3.88370e+02, 7.26000e+00],
       [4.75237e+00, 0.00000e+00, 1.81000e+01, 0.00000e+00, 7.13000e-01,
        6.52500e+00, 8.65000e+01, 2.43580e+00, 2.40000e+01, 6.66000e+02,
        2.02000e+01, 5.09200e+01, 1.81300e+01],
       [1.71710e-01, 2.50000e+01, 5.13000e+00, 0.00000e+00, 4.53000e-01,
        5.96600e+00, 9.34000e+01, 6.81850e+00, 8.00000e+00, 2.84000e+02,
        1.97000e+01, 3.78080e+02, 1.44400e+01],
       [4.89822e+00, 0.00000e+00, 1.81000e+01, 0.00000e+00, 6.31000e-01,
        4.97000e+00, 1.00000e+02, 1.33250e+00, 2.40000e+01, 6.66000e+02,
        2.02000e+01, 3.75520e+02, 3.26000e+00],
       [2.37857e+00, 0.00000e+00, 1.81000e+01, 0.00000e+00, 5.83000e-01,
        5.87100e+00, 4.19000e+01, 3.72400e+00, 2.40000e+01, 6.66000e+02,
        2.02000e+01, 3.70730e+02, 1.33400e+01],
       [2.24890e-01, 1.25000e+01, 7.87000e+00, 0.00000e+00, 5.24000e-01,
        6.37700e+00, 9.43000e+01, 6.34670e+00, 5.00000e+00, 3.11000e+02,
        1.52000e+01, 3.92520e+02, 2.04500e+01],
       [1.40520e-01, 0.00000e+00, 1.05900e+01, 0.00000e+00, 4.89000e-01,
        6.37500e+00, 3.23000e+01, 3.94540e+00, 4.00000e+00, 2.77000e+02,
        1.86000e+01, 3.85810e+02, 9.38000e+00],
       [8.87300e-02, 2.10000e+01, 5.64000e+00, 0.00000e+00, 4.39000e-01,
        5.96300e+00, 4.57000e+01, 6.81470e+00, 4.00000e+00, 2.43000e+02,
        1.68000e+01, 3.95560e+02, 1.34500e+01],
       [1.96500e-02, 8.00000e+01, 1.76000e+00, 0.00000e+00, 3.85000e-01,
        6.23000e+00, 3.15000e+01, 9.08920e+00, 1.00000e+00, 2.41000e+02,
        1.82000e+01, 3.41600e+02, 1.29300e+01],
       [5.18800e-02, 0.00000e+00, 4.49000e+00, 0.00000e+00, 4.49000e-01,
        6.01500e+00, 4.51000e+01, 4.42720e+00, 3.00000e+00, 2.47000e+02,
        1.85000e+01, 3.95990e+02, 1.28600e+01],
       [1.88360e-01, 0.00000e+00, 6.91000e+00, 0.00000e+00, 4.48000e-01,
        5.78600e+00, 3.33000e+01, 5.10040e+00, 3.00000e+00, 2.33000e+02,
        1.79000e+01, 3.96900e+02, 1.41500e+01],
       [9.06500e-02, 2.00000e+01, 6.96000e+00, 1.00000e+00, 4.64000e-01,
        5.92000e+00, 6.15000e+01, 3.91750e+00, 3.00000e+00, 2.23000e+02,
        1.86000e+01, 3.91340e+02, 1.36500e+01],
       [3.69311e+00, 0.00000e+00, 1.81000e+01, 0.00000e+00, 7.13000e-01,
        6.37600e+00, 8.84000e+01, 2.56710e+00, 2.40000e+01, 6.66000e+02,
        2.02000e+01, 3.91430e+02, 1.46500e+01],
       [2.77974e+00, 0.00000e+00, 1.95800e+01, 0.00000e+00, 8.71000e-01,
        4.90300e+00, 9.78000e+01, 1.34590e+00, 5.00000e+00, 4.03000e+02,
        1.47000e+01, 3.96900e+02, 2.92900e+01],
       [4.52700e-02, 0.00000e+00, 1.19300e+01, 0.00000e+00, 5.73000e-01,
        6.12000e+00, 7.67000e+01, 2.28750e+00, 1.00000e+00, 2.73000e+02,
        2.10000e+01, 3.96900e+02, 9.08000e+00],
       [2.36482e+01, 0.00000e+00, 1.81000e+01, 0.00000e+00, 6.71000e-01,
        6.38000e+00, 9.62000e+01, 1.38610e+00, 2.40000e+01, 6.66000e+02,
        2.02000e+01, 3.96900e+02, 2.36900e+01],
       [7.61620e-01, 2.00000e+01, 3.97000e+00, 0.00000e+00, 6.47000e-01,
        5.56000e+00, 6.28000e+01, 1.98650e+00, 5.00000e+00, 2.64000e+02,
        1.30000e+01, 3.92400e+02, 1.04500e+01],
       [1.51772e+01, 0.00000e+00, 1.81000e+01, 0.00000e+00, 7.40000e-01,
        6.15200e+00, 1.00000e+02, 1.91420e+00, 2.40000e+01, 6.66000e+02,
        2.02000e+01, 9.32000e+00, 2.64500e+01],
       [8.24400e-02, 3.00000e+01, 4.93000e+00, 0.00000e+00, 4.28000e-01,
        6.48100e+00, 1.85000e+01, 6.18990e+00, 6.00000e+00, 3.00000e+02,
        1.66000e+01, 3.79410e+02, 6.36000e+00],
       [4.35710e-01, 0.00000e+00, 1.05900e+01, 1.00000e+00, 4.89000e-01,
        5.34400e+00, 1.00000e+02, 3.87500e+00, 4.00000e+00, 2.77000e+02,
        1.86000e+01, 3.96900e+02, 2.30900e+01],
       [6.26300e-02, 0.00000e+00, 1.19300e+01, 0.00000e+00, 5.73000e-01,
        6.59300e+00, 6.91000e+01, 2.47860e+00, 1.00000e+00, 2.73000e+02,
        2.10000e+01, 3.91990e+02, 9.67000e+00],
       [2.30040e+00, 0.00000e+00, 1.95800e+01, 0.00000e+00, 6.05000e-01,
        6.31900e+00, 9.61000e+01, 2.10000e+00, 5.00000e+00, 4.03000e+02,
        1.47000e+01, 2.97090e+02, 1.11000e+01],
       [3.39830e-01, 2.20000e+01, 5.86000e+00, 0.00000e+00, 4.31000e-01,
        6.10800e+00, 3.49000e+01, 8.05550e+00, 7.00000e+00, 3.30000e+02,
        1.91000e+01, 3.90180e+02, 9.16000e+00],
       [1.42502e+00, 0.00000e+00, 1.95800e+01, 0.00000e+00, 8.71000e-01,
        6.51000e+00, 1.00000e+02, 1.76590e+00, 5.00000e+00, 4.03000e+02,
        1.47000e+01, 3.64310e+02, 7.39000e+00],
       [6.79208e+01, 0.00000e+00, 1.81000e+01, 0.00000e+00, 6.93000e-01,
        5.68300e+00, 1.00000e+02, 1.42540e+00, 2.40000e+01, 6.66000e+02,
        2.02000e+01, 3.84970e+02, 2.29800e+01]])}
INFO - BNN_UCI - Completed after 0:01:14
