INFO - BNN_UCI - Running command 'fit_bnn'
INFO - BNN_UCI - Started run with ID "346"
/home/freidanm/repos/pytorch_experiments/experiments_env/src/pysgmcmc/pysgmcmc/data/datasets.py:14: FutureWarning: Method .as_matrix will be removed in a future version. Use .values instead.
  x_train = train_data.as_matrix(feature_columns)
/home/freidanm/repos/pytorch_experiments/experiments_env/src/pysgmcmc/pysgmcmc/data/datasets.py:15: FutureWarning: Method .as_matrix will be removed in a future version. Use .values instead.
  y_train = train_data[label_column].as_matrix()
/home/freidanm/repos/pytorch_experiments/experiments_env/src/pysgmcmc/pysgmcmc/data/datasets.py:17: FutureWarning: Method .as_matrix will be removed in a future version. Use .values instead.
  x_test = test_data.as_matrix(feature_columns)
/home/freidanm/repos/pytorch_experiments/experiments_env/src/pysgmcmc/pysgmcmc/data/datasets.py:18: FutureWarning: Method .as_matrix will be removed in a future version. Use .values instead.
  y_test = test_data[label_column].as_matrix()
INFO - root - Performing 15000 iterations
INFO - BNN_UCI - Result: {'y_test': array([28.7, 15. , 13.1, 19.9, 21. , 18.3, 19.5, 22.8, 17.5, 22.8, 26.4,
       19.8, 26.6, 18.7, 14.2, 11.5, 23.7, 18.6, 17.7, 16.3, 22.9, 24.3,
       32. , 18.4, 13.1, 20.3, 19.1, 16.1, 22.6, 42.3, 14.5, 21.4, 25.2,
       18.5, 25.3, 28.4, 18.5, 29.8,  8.4, 21.7, 23.6, 24.1, 22.1, 23.3,
       17.8, 23.9, 14.9, 19.1, 24.3, 22.7, 33. ]), 'x_test': array([[2.98500e-02, 0.00000e+00, 2.18000e+00, 0.00000e+00, 4.58000e-01,
        6.43000e+00, 5.87000e+01, 6.06220e+00, 3.00000e+00, 2.22000e+02,
        1.87000e+01, 3.94120e+02, 5.21000e+00],
       [2.24890e-01, 1.25000e+01, 7.87000e+00, 0.00000e+00, 5.24000e-01,
        6.37700e+00, 9.43000e+01, 6.34670e+00, 5.00000e+00, 3.11000e+02,
        1.52000e+01, 3.92520e+02, 2.04500e+01],
       [8.71675e+00, 0.00000e+00, 1.81000e+01, 0.00000e+00, 6.93000e-01,
        6.47100e+00, 9.88000e+01, 1.72570e+00, 2.40000e+01, 6.66000e+02,
        2.02000e+01, 3.91980e+02, 1.71200e+01],
       [6.27390e-01, 0.00000e+00, 8.14000e+00, 0.00000e+00, 5.38000e-01,
        5.83400e+00, 5.65000e+01, 4.49860e+00, 4.00000e+00, 3.07000e+02,
        2.10000e+01, 3.95620e+02, 8.47000e+00],
       [8.01400e-02, 0.00000e+00, 5.96000e+00, 0.00000e+00, 4.99000e-01,
        5.85000e+00, 4.15000e+01, 3.93420e+00, 5.00000e+00, 2.79000e+02,
        1.92000e+01, 3.96900e+02, 8.77000e+00],
       [2.68380e-01, 0.00000e+00, 9.69000e+00, 0.00000e+00, 5.85000e-01,
        5.79400e+00, 7.06000e+01, 2.89270e+00, 6.00000e+00, 3.91000e+02,
        1.92000e+01, 3.96900e+02, 1.41000e+01],
       [6.65492e+00, 0.00000e+00, 1.81000e+01, 0.00000e+00, 7.13000e-01,
        6.31700e+00, 8.30000e+01, 2.73440e+00, 2.40000e+01, 6.66000e+02,
        2.02000e+01, 3.96900e+02, 1.39900e+01],
       [9.16400e-02, 0.00000e+00, 1.08100e+01, 0.00000e+00, 4.13000e-01,
        6.06500e+00, 7.80000e+00, 5.28730e+00, 4.00000e+00, 3.05000e+02,
        1.92000e+01, 3.90910e+02, 5.52000e+00],
       [1.77830e-01, 0.00000e+00, 9.69000e+00, 0.00000e+00, 5.85000e-01,
        5.56900e+00, 7.35000e+01, 2.39990e+00, 6.00000e+00, 3.91000e+02,
        1.92000e+01, 3.95770e+02, 1.51000e+01],
       [1.00840e-01, 0.00000e+00, 1.00100e+01, 0.00000e+00, 5.47000e-01,
        6.71500e+00, 8.16000e+01, 2.67750e+00, 6.00000e+00, 4.32000e+02,
        1.78000e+01, 3.95590e+02, 1.01600e+01],
       [9.26600e-02, 3.40000e+01, 6.09000e+00, 0.00000e+00, 4.33000e-01,
        6.49500e+00, 1.84000e+01, 5.49170e+00, 7.00000e+00, 3.29000e+02,
        1.61000e+01, 3.83610e+02, 8.67000e+00],
       [1.28020e-01, 0.00000e+00, 8.56000e+00, 0.00000e+00, 5.20000e-01,
        6.47400e+00, 9.71000e+01, 2.43290e+00, 5.00000e+00, 3.84000e+02,
        2.09000e+01, 3.95240e+02, 1.22700e+01],
       [2.89900e-02, 4.00000e+01, 1.25000e+00, 0.00000e+00, 4.29000e-01,
        6.93900e+00, 3.45000e+01, 8.79210e+00, 1.00000e+00, 3.35000e+02,
        1.97000e+01, 3.89850e+02, 5.89000e+00],
       [2.22120e-01, 0.00000e+00, 1.00100e+01, 0.00000e+00, 5.47000e-01,
        6.09200e+00, 9.54000e+01, 2.54800e+00, 6.00000e+00, 4.32000e+02,
        1.78000e+01, 3.96900e+02, 1.70900e+01],
       [7.02259e+00, 0.00000e+00, 1.81000e+01, 0.00000e+00, 7.18000e-01,
        6.00600e+00, 9.53000e+01, 1.87460e+00, 2.40000e+01, 6.66000e+02,
        2.02000e+01, 3.19980e+02, 1.57000e+01],
       [8.15174e+00, 0.00000e+00, 1.81000e+01, 0.00000e+00, 7.00000e-01,
        5.39000e+00, 9.89000e+01, 1.72810e+00, 2.40000e+01, 6.66000e+02,
        2.02000e+01, 3.96900e+02, 2.08500e+01],
       [2.89550e-01, 0.00000e+00, 1.05900e+01, 0.00000e+00, 4.89000e-01,
        5.41200e+00, 9.80000e+00, 3.58750e+00, 4.00000e+00, 2.77000e+02,
        1.86000e+01, 3.48930e+02, 2.95500e+01],
       [7.24400e-02, 6.00000e+01, 1.69000e+00, 0.00000e+00, 4.11000e-01,
        5.88400e+00, 1.85000e+01, 1.07103e+01, 4.00000e+00, 4.11000e+02,
        1.83000e+01, 3.92330e+02, 7.79000e+00],
       [3.69311e+00, 0.00000e+00, 1.81000e+01, 0.00000e+00, 7.13000e-01,
        6.37600e+00, 8.84000e+01, 2.56710e+00, 2.40000e+01, 6.66000e+02,
        2.02000e+01, 3.91430e+02, 1.46500e+01],
       [2.86558e+01, 0.00000e+00, 1.81000e+01, 0.00000e+00, 5.97000e-01,
        5.15500e+00, 1.00000e+02, 1.58940e+00, 2.40000e+01, 6.66000e+02,
        2.02000e+01, 2.10970e+02, 2.00800e+01],
       [4.20300e-02, 2.80000e+01, 1.50400e+01, 0.00000e+00, 4.64000e-01,
        6.44200e+00, 5.36000e+01, 3.66590e+00, 4.00000e+00, 2.70000e+02,
        1.82000e+01, 3.95010e+02, 8.16000e+00],
       [5.37000e-01, 0.00000e+00, 6.20000e+00, 0.00000e+00, 5.04000e-01,
        5.98100e+00, 6.81000e+01, 3.67150e+00, 8.00000e+00, 3.07000e+02,
        1.74000e+01, 3.78350e+02, 1.16500e+01],
       [7.87500e-02, 4.50000e+01, 3.44000e+00, 0.00000e+00, 4.37000e-01,
        6.78200e+00, 4.11000e+01, 3.78860e+00, 5.00000e+00, 3.98000e+02,
        1.52000e+01, 3.93870e+02, 6.68000e+00],
       [7.72990e-01, 0.00000e+00, 8.14000e+00, 0.00000e+00, 5.38000e-01,
        6.49500e+00, 9.44000e+01, 4.45470e+00, 4.00000e+00, 3.07000e+02,
        2.10000e+01, 3.87940e+02, 1.28000e+01],
       [1.15172e+00, 0.00000e+00, 8.14000e+00, 0.00000e+00, 5.38000e-01,
        5.70100e+00, 9.50000e+01, 3.78720e+00, 4.00000e+00, 3.07000e+02,
        2.10000e+01, 3.58770e+02, 1.83500e+01],
       [1.41030e-01, 0.00000e+00, 1.39200e+01, 0.00000e+00, 4.37000e-01,
        5.79000e+00, 5.80000e+01, 6.32000e+00, 4.00000e+00, 2.89000e+02,
        1.60000e+01, 3.96900e+02, 1.58400e+01],
       [4.42228e+00, 0.00000e+00, 1.81000e+01, 0.00000e+00, 5.84000e-01,
        6.00300e+00, 9.45000e+01, 2.54030e+00, 2.40000e+01, 6.66000e+02,
        2.02000e+01, 3.31290e+02, 2.13200e+01],
       [6.44405e+00, 0.00000e+00, 1.81000e+01, 0.00000e+00, 5.84000e-01,
        6.42500e+00, 7.48000e+01, 2.20040e+00, 2.40000e+01, 6.66000e+02,
        2.02000e+01, 9.79500e+01, 1.20300e+01],
       [1.36420e-01, 0.00000e+00, 1.05900e+01, 0.00000e+00, 4.89000e-01,
        5.89100e+00, 2.23000e+01, 3.94540e+00, 4.00000e+00, 2.77000e+02,
        1.86000e+01, 3.96900e+02, 1.08700e+01],
       [2.17700e-02, 8.25000e+01, 2.03000e+00, 0.00000e+00, 4.15000e-01,
        7.61000e+00, 1.57000e+01, 6.27000e+00, 2.00000e+00, 3.48000e+02,
        1.47000e+01, 3.95380e+02, 3.11000e+00],
       [8.49213e+00, 0.00000e+00, 1.81000e+01, 0.00000e+00, 5.84000e-01,
        6.34800e+00, 8.61000e+01, 2.05270e+00, 2.40000e+01, 6.66000e+02,
        2.02000e+01, 8.34500e+01, 1.76400e+01],
       [1.69020e-01, 0.00000e+00, 2.56500e+01, 0.00000e+00, 5.81000e-01,
        5.98600e+00, 8.84000e+01, 1.99290e+00, 2.00000e+00, 1.88000e+02,
        1.91000e+01, 3.85020e+02, 1.48100e+01],
       [1.62110e-01, 2.00000e+01, 6.96000e+00, 0.00000e+00, 4.64000e-01,
        6.24000e+00, 1.63000e+01, 4.42900e+00, 3.00000e+00, 2.23000e+02,
        1.86000e+01, 3.96900e+02, 6.59000e+00],
       [3.04100e-02, 0.00000e+00, 5.19000e+00, 0.00000e+00, 5.15000e-01,
        5.89500e+00, 5.96000e+01, 5.61500e+00, 5.00000e+00, 2.24000e+02,
        2.02000e+01, 3.94810e+02, 1.05600e+01],
       [1.41500e-01, 0.00000e+00, 6.91000e+00, 0.00000e+00, 4.48000e-01,
        6.16900e+00, 6.60000e+00, 5.72090e+00, 3.00000e+00, 2.33000e+02,
        1.79000e+01, 3.83370e+02, 5.81000e+00],
       [1.22040e-01, 0.00000e+00, 2.89000e+00, 0.00000e+00, 4.45000e-01,
        6.62500e+00, 5.78000e+01, 3.49520e+00, 2.00000e+00, 2.76000e+02,
        1.80000e+01, 3.57980e+02, 6.65000e+00],
       [1.42310e-01, 0.00000e+00, 1.00100e+01, 0.00000e+00, 5.47000e-01,
        6.25400e+00, 8.42000e+01, 2.25650e+00, 6.00000e+00, 4.32000e+02,
        1.78000e+01, 3.88740e+02, 1.04500e+01],
       [4.64689e+00, 0.00000e+00, 1.81000e+01, 0.00000e+00, 6.14000e-01,
        6.98000e+00, 6.76000e+01, 2.53290e+00, 2.40000e+01, 6.66000e+02,
        2.02000e+01, 3.74680e+02, 1.16600e+01],
       [1.36781e+01, 0.00000e+00, 1.81000e+01, 0.00000e+00, 7.40000e-01,
        5.93500e+00, 8.79000e+01, 1.82060e+00, 2.40000e+01, 6.66000e+02,
        2.02000e+01, 6.89500e+01, 3.40200e+01],
       [1.74460e-01, 0.00000e+00, 1.05900e+01, 1.00000e+00, 4.89000e-01,
        5.96000e+00, 9.21000e+01, 3.87710e+00, 4.00000e+00, 2.77000e+02,
        1.86000e+01, 3.93250e+02, 1.72700e+01],
       [9.17800e-02, 0.00000e+00, 4.05000e+00, 0.00000e+00, 5.10000e-01,
        6.41600e+00, 8.41000e+01, 2.64630e+00, 5.00000e+00, 2.96000e+02,
        1.66000e+01, 3.95500e+02, 9.04000e+00],
       [7.89600e-02, 0.00000e+00, 1.28300e+01, 0.00000e+00, 4.37000e-01,
        6.27300e+00, 6.00000e+00, 4.25150e+00, 5.00000e+00, 3.98000e+02,
        1.87000e+01, 3.94920e+02, 6.78000e+00],
       [7.90410e-01, 0.00000e+00, 9.90000e+00, 0.00000e+00, 5.44000e-01,
        6.12200e+00, 5.28000e+01, 2.64030e+00, 4.00000e+00, 3.04000e+02,
        1.84000e+01, 3.96900e+02, 5.98000e+00],
       [1.42502e+00, 0.00000e+00, 1.95800e+01, 0.00000e+00, 8.71000e-01,
        6.51000e+00, 1.00000e+02, 1.76590e+00, 5.00000e+00, 4.03000e+02,
        1.47000e+01, 3.64310e+02, 7.39000e+00],
       [8.24809e+00, 0.00000e+00, 1.81000e+01, 0.00000e+00, 7.13000e-01,
        7.39300e+00, 9.93000e+01, 2.45270e+00, 2.40000e+01, 6.66000e+02,
        2.02000e+01, 3.75870e+02, 1.67400e+01],
       [2.54300e-02, 5.50000e+01, 3.78000e+00, 0.00000e+00, 4.84000e-01,
        6.69600e+00, 5.64000e+01, 5.73210e+00, 5.00000e+00, 3.70000e+02,
        1.76000e+01, 3.96900e+02, 7.18000e+00],
       [9.51363e+00, 0.00000e+00, 1.81000e+01, 0.00000e+00, 7.13000e-01,
        6.72800e+00, 9.41000e+01, 2.49610e+00, 2.40000e+01, 6.66000e+02,
        2.02000e+01, 6.68000e+00, 1.87100e+01],
       [1.55757e+01, 0.00000e+00, 1.81000e+01, 0.00000e+00, 5.80000e-01,
        5.92600e+00, 7.10000e+01, 2.90840e+00, 2.40000e+01, 6.66000e+02,
        2.02000e+01, 3.68740e+02, 1.81300e+01],
       [1.34284e+00, 0.00000e+00, 1.95800e+01, 0.00000e+00, 6.05000e-01,
        6.06600e+00, 1.00000e+02, 1.75730e+00, 5.00000e+00, 4.03000e+02,
        1.47000e+01, 3.53890e+02, 6.43000e+00],
       [5.20177e+00, 0.00000e+00, 1.81000e+01, 1.00000e+00, 7.70000e-01,
        6.12700e+00, 8.34000e+01, 2.72270e+00, 2.40000e+01, 6.66000e+02,
        2.02000e+01, 3.95430e+02, 1.14800e+01],
       [1.95100e-02, 1.75000e+01, 1.38000e+00, 0.00000e+00, 4.16100e-01,
        7.10400e+00, 5.95000e+01, 9.22290e+00, 3.00000e+00, 2.16000e+02,
        1.86000e+01, 3.93240e+02, 8.05000e+00]]), 'y_train': array([24. , 21.6, 34.7, 33.4, 36.2, 22.9, 27.1, 16.5, 18.9, 18.9, 21.7,
       20.4, 18.2, 23.1, 17.5, 20.2, 18.2, 13.6, 19.6, 15.2, 14.5, 15.6,
       13.9, 16.6, 14.8, 21. , 12.7, 14.5, 13.2, 13.5, 18.9, 20. , 24.7,
       30.8, 34.9, 26.6, 24.7, 21.2, 19.3, 20. , 16.6, 14.4, 19.4, 19.7,
       20.5, 25. , 23.4, 18.9, 35.4, 24.7, 31.6, 23.3, 19.6, 18.7, 16. ,
       22.2, 25. , 23.5, 19.4, 22. , 17.4, 20.9, 24.2, 21.7, 23.4, 21.4,
       20. , 20.8, 21.2, 20.3, 28. , 23.9, 24.8, 22.9, 23.9, 26.6, 22.5,
       22.2, 23.6, 28.7, 22.6, 22. , 25. , 20.6, 21.4, 38.7, 43.8, 33.2,
       27.5, 26.5, 18.6, 19.3, 20.1, 19.5, 19.5, 20.4, 19.4, 21.7, 18.8,
       18.3, 21.2, 19.2, 20.4, 19.3, 22. , 20.3, 20.5, 17.3, 18.8, 15.7,
       16.2, 18. , 14.3, 19.2, 19.6, 23. , 18.4, 15.6, 18.1, 17.4, 17.1,
       13.3, 17.8, 14. , 14.4, 13.4, 15.6, 11.8, 13.8, 15.6, 14.6, 17.8,
       15.4, 21.5, 19.6, 15.3, 19.4, 17. , 15.6, 13.1, 41.3, 27. , 50. ,
       50. , 50. , 22.7, 25. , 50. , 23.8, 23.8, 22.3, 17.4, 19.1, 23.1,
       22.6, 29.4, 23.2, 24.6, 29.9, 37.2, 39.8, 36.2, 37.9, 32.5, 26.4,
       29.6, 50. , 29.8, 34.9, 37. , 30.5, 36.4, 31.1, 29.1, 50. , 33.3,
       30.3, 34.6, 34.9, 32.9, 24.1, 48.5, 50. , 24.4, 22.5, 24.4, 20. ,
       19.3, 22.4, 28.1, 25. , 23.3, 28.7, 21.5, 23. , 26.7, 21.7, 27.5,
       30.1, 44.8, 50. , 37.6, 31.6, 46.7, 31.5, 31.7, 41.7, 48.3, 29. ,
       24. , 25.1, 31.5, 23.7, 23.3, 22. , 20.1, 22.2, 23.7, 17.6, 18.5,
       24.3, 20.5, 24.5, 26.2, 24.4, 24.8, 29.6, 42.8, 21.9, 20.9, 44. ,
       50. , 36. , 30.1, 33.8, 43.1, 48.8, 31. , 36.5, 22.8, 30.7, 50. ,
       43.5, 20.7, 21.1, 24.4, 35.2, 32.4, 32. , 33.2, 33.1, 29.1, 35.1,
       45.4, 35.4, 46. , 50. , 32.2, 22. , 20.1, 23.2, 22.3, 24.8, 28.5,
       37.3, 27.9, 23.9, 21.7, 28.6, 27.1, 22.5, 29. , 24.8, 22. , 33.1,
       36.1, 28.4, 33.4, 28.2, 22.8, 20.3, 16.1, 19.4, 21.6, 23.8, 16.2,
       17.8, 19.8, 23.1, 21. , 23.8, 23.1, 20.4, 18.5, 25. , 24.6, 23. ,
       22.2, 19.3, 22.6, 19.8, 17.1, 19.4, 22.2, 20.7, 21.1, 19.5, 20.6,
       19. , 18.7, 32.7, 16.5, 31.2, 17.5, 17.2, 23.1, 24.5, 22.9, 24.1,
       30.1, 18.2, 20.6, 17.8, 21.7, 22.6, 25. , 19.9, 20.8, 16.8, 21.9,
       27.5, 21.9, 23.1, 50. , 50. , 50. , 50. , 50. , 13.8, 13.8, 15. ,
       13.9, 13.3, 13.1, 10.2, 10.4, 10.9, 11.3, 12.3,  8.8,  7.2, 10.5,
        7.4, 10.2, 15.1, 23.2,  9.7, 13.8, 12.7, 12.5,  8.5,  5. ,  6.3,
        5.6,  7.2, 12.1,  8.3,  8.5,  5. , 11.9, 27.9, 17.2, 27.5, 15. ,
       17.2, 17.9,  7. ,  7.2,  7.5, 10.4,  8.8,  8.4, 16.7, 20.8, 13.4,
       11.7,  8.3, 10.2, 10.9, 11. ,  9.5, 14.1, 14.3, 11.7, 13.4,  9.6,
        8.7, 12.8, 10.5, 17.1, 18.4, 15.4, 10.8, 11.8, 14.9, 12.6, 14.1,
       13. , 13.4, 15.2, 16.1, 14.1, 12.7, 13.5, 14.9, 20. , 16.4, 20.2,
       21.4, 19.9, 19. , 20.1, 19.9, 19.6, 23.2, 13.8, 13.3, 16.7, 12. ,
       14.6, 21.4, 23. , 23.7, 25. , 21.8, 20.6, 21.2, 19.1, 20.6, 15.2,
        7. ,  8.1, 13.6, 20.1, 21.8, 24.5, 23.1, 19.7, 21.2, 16.8, 22.4,
       20.6, 23.9, 22. , 11.9]), 'x_train': array([[6.3200e-03, 1.8000e+01, 2.3100e+00, ..., 1.5300e+01, 3.9690e+02,
        4.9800e+00],
       [2.7310e-02, 0.0000e+00, 7.0700e+00, ..., 1.7800e+01, 3.9690e+02,
        9.1400e+00],
       [2.7290e-02, 0.0000e+00, 7.0700e+00, ..., 1.7800e+01, 3.9283e+02,
        4.0300e+00],
       ...,
       [6.0760e-02, 0.0000e+00, 1.1930e+01, ..., 2.1000e+01, 3.9690e+02,
        5.6400e+00],
       [1.0959e-01, 0.0000e+00, 1.1930e+01, ..., 2.1000e+01, 3.9345e+02,
        6.4800e+00],
       [4.7410e-02, 0.0000e+00, 1.1930e+01, ..., 2.1000e+01, 3.9690e+02,
        7.8800e+00]]), 'packages': [['atomicwrites', '1.1.5'], ['attrs', '18.1.0'], ['backcall', '0.1.0'], ['coverage', '4.5.1'], ['cycler', '0.10.0'], ['decorator', '4.3.0'], ['docopt', '0.6.2'], ['hashfs', '0.7.0'], ['hypothesis', '3.57.0'], ['ipykernel', '4.8.2'], ['ipython', '6.4.0'], ['ipython-genutils', '0.2.0'], ['jedi', '0.12.0'], ['jsonpickle', '0.9.6'], ['jsonschema', '2.6.0'], ['jupyter-client', '5.2.3'], ['jupyter-core', '4.4.0'], ['kiwisolver', '1.0.1'], ['Lasagne', '0.1'], ['matplotlib', '2.2.2'], ['more-itertools', '4.2.0'], ['mpmath', '1.0.0'], ['munch', '2.3.2'], ['nbformat', '4.4.0'], ['nbval', '0.9.1'], ['numpy', '1.14.3'], ['pandas', '0.23.0'], ['parso', '0.2.1'], ['pexpect', '4.6.0'], ['pickleshare', '0.7.4'], ['Pillow', '5.1.0'], ['pip', '10.0.1'], ['pkg-resources', '0.0.0'], ['pluggy', '0.6.0'], ['prompt-toolkit', '1.0.15'], ['ptyprocess', '0.5.2'], ['py', '1.5.3'], ['py-cpuinfo', '4.0.0'], ['Pygments', '2.2.0'], ['pymongo', '3.6.1'], ['pyparsing', '2.2.0'], ['pysgmcmc', '0.0.1'], ['pytest', '3.6.0'], ['python-dateutil', '2.7.3'], ['pytz', '2018.4'], ['pyzmq', '17.0.0'], ['sacred', '0.7.3'], ['scandir', '1.7'], ['scikit-learn', '0.19.1'], ['scipy', '1.1.0'], ['seaborn', '0.8.1'], ['setuptools', '39.2.0'], ['simplegeneric', '0.8.1'], ['six', '1.11.0'], ['SQLAlchemy', '1.2.8'], ['sympy', '1.1.1'], ['Theano', '0.8.0'], ['tinydb', '3.9.0.post1'], ['tinydb-serialization', '1.0.4'], ['torch', '0.4.0'], ['torchvision', '0.2.1'], ['tornado', '5.0.2'], ['tqdm', '4.23.4'], ['traitlets', '4.3.2'], ['wcwidth', '0.1.7'], ['wheel', '0.31.1'], ['wrapt', '1.10.11']], 'prediction_mean': array([23.046192, 17.108461, 13.403149, 19.218575, 21.127522, 18.237083,
       20.123173, 21.806452, 17.886456, 23.60809 , 24.830675, 22.546625,
       25.807026, 19.73128 , 15.215189, 11.973242, 17.451698, 21.874327,
       20.089766, 13.634763, 24.245438, 22.196133, 30.588821, 19.10867 ,
       14.100075, 22.49614 , 16.148312, 17.39325 , 24.868734, 43.079815,
       13.578053, 20.449127, 27.493992, 18.769072, 23.5883  , 23.381416,
       20.75383 , 23.156683,  8.974027, 22.120459, 27.20419 , 21.623331,
       25.879833, 30.27338 , 20.598461, 24.90007 , 12.342947, 17.846252,
       27.298382, 23.046972, 29.365433], dtype=float32), 'prediction_std': array([0.82062197, 0.5993454 , 0.8011477 , 0.7759361 , 0.7333238 ,
       0.5383123 , 0.49743235, 0.75833035, 0.5698211 , 0.79208267,
       0.82240486, 0.69914955, 0.7322997 , 0.45877454, 0.6227153 ,
       0.5814406 , 0.6007479 , 0.81616986, 0.48287067, 1.476977  ,
       0.7170356 , 0.5649732 , 0.71579236, 0.67653364, 0.5299652 ,
       0.7651337 , 0.51669204, 0.9542776 , 0.7296076 , 0.72269243,
       0.5777435 , 0.5318376 , 0.8359176 , 0.6763239 , 0.79927486,
       0.8321607 , 0.7272137 , 0.57432944, 0.5463793 , 0.546267  ,
       0.8853929 , 1.1176052 , 1.0155032 , 0.72969276, 0.7224703 ,
       0.6330483 , 0.55836767, 0.9946623 , 0.7844741 , 0.5897337 ,
       1.063292  ], dtype=float32)}
INFO - BNN_UCI - Completed after 0:01:26
