INFO - BNN_UCI - Running command 'fit_bnn'
INFO - BNN_UCI - Started run with ID "295"
/home/freidanm/repos/pytorch_experiments/experiments_env/src/pysgmcmc/pysgmcmc/data/datasets.py:14: FutureWarning: Method .as_matrix will be removed in a future version. Use .values instead.
  x_train = train_data.as_matrix(feature_columns)
/home/freidanm/repos/pytorch_experiments/experiments_env/src/pysgmcmc/pysgmcmc/data/datasets.py:15: FutureWarning: Method .as_matrix will be removed in a future version. Use .values instead.
  y_train = train_data[label_column].as_matrix()
/home/freidanm/repos/pytorch_experiments/experiments_env/src/pysgmcmc/pysgmcmc/data/datasets.py:17: FutureWarning: Method .as_matrix will be removed in a future version. Use .values instead.
  x_test = test_data.as_matrix(feature_columns)
/home/freidanm/repos/pytorch_experiments/experiments_env/src/pysgmcmc/pysgmcmc/data/datasets.py:18: FutureWarning: Method .as_matrix will be removed in a future version. Use .values instead.
  y_test = test_data[label_column].as_matrix()
INFO - root - Performing 15000 iterations
INFO - BNN_UCI - Result: {'x_train': array([[6.3200e-03, 1.8000e+01, 2.3100e+00, ..., 1.5300e+01, 3.9690e+02,
        4.9800e+00],
       [2.7310e-02, 0.0000e+00, 7.0700e+00, ..., 1.7800e+01, 3.9690e+02,
        9.1400e+00],
       [2.7290e-02, 0.0000e+00, 7.0700e+00, ..., 1.7800e+01, 3.9283e+02,
        4.0300e+00],
       ...,
       [4.5270e-02, 0.0000e+00, 1.1930e+01, ..., 2.1000e+01, 3.9690e+02,
        9.0800e+00],
       [6.0760e-02, 0.0000e+00, 1.1930e+01, ..., 2.1000e+01, 3.9690e+02,
        5.6400e+00],
       [4.7410e-02, 0.0000e+00, 1.1930e+01, ..., 2.1000e+01, 3.9690e+02,
        7.8800e+00]]), 'prediction_std': array([1.0202467 , 1.1708587 , 0.94285446, 0.97055113, 1.4879122 ,
       0.54577655, 2.030717  , 1.0151101 , 1.9335314 , 1.1371201 ,
       1.0278257 , 0.7684786 , 0.91943663, 1.6119926 , 1.18592   ,
       1.0432719 , 1.0233585 , 0.7107407 , 0.85839   , 0.7133356 ,
       0.9213531 , 1.3827343 , 0.7476874 , 0.7871391 , 1.0515323 ,
       1.0787427 , 1.2928853 , 1.5198065 , 2.4498525 , 1.1080451 ,
       0.8953067 , 0.9272884 , 0.7807988 , 0.91196555, 0.8941127 ,
       1.191627  , 1.1816294 , 1.2578859 , 1.1512173 , 0.891469  ,
       1.1874443 , 0.73287594, 0.85626715, 2.9476395 , 1.9091132 ,
       0.9715838 , 1.0219995 , 1.8801253 , 0.69766176, 0.60639894,
       1.0480701 ], dtype=float32), 'y_train': array([24. , 21.6, 34.7, 33.4, 36.2, 28.7, 22.9, 27.1, 16.5, 15. , 18.9,
       21.7, 20.4, 18.2, 19.9, 23.1, 17.5, 20.2, 18.2, 13.6, 19.6, 15.2,
       14.5, 15.6, 14.8, 21. , 14.5, 13.2, 13.1, 13.5, 18.9, 20. , 21. ,
       24.7, 34.9, 26.6, 25.3, 21.2, 19.3, 20. , 16.6, 14.4, 19.4, 19.7,
       20.5, 25. , 23.4, 18.9, 35.4, 24.7, 31.6, 23.3, 19.6, 18.7, 16. ,
       22.2, 25. , 33. , 23.5, 19.4, 17.4, 20.9, 24.2, 21.7, 22.8, 23.4,
       24.1, 21.4, 20. , 20.8, 21.2, 20.3, 28. , 23.9, 24.8, 23.9, 26.6,
       22.5, 22.2, 23.6, 28.7, 22.6, 22. , 22.9, 25. , 20.6, 28.4, 21.4,
       38.7, 43.8, 33.2, 27.5, 26.5, 18.6, 19.3, 20.1, 19.5, 20.4, 19.8,
       21.7, 22.8, 18.8, 18.7, 18.5, 18.3, 21.2, 19.2, 20.4, 19.3, 22. ,
       20.3, 20.5, 17.3, 18.8, 21.4, 15.7, 16.2, 18. , 14.3, 19.2, 19.6,
       23. , 18.4, 18.1, 17.4, 17.1, 13.3, 17.8, 14. , 14.4, 13.4, 11.8,
       13.8, 15.6, 14.6, 17.8, 15.4, 21.5, 19.6, 15.3, 19.4, 17. , 15.6,
       13.1, 41.3, 24.3, 23.3, 27. , 50. , 50. , 50. , 22.7, 50. , 23.8,
       23.8, 22.3, 17.4, 23.6, 22.6, 29.4, 23.2, 24.6, 29.9, 37.2, 39.8,
       36.2, 37.9, 32.5, 26.4, 29.6, 50. , 29.8, 34.9, 37. , 30.5, 36.4,
       31.1, 29.1, 50. , 33.3, 30.3, 34.9, 32.9, 24.1, 42.3, 50. , 22.6,
       24.4, 22.5, 24.4, 20. , 21.7, 22.4, 28.1, 25. , 23.3, 21.5, 23. ,
       26.7, 21.7, 27.5, 30.1, 44.8, 50. , 37.6, 31.6, 31.5, 24.3, 31.7,
       41.7, 48.3, 29. , 24. , 25.1, 31.5, 23.7, 23.3, 22. , 20.1, 22.2,
       23.7, 17.6, 18.5, 24.3, 24.5, 26.2, 24.4, 24.8, 29.6, 42.8, 21.9,
       20.9, 50. , 36. , 30.1, 33.8, 43.1, 36.5, 22.8, 30.7, 50. , 43.5,
       20.7, 21.1, 25.2, 24.4, 35.2, 32.4, 32. , 33.2, 33.1, 29.1, 35.1,
       45.4, 35.4, 46. , 22. , 20.1, 23.2, 22.3, 24.8, 28.5, 37.3, 27.9,
       23.9, 20.3, 22.5, 29. , 24.8, 22. , 26.4, 33.1, 36.1, 28.4, 33.4,
       28.2, 22.8, 20.3, 16.1, 22.1, 19.4, 16.2, 19.8, 23.1, 21. , 23.8,
       23.1, 20.4, 18.5, 25. , 24.6, 23. , 22.2, 19.3, 19.8, 17.1, 19.4,
       22.2, 20.7, 21.1, 19.5, 18.5, 20.6, 19. , 18.7, 32.7, 16.5, 23.9,
       31.2, 17.5, 17.2, 23.1, 24.5, 26.6, 24.1, 18.6, 30.1, 18.2, 20.6,
       17.8, 21.7, 22.7, 22.6, 25. , 19.9, 16.8, 21.9, 27.5, 21.9, 23.1,
       50. , 50. , 50. , 50. , 50. , 13.8, 13.8, 15. , 13.9, 13.3, 13.1,
       10.2, 10.4, 10.9, 11.3, 12.3,  8.8,  7.2, 10.5,  7.4, 10.2, 11.5,
       15.1, 23.2,  9.7, 13.8, 12.7, 13.1, 12.5,  8.5,  5. ,  6.3,  5.6,
        7.2,  8.5,  5. , 11.9, 27.9, 27.5, 15. , 17.2, 17.9, 16.3,  7. ,
        7.2,  7.5,  8.8,  8.4, 16.7, 14.2, 20.8, 13.4, 11.7,  8.3, 10.2,
       10.9, 11. ,  9.5, 14.5, 14.1, 16.1, 14.3, 11.7, 13.4,  9.6,  8.7,
        8.4, 12.8, 10.5, 17.1, 18.4, 15.4, 10.8, 11.8, 14.9, 12.6, 14.1,
       13. , 15.2, 16.1, 14.9, 14.1, 12.7, 13.5, 14.9, 20. , 17.7, 19.5,
       20.2, 21.4, 19.9, 19. , 19.1, 19.1, 20.1, 19.9, 19.6, 23.2, 29.8,
       13.8, 13.3, 16.7, 12. , 14.6, 21.4, 23. , 23.7, 25. , 21.8, 20.6,
       19.1, 15.2,  7. ,  8.1, 20.1, 21.8, 24.5, 23.1, 19.7, 18.3, 21.2,
       16.8, 20.6, 23.9, 11.9]), 'y_test': array([20.5, 21.7, 48.5, 13.9, 13.6, 19.3, 32.2, 19.5, 10.4, 22.4, 28.6,
       28.7, 48.8, 44. , 31. , 24.7, 21.6, 17.5, 16.6, 17.8, 15.6, 25. ,
       18.9, 12.1, 20.8, 18.4, 17.8, 15.6, 23.7, 32. , 21.2, 22.9, 20.6,
       19.4, 22.6, 30.8, 23.8, 34.6, 22. , 27.1, 12.7, 16.4, 22. , 50. ,
        8.3, 22.9, 17.2, 46.7, 19.1, 13.4, 23.1]), 'packages': [['atomicwrites', '1.1.5'], ['attrs', '18.1.0'], ['backcall', '0.1.0'], ['coverage', '4.5.1'], ['cycler', '0.10.0'], ['decorator', '4.3.0'], ['docopt', '0.6.2'], ['hashfs', '0.7.0'], ['hypothesis', '3.57.0'], ['ipykernel', '4.8.2'], ['ipython', '6.4.0'], ['ipython-genutils', '0.2.0'], ['jedi', '0.12.0'], ['jsonpickle', '0.9.6'], ['jsonschema', '2.6.0'], ['jupyter-client', '5.2.3'], ['jupyter-core', '4.4.0'], ['kiwisolver', '1.0.1'], ['Lasagne', '0.1'], ['matplotlib', '2.2.2'], ['more-itertools', '4.2.0'], ['mpmath', '1.0.0'], ['munch', '2.3.2'], ['nbformat', '4.4.0'], ['nbval', '0.9.1'], ['numpy', '1.14.3'], ['pandas', '0.23.0'], ['parso', '0.2.1'], ['pexpect', '4.6.0'], ['pickleshare', '0.7.4'], ['Pillow', '5.1.0'], ['pip', '10.0.1'], ['pkg-resources', '0.0.0'], ['pluggy', '0.6.0'], ['prompt-toolkit', '1.0.15'], ['ptyprocess', '0.5.2'], ['py', '1.5.3'], ['py-cpuinfo', '4.0.0'], ['Pygments', '2.2.0'], ['pymongo', '3.6.1'], ['pyparsing', '2.2.0'], ['pysgmcmc', '0.0.1'], ['pytest', '3.6.0'], ['python-dateutil', '2.7.3'], ['pytz', '2018.4'], ['pyzmq', '17.0.0'], ['sacred', '0.7.3'], ['scandir', '1.7'], ['scikit-learn', '0.19.1'], ['scipy', '1.1.0'], ['seaborn', '0.8.1'], ['setuptools', '39.2.0'], ['simplegeneric', '0.8.1'], ['six', '1.11.0'], ['SQLAlchemy', '1.2.8'], ['sympy', '1.1.1'], ['Theano', '0.8.0'], ['tinydb', '3.9.0.post1'], ['tinydb-serialization', '1.0.4'], ['torch', '0.4.0'], ['torchvision', '0.2.1'], ['tornado', '5.0.2'], ['tqdm', '4.23.4'], ['traitlets', '4.3.2'], ['wcwidth', '0.1.7'], ['wheel', '0.31.1'], ['wrapt', '1.10.11']], 'prediction_mean': array([19.60985  , 20.52674  , 48.935455 , 13.756189 , 16.024498 ,
       19.898098 , 34.280834 , 17.919205 , 11.295092 , 22.990326 ,
       25.85072  , 27.659698 , 49.118416 , 44.79958  , 35.036694 ,
       23.822641 , 19.167786 , 18.327885 , 14.8744955, 16.771374 ,
       15.98881  , 27.014664 , 21.107388 , 11.833841 , 27.050463 ,
       19.184763 , 23.072275 , 17.182076 , 13.939935 , 28.298994 ,
       21.129723 , 22.148817 , 23.722748 , 18.239458 , 23.219845 ,
       29.451452 , 21.322239 , 32.654984 , 21.34008  , 25.497173 ,
       10.163234 , 19.50325  , 20.61157  , 45.32466  ,  7.9588165,
       22.521955 , 10.848625 , 42.977226 , 19.814804 , 14.678114 ,
       22.039312 ], dtype=float32), 'x_test': array([[1.96570e-01, 2.20000e+01, 5.86000e+00, 0.00000e+00, 4.31000e-01,
        6.22600e+00, 7.92000e+01, 8.05550e+00, 7.00000e+00, 3.30000e+02,
        1.91000e+01, 3.76140e+02, 1.01500e+01],
       [8.19900e-02, 0.00000e+00, 1.39200e+01, 0.00000e+00, 4.37000e-01,
        6.00900e+00, 4.23000e+01, 5.50270e+00, 4.00000e+00, 2.89000e+02,
        1.60000e+01, 3.96900e+02, 1.04000e+01],
       [3.51000e-02, 9.50000e+01, 2.68000e+00, 0.00000e+00, 4.16100e-01,
        7.85300e+00, 3.32000e+01, 5.11800e+00, 4.00000e+00, 2.24000e+02,
        1.47000e+01, 3.92780e+02, 3.81000e+00],
       [8.40540e-01, 0.00000e+00, 8.14000e+00, 0.00000e+00, 5.38000e-01,
        5.59900e+00, 8.57000e+01, 4.45460e+00, 4.00000e+00, 3.07000e+02,
        2.10000e+01, 3.03420e+02, 1.65100e+01],
       [1.05740e-01, 0.00000e+00, 2.77400e+01, 0.00000e+00, 6.09000e-01,
        5.98300e+00, 9.88000e+01, 1.86810e+00, 4.00000e+00, 7.11000e+02,
        2.01000e+01, 3.90110e+02, 1.80700e+01],
       [3.75780e-01, 0.00000e+00, 1.05900e+01, 1.00000e+00, 4.89000e-01,
        5.40400e+00, 8.86000e+01, 3.66500e+00, 4.00000e+00, 2.77000e+02,
        1.86000e+01, 3.95240e+02, 2.39800e+01],
       [9.06000e-03, 9.00000e+01, 2.97000e+00, 0.00000e+00, 4.00000e-01,
        7.08800e+00, 2.08000e+01, 7.30730e+00, 1.00000e+00, 2.85000e+02,
        1.53000e+01, 3.94720e+02, 7.85000e+00],
       [1.32620e-01, 0.00000e+00, 8.56000e+00, 0.00000e+00, 5.20000e-01,
        5.85100e+00, 9.67000e+01, 2.10690e+00, 5.00000e+00, 3.84000e+02,
        2.09000e+01, 3.94050e+02, 1.64700e+01],
       [2.59406e+01, 0.00000e+00, 1.81000e+01, 0.00000e+00, 6.79000e-01,
        5.30400e+00, 8.91000e+01, 1.64750e+00, 2.40000e+01, 6.66000e+02,
        2.02000e+01, 1.27360e+02, 2.66400e+01],
       [6.26300e-02, 0.00000e+00, 1.19300e+01, 0.00000e+00, 5.73000e-01,
        6.59300e+00, 6.91000e+01, 2.47860e+00, 1.00000e+00, 2.73000e+02,
        2.10000e+01, 3.91990e+02, 9.67000e+00],
       [1.29320e-01, 0.00000e+00, 1.39200e+01, 0.00000e+00, 4.37000e-01,
        6.67800e+00, 3.11000e+01, 5.96040e+00, 4.00000e+00, 2.89000e+02,
        1.60000e+01, 3.96900e+02, 6.27000e+00],
       [7.01300e-02, 0.00000e+00, 1.38900e+01, 0.00000e+00, 5.50000e-01,
        6.64200e+00, 8.51000e+01, 3.42110e+00, 5.00000e+00, 2.76000e+02,
        1.64000e+01, 3.92780e+02, 9.69000e+00],
       [5.20140e-01, 2.00000e+01, 3.97000e+00, 0.00000e+00, 6.47000e-01,
        8.39800e+00, 9.15000e+01, 2.28850e+00, 5.00000e+00, 2.64000e+02,
        1.30000e+01, 3.86860e+02, 5.91000e+00],
       [1.53800e-02, 9.00000e+01, 3.75000e+00, 0.00000e+00, 3.94000e-01,
        7.45400e+00, 3.42000e+01, 6.33610e+00, 3.00000e+00, 2.44000e+02,
        1.59000e+01, 3.86340e+02, 3.11000e+00],
       [8.25260e-01, 2.00000e+01, 3.97000e+00, 0.00000e+00, 6.47000e-01,
        7.32700e+00, 9.45000e+01, 2.07880e+00, 5.00000e+00, 2.64000e+02,
        1.30000e+01, 3.93420e+02, 1.12500e+01],
       [1.59360e-01, 0.00000e+00, 6.91000e+00, 0.00000e+00, 4.48000e-01,
        6.21100e+00, 6.50000e+00, 5.72090e+00, 3.00000e+00, 2.33000e+02,
        1.79000e+01, 3.94460e+02, 7.44000e+00],
       [2.69380e-01, 0.00000e+00, 9.90000e+00, 0.00000e+00, 5.44000e-01,
        6.26600e+00, 8.28000e+01, 3.26280e+00, 4.00000e+00, 3.04000e+02,
        1.84000e+01, 3.93390e+02, 7.90000e+00],
       [1.77830e-01, 0.00000e+00, 9.69000e+00, 0.00000e+00, 5.85000e-01,
        5.56900e+00, 7.35000e+01, 2.39990e+00, 6.00000e+00, 3.91000e+02,
        1.92000e+01, 3.95770e+02, 1.51000e+01],
       [6.71910e-01, 0.00000e+00, 8.14000e+00, 0.00000e+00, 5.38000e-01,
        5.81300e+00, 9.03000e+01, 4.68200e+00, 4.00000e+00, 3.07000e+02,
        2.10000e+01, 3.76880e+02, 1.48100e+01],
       [8.24809e+00, 0.00000e+00, 1.81000e+01, 0.00000e+00, 7.13000e-01,
        7.39300e+00, 9.93000e+01, 2.45270e+00, 2.40000e+01, 6.66000e+02,
        2.02000e+01, 3.75870e+02, 1.67400e+01],
       [4.09740e+00, 0.00000e+00, 1.95800e+01, 0.00000e+00, 8.71000e-01,
        5.46800e+00, 1.00000e+02, 1.41180e+00, 5.00000e+00, 4.03000e+02,
        1.47000e+01, 3.96900e+02, 2.64200e+01],
       [2.92400e+00, 0.00000e+00, 1.95800e+01, 0.00000e+00, 6.05000e-01,
        6.10100e+00, 9.30000e+01, 2.28340e+00, 5.00000e+00, 4.03000e+02,
        1.47000e+01, 2.40160e+02, 9.81000e+00],
       [1.70040e-01, 1.25000e+01, 7.87000e+00, 0.00000e+00, 5.24000e-01,
        6.00400e+00, 8.59000e+01, 6.59210e+00, 5.00000e+00, 3.11000e+02,
        1.52000e+01, 3.86710e+02, 1.71000e+01],
       [9.59571e+00, 0.00000e+00, 1.81000e+01, 0.00000e+00, 6.93000e-01,
        6.40400e+00, 1.00000e+02, 1.63900e+00, 2.40000e+01, 6.66000e+02,
        2.02000e+01, 3.76110e+02, 2.03100e+01],
       [3.67822e+00, 0.00000e+00, 1.81000e+01, 0.00000e+00, 7.70000e-01,
        5.36200e+00, 9.62000e+01, 2.10360e+00, 2.40000e+01, 6.66000e+02,
        2.02000e+01, 3.80790e+02, 1.01900e+01],
       [7.72990e-01, 0.00000e+00, 8.14000e+00, 0.00000e+00, 5.38000e-01,
        6.49500e+00, 9.44000e+01, 4.45470e+00, 4.00000e+00, 3.07000e+02,
        2.10000e+01, 3.87940e+02, 1.28000e+01],
       [3.18270e-01, 0.00000e+00, 9.90000e+00, 0.00000e+00, 5.44000e-01,
        5.91400e+00, 8.32000e+01, 3.99860e+00, 4.00000e+00, 3.04000e+02,
        1.84000e+01, 3.90700e+02, 1.83300e+01],
       [9.76170e-01, 0.00000e+00, 2.18900e+01, 0.00000e+00, 6.24000e-01,
        5.75700e+00, 9.84000e+01, 2.34600e+00, 4.00000e+00, 4.37000e+02,
        2.12000e+01, 2.62760e+02, 1.73100e+01],
       [2.89550e-01, 0.00000e+00, 1.05900e+01, 0.00000e+00, 4.89000e-01,
        5.41200e+00, 9.80000e+00, 3.58750e+00, 4.00000e+00, 2.77000e+02,
        1.86000e+01, 3.48930e+02, 2.95500e+01],
       [7.87500e-02, 4.50000e+01, 3.44000e+00, 0.00000e+00, 4.37000e-01,
        6.78200e+00, 4.11000e+01, 3.78860e+00, 5.00000e+00, 3.98000e+02,
        1.52000e+01, 3.93870e+02, 6.68000e+00],
       [3.67367e+00, 0.00000e+00, 1.81000e+01, 0.00000e+00, 5.83000e-01,
        6.31200e+00, 5.19000e+01, 3.99170e+00, 2.40000e+01, 6.66000e+02,
        2.02000e+01, 3.88620e+02, 1.05800e+01],
       [6.21100e-02, 4.00000e+01, 1.25000e+00, 0.00000e+00, 4.29000e-01,
        6.49000e+00, 4.44000e+01, 8.79210e+00, 1.00000e+00, 3.35000e+02,
        1.97000e+01, 3.96900e+02, 5.98000e+00],
       [4.83567e+00, 0.00000e+00, 1.81000e+01, 0.00000e+00, 5.83000e-01,
        5.90500e+00, 5.32000e+01, 3.15230e+00, 2.40000e+01, 6.66000e+02,
        2.02000e+01, 3.88220e+02, 1.14500e+01],
       [2.63630e-01, 0.00000e+00, 8.56000e+00, 0.00000e+00, 5.20000e-01,
        6.22900e+00, 9.12000e+01, 2.54510e+00, 5.00000e+00, 3.84000e+02,
        2.09000e+01, 3.91230e+02, 1.55500e+01],
       [6.72400e-02, 0.00000e+00, 3.24000e+00, 0.00000e+00, 4.60000e-01,
        6.33300e+00, 1.72000e+01, 5.21460e+00, 4.00000e+00, 4.30000e+02,
        1.69000e+01, 3.75210e+02, 7.34000e+00],
       [2.76300e-02, 7.50000e+01, 2.95000e+00, 0.00000e+00, 4.28000e-01,
        6.59500e+00, 2.18000e+01, 5.40110e+00, 3.00000e+00, 2.52000e+02,
        1.83000e+01, 3.95630e+02, 4.32000e+00],
       [3.69200e-01, 0.00000e+00, 9.90000e+00, 0.00000e+00, 5.44000e-01,
        6.56700e+00, 8.73000e+01, 3.60230e+00, 4.00000e+00, 3.04000e+02,
        1.84000e+01, 3.95690e+02, 9.28000e+00],
       [3.76800e-02, 8.00000e+01, 1.52000e+00, 0.00000e+00, 4.04000e-01,
        7.27400e+00, 3.83000e+01, 7.30900e+00, 2.00000e+00, 3.29000e+02,
        1.26000e+01, 3.92200e+02, 6.62000e+00],
       [1.09590e-01, 0.00000e+00, 1.19300e+01, 0.00000e+00, 5.73000e-01,
        6.79400e+00, 8.93000e+01, 2.38890e+00, 1.00000e+00, 2.73000e+02,
        2.10000e+01, 3.93450e+02, 6.48000e+00],
       [5.37200e-02, 0.00000e+00, 1.39200e+01, 0.00000e+00, 4.37000e-01,
        6.54900e+00, 5.10000e+01, 5.96040e+00, 4.00000e+00, 2.89000e+02,
        1.60000e+01, 3.92850e+02, 7.39000e+00],
       [1.13081e+00, 0.00000e+00, 8.14000e+00, 0.00000e+00, 5.38000e-01,
        5.71300e+00, 9.41000e+01, 4.23300e+00, 4.00000e+00, 3.07000e+02,
        2.10000e+01, 3.60170e+02, 2.26000e+01],
       [4.81213e+00, 0.00000e+00, 1.81000e+01, 0.00000e+00, 7.13000e-01,
        6.70100e+00, 9.00000e+01, 2.59750e+00, 2.40000e+01, 6.66000e+02,
        2.02000e+01, 2.55230e+02, 1.64200e+01],
       [5.78900e-02, 1.25000e+01, 6.07000e+00, 0.00000e+00, 4.09000e-01,
        5.87800e+00, 2.14000e+01, 6.49800e+00, 4.00000e+00, 3.45000e+02,
        1.89000e+01, 3.96210e+02, 8.10000e+00],
       [1.50100e-02, 9.00000e+01, 1.21000e+00, 1.00000e+00, 4.01000e-01,
        7.92300e+00, 2.48000e+01, 5.88500e+00, 1.00000e+00, 1.98000e+02,
        1.36000e+01, 3.95520e+02, 3.16000e+00],
       [2.48017e+01, 0.00000e+00, 1.81000e+01, 0.00000e+00, 6.93000e-01,
        5.34900e+00, 9.60000e+01, 1.70280e+00, 2.40000e+01, 6.66000e+02,
        2.02000e+01, 3.96900e+02, 1.97700e+01],
       [3.55100e-02, 2.50000e+01, 4.86000e+00, 0.00000e+00, 4.26000e-01,
        6.16700e+00, 4.67000e+01, 5.40070e+00, 4.00000e+00, 2.81000e+02,
        1.90000e+01, 3.90640e+02, 7.51000e+00],
       [7.40389e+00, 0.00000e+00, 1.81000e+01, 0.00000e+00, 5.97000e-01,
        5.61700e+00, 9.79000e+01, 1.45470e+00, 2.40000e+01, 6.66000e+02,
        2.02000e+01, 3.14640e+02, 2.64000e+01],
       [2.98190e-01, 0.00000e+00, 6.20000e+00, 0.00000e+00, 5.04000e-01,
        7.68600e+00, 1.70000e+01, 3.37510e+00, 8.00000e+00, 3.07000e+02,
        1.74000e+01, 3.77510e+02, 3.92000e+00],
       [2.31390e+00, 0.00000e+00, 1.95800e+01, 0.00000e+00, 6.05000e-01,
        5.88000e+00, 9.73000e+01, 2.38870e+00, 5.00000e+00, 4.03000e+02,
        1.47000e+01, 3.48130e+02, 1.20300e+01],
       [6.71772e+00, 0.00000e+00, 1.81000e+01, 0.00000e+00, 7.13000e-01,
        6.74900e+00, 9.26000e+01, 2.32360e+00, 2.40000e+01, 6.66000e+02,
        2.02000e+01, 3.20000e-01, 1.74400e+01],
       [1.39140e-01, 0.00000e+00, 4.05000e+00, 0.00000e+00, 5.10000e-01,
        5.57200e+00, 8.85000e+01, 2.59610e+00, 5.00000e+00, 2.96000e+02,
        1.66000e+01, 3.96900e+02, 1.46900e+01]])}
INFO - BNN_UCI - Completed after 0:03:32
