INFO - BNN_UCI - Running command 'fit_bnn'
INFO - BNN_UCI - Started run with ID "321"
/home/freidanm/repos/pytorch_experiments/experiments_env/src/pysgmcmc/pysgmcmc/data/datasets.py:14: FutureWarning: Method .as_matrix will be removed in a future version. Use .values instead.
  x_train = train_data.as_matrix(feature_columns)
/home/freidanm/repos/pytorch_experiments/experiments_env/src/pysgmcmc/pysgmcmc/data/datasets.py:15: FutureWarning: Method .as_matrix will be removed in a future version. Use .values instead.
  y_train = train_data[label_column].as_matrix()
/home/freidanm/repos/pytorch_experiments/experiments_env/src/pysgmcmc/pysgmcmc/data/datasets.py:17: FutureWarning: Method .as_matrix will be removed in a future version. Use .values instead.
  x_test = test_data.as_matrix(feature_columns)
/home/freidanm/repos/pytorch_experiments/experiments_env/src/pysgmcmc/pysgmcmc/data/datasets.py:18: FutureWarning: Method .as_matrix will be removed in a future version. Use .values instead.
  y_test = test_data[label_column].as_matrix()
INFO - root - Performing 15000 iterations
INFO - BNN_UCI - Result: {'prediction_mean': array([19.196522 , 15.924848 , 33.80514  , 31.90184  , 19.663776 ,
       36.02787  , 25.250355 , 22.919601 , 18.213907 , 35.75097  ,
       12.550215 , 26.959454 , 20.837326 , 16.307552 , 24.33906  ,
       15.421039 , 26.913326 , 37.176903 , 15.245329 , 10.773013 ,
       18.003487 , 21.081636 , 15.089497 , 25.376602 , 48.995396 ,
       17.193771 , 26.363024 , 34.729546 , 22.155228 , 23.342342 ,
       22.904387 , 29.710007 , 38.221504 , 14.2675705, 21.307972 ,
       22.813847 , 20.207994 , 21.605354 , 19.754227 , 16.503658 ,
       20.028612 , 27.036184 , 24.193027 , 24.332449 , 12.636135 ,
       18.009914 , 27.371326 , 27.34134  , 14.208247 , 27.40546  ,
       23.168743 ], dtype=float32), 'x_train': array([[6.3200e-03, 1.8000e+01, 2.3100e+00, ..., 1.5300e+01, 3.9690e+02,
        4.9800e+00],
       [2.7310e-02, 0.0000e+00, 7.0700e+00, ..., 1.7800e+01, 3.9690e+02,
        9.1400e+00],
       [3.2370e-02, 0.0000e+00, 2.1800e+00, ..., 1.8700e+01, 3.9463e+02,
        2.9400e+00],
       ...,
       [6.0760e-02, 0.0000e+00, 1.1930e+01, ..., 2.1000e+01, 3.9690e+02,
        5.6400e+00],
       [1.0959e-01, 0.0000e+00, 1.1930e+01, ..., 2.1000e+01, 3.9345e+02,
        6.4800e+00],
       [4.7410e-02, 0.0000e+00, 1.1930e+01, ..., 2.1000e+01, 3.9690e+02,
        7.8800e+00]]), 'y_train': array([24. , 21.6, 33.4, 28.7, 22.9, 27.1, 16.5, 18.9, 15. , 18.9, 21.7,
       20.4, 18.2, 23.1, 17.5, 20.2, 18.2, 13.6, 19.6, 15.2, 14.5, 15.6,
       13.9, 16.6, 14.8, 18.4, 21. , 12.7, 14.5, 13.2, 13.1, 13.5, 18.9,
       20. , 21. , 24.7, 30.8, 34.9, 25.3, 24.7, 21.2, 19.3, 20. , 16.6,
       14.4, 19.4, 19.7, 20.5, 25. , 23.4, 18.9, 35.4, 24.7, 31.6, 19.6,
       18.7, 16. , 22.2, 33. , 23.5, 19.4, 22. , 17.4, 20.9, 24.2, 21.7,
       22.8, 23.4, 21.4, 20. , 20.8, 21.2, 20.3, 23.9, 24.8, 22.9, 23.9,
       26.6, 22.2, 23.6, 28.7, 22.9, 25. , 20.6, 28.4, 21.4, 38.7, 43.8,
       27.5, 26.5, 18.6, 19.3, 20.1, 19.5, 19.5, 20.4, 19.8, 19.4, 22.8,
       18.8, 18.7, 18.5, 19.2, 20.4, 22. , 20.3, 20.5, 17.3, 18.8, 21.4,
       15.7, 16.2, 14.3, 19.2, 19.6, 23. , 18.4, 15.6, 18.1, 17.4, 17.1,
       13.3, 17.8, 14. , 14.4, 13.4, 15.6, 13.8, 15.6, 14.6, 17.8, 15.4,
       21.5, 19.6, 15.3, 19.4, 17. , 15.6, 13.1, 41.3, 23.3, 27. , 50. ,
       50. , 22.7, 25. , 50. , 23.8, 23.8, 22.3, 17.4, 19.1, 23.6, 22.6,
       29.4, 23.2, 24.6, 29.9, 37.2, 39.8, 36.2, 37.9, 32.5, 26.4, 29.6,
       50. , 32. , 29.8, 34.9, 37. , 30.5, 36.4, 31.1, 29.1, 50. , 33.3,
       30.3, 34.6, 34.9, 24.1, 42.3, 48.5, 50. , 22.6, 24.4, 22.5, 24.4,
       20. , 21.7, 19.3, 22.4, 28.1, 23.7, 25. , 23.3, 28.7, 21.5, 23. ,
       26.7, 21.7, 27.5, 30.1, 44.8, 50. , 37.6, 31.6, 46.7, 31.5, 31.7,
       41.7, 48.3, 29. , 24. , 25.1, 31.5, 23.7, 23.3, 22. , 20.1, 23.7,
       17.6, 18.5, 24.3, 20.5, 26.2, 24.4, 24.8, 29.6, 42.8, 21.9, 20.9,
       44. , 50. , 36. , 30.1, 33.8, 43.1, 48.8, 31. , 36.5, 22.8, 30.7,
       50. , 43.5, 20.7, 21.1, 25.2, 24.4, 35.2, 32.4, 32. , 33.2, 33.1,
       29.1, 35.1, 45.4, 35.4, 46. , 50. , 32.2, 22. , 20.1, 23.2, 28.5,
       37.3, 27.9, 23.9, 21.7, 27.1, 20.3, 22.5, 29. , 24.8, 22. , 26.4,
       33.1, 28.4, 33.4, 28.2, 22.8, 20.3, 16.1, 22.1, 19.4, 21.6, 23.8,
       17.8, 19.8, 23.1, 21. , 23.8, 23.1, 20.4, 18.5, 25. , 24.6, 23. ,
       22.2, 19.3, 22.6, 17.1, 19.4, 22.2, 20.7, 21.1, 19.5, 18.5, 20.6,
       19. , 18.7, 32.7, 16.5, 23.9, 31.2, 17.2, 23.1, 26.6, 22.9, 24.1,
       30.1, 18.2, 20.6, 17.8, 21.7, 22.7, 22.6, 25. , 19.9, 20.8, 16.8,
       27.5, 21.9, 50. , 50. , 50. , 50. , 13.8, 13.8, 15. , 13.9, 13.3,
       13.1, 10.2, 10.4, 10.9, 11.3, 12.3,  8.8,  7.2, 10.5,  7.4, 10.2,
       11.5, 15.1, 23.2,  9.7, 13.8, 12.7,  8.5,  5. ,  6.3,  5.6,  7.2,
       12.1,  8.3,  8.5,  5. , 11.9, 27.9, 17.2, 15. , 17.2, 17.9, 16.3,
        7. ,  7.2,  7.5, 10.4,  8.8,  8.4, 16.7, 20.8, 13.4, 11.7,  8.3,
       10.2, 10.9, 11. ,  9.5, 14.5, 14.1, 16.1, 14.3, 11.7, 13.4,  9.6,
        8.7,  8.4, 12.8, 10.5, 17.1, 15.4, 10.8, 11.8, 14.9, 14.1, 13. ,
       13.4, 15.2, 16.1, 17.8, 14.1, 13.5, 14.9, 20. , 16.4, 17.7, 19.5,
       20.2, 21.4, 19.9, 19. , 19.1, 19.1, 20.1, 19.9, 19.6, 29.8, 13.3,
       16.7, 12. , 23. , 23.7, 25. , 21.8, 19.1, 20.6, 15.2,  7. ,  8.1,
       13.6, 20.1, 21.8, 24.5, 23.1, 19.7, 18.3, 21.2, 17.5, 16.8, 22.4,
       20.6, 23.9, 22. , 11.9]), 'y_test': array([19.8, 12.6, 50. , 34.7, 21.2, 33.2, 23.1, 23.2, 17.5, 32.9, 14.6,
       22.6, 18.6, 14.2, 24.5, 12.7, 24.3, 36.1, 13.8, 14.9, 18.3, 22.2,
       11.8, 24.1, 50. , 27.5, 28. , 36.2, 20.6, 21.7, 24.3, 26.6, 21.9,
       16.2, 23.1, 22.3, 22.5, 21.4, 19.3, 12.5, 19.9, 25. , 21.2, 22. ,
       13.1, 18. , 24.5, 24.8, 18.4, 28.6, 23.3]), 'prediction_std': array([0.78754765, 0.94620323, 1.4830922 , 0.7192929 , 0.5520246 ,
       1.0378772 , 1.0040148 , 0.96992666, 0.5303734 , 0.95263803,
       1.0131044 , 0.90087223, 0.89560544, 0.70213056, 0.8724597 ,
       0.646358  , 1.3189198 , 0.94672847, 1.0514995 , 0.83693427,
       0.63138556, 0.51784694, 0.5580995 , 0.6899097 , 1.1398985 ,
       0.7859872 , 0.8694768 , 0.7058909 , 0.78433925, 0.44428208,
       0.49591655, 0.7937777 , 1.5995821 , 0.57742244, 0.5985434 ,
       0.84846765, 0.4182356 , 0.8710077 , 0.59831166, 0.66347593,
       0.4003208 , 0.76354635, 0.60779643, 0.78740096, 0.7006536 ,
       0.56995595, 0.91249275, 1.0045569 , 0.94999576, 0.78731227,
       0.651627  ], dtype=float32), 'packages': [['atomicwrites', '1.1.5'], ['attrs', '18.1.0'], ['backcall', '0.1.0'], ['coverage', '4.5.1'], ['cycler', '0.10.0'], ['decorator', '4.3.0'], ['docopt', '0.6.2'], ['hashfs', '0.7.0'], ['hypothesis', '3.57.0'], ['ipykernel', '4.8.2'], ['ipython', '6.4.0'], ['ipython-genutils', '0.2.0'], ['jedi', '0.12.0'], ['jsonpickle', '0.9.6'], ['jsonschema', '2.6.0'], ['jupyter-client', '5.2.3'], ['jupyter-core', '4.4.0'], ['kiwisolver', '1.0.1'], ['Lasagne', '0.1'], ['matplotlib', '2.2.2'], ['more-itertools', '4.2.0'], ['mpmath', '1.0.0'], ['munch', '2.3.2'], ['nbformat', '4.4.0'], ['nbval', '0.9.1'], ['numpy', '1.14.3'], ['pandas', '0.23.0'], ['parso', '0.2.1'], ['pexpect', '4.6.0'], ['pickleshare', '0.7.4'], ['Pillow', '5.1.0'], ['pip', '10.0.1'], ['pkg-resources', '0.0.0'], ['pluggy', '0.6.0'], ['prompt-toolkit', '1.0.15'], ['ptyprocess', '0.5.2'], ['py', '1.5.3'], ['py-cpuinfo', '4.0.0'], ['Pygments', '2.2.0'], ['pymongo', '3.6.1'], ['pyparsing', '2.2.0'], ['pysgmcmc', '0.0.1'], ['pytest', '3.6.0'], ['python-dateutil', '2.7.3'], ['pytz', '2018.4'], ['pyzmq', '17.0.0'], ['sacred', '0.7.3'], ['scandir', '1.7'], ['scikit-learn', '0.19.1'], ['scipy', '1.1.0'], ['seaborn', '0.8.1'], ['setuptools', '39.2.0'], ['simplegeneric', '0.8.1'], ['six', '1.11.0'], ['SQLAlchemy', '1.2.8'], ['sympy', '1.1.1'], ['Theano', '0.8.0'], ['tinydb', '3.9.0.post1'], ['tinydb-serialization', '1.0.4'], ['torch', '0.4.0'], ['torchvision', '0.2.1'], ['tornado', '5.0.2'], ['tqdm', '4.23.4'], ['traitlets', '4.3.2'], ['wcwidth', '0.1.7'], ['wheel', '0.31.1'], ['wrapt', '1.10.11']], 'x_test': array([[4.54400e-02, 0.00000e+00, 3.24000e+00, 0.00000e+00, 4.60000e-01,
        6.14400e+00, 3.22000e+01, 5.87360e+00, 4.00000e+00, 4.30000e+02,
        1.69000e+01, 3.68570e+02, 9.09000e+00],
       [9.92485e+00, 0.00000e+00, 1.81000e+01, 0.00000e+00, 7.40000e-01,
        6.25100e+00, 9.66000e+01, 2.19800e+00, 2.40000e+01, 6.66000e+02,
        2.02000e+01, 3.88520e+02, 1.64400e+01],
       [8.26725e+00, 0.00000e+00, 1.81000e+01, 1.00000e+00, 6.68000e-01,
        5.87500e+00, 8.96000e+01, 1.12960e+00, 2.40000e+01, 6.66000e+02,
        2.02000e+01, 3.47880e+02, 8.88000e+00],
       [2.72900e-02, 0.00000e+00, 7.07000e+00, 0.00000e+00, 4.69000e-01,
        7.18500e+00, 6.11000e+01, 4.96710e+00, 2.00000e+00, 2.42000e+02,
        1.78000e+01, 3.92830e+02, 4.03000e+00],
       [1.31580e-01, 0.00000e+00, 1.00100e+01, 0.00000e+00, 5.47000e-01,
        6.17600e+00, 7.25000e+01, 2.73010e+00, 6.00000e+00, 4.32000e+02,
        1.78000e+01, 3.93300e+02, 1.20400e+01],
       [6.86000e-02, 0.00000e+00, 2.89000e+00, 0.00000e+00, 4.45000e-01,
        7.41600e+00, 6.25000e+01, 3.49520e+00, 2.00000e+00, 2.76000e+02,
        1.80000e+01, 3.96900e+02, 6.19000e+00],
       [1.35222e+01, 0.00000e+00, 1.81000e+01, 0.00000e+00, 6.31000e-01,
        3.86300e+00, 1.00000e+02, 1.51060e+00, 2.40000e+01, 6.66000e+02,
        2.02000e+01, 1.31420e+02, 1.33300e+01],
       [3.56868e+00, 0.00000e+00, 1.81000e+01, 0.00000e+00, 5.80000e-01,
        6.43700e+00, 7.50000e+01, 2.89650e+00, 2.40000e+01, 6.66000e+02,
        2.02000e+01, 3.93370e+02, 1.43600e+01],
       [3.11300e-02, 0.00000e+00, 4.39000e+00, 0.00000e+00, 4.42000e-01,
        6.01400e+00, 4.85000e+01, 8.01360e+00, 3.00000e+00, 3.52000e+02,
        1.88000e+01, 3.85640e+02, 1.05300e+01],
       [1.77800e-02, 9.50000e+01, 1.47000e+00, 0.00000e+00, 4.03000e-01,
        7.13500e+00, 1.39000e+01, 7.65340e+00, 3.00000e+00, 4.02000e+02,
        1.70000e+01, 3.84300e+02, 4.45000e+00],
       [1.02330e+01, 0.00000e+00, 1.81000e+01, 0.00000e+00, 6.14000e-01,
        6.18500e+00, 9.67000e+01, 2.17050e+00, 2.40000e+01, 6.66000e+02,
        2.02000e+01, 3.79700e+02, 1.80300e+01],
       [4.68400e-02, 0.00000e+00, 3.41000e+00, 0.00000e+00, 4.89000e-01,
        6.41700e+00, 6.61000e+01, 3.09230e+00, 2.00000e+00, 2.70000e+02,
        1.78000e+01, 3.92180e+02, 8.81000e+00],
       [7.24400e-02, 6.00000e+01, 1.69000e+00, 0.00000e+00, 4.11000e-01,
        5.88400e+00, 1.85000e+01, 1.07103e+01, 4.00000e+00, 4.11000e+02,
        1.83000e+01, 3.92330e+02, 7.79000e+00],
       [7.02259e+00, 0.00000e+00, 1.81000e+01, 0.00000e+00, 7.18000e-01,
        6.00600e+00, 9.53000e+01, 1.87460e+00, 2.40000e+01, 6.66000e+02,
        2.02000e+01, 3.19980e+02, 1.57000e+01],
       [1.64390e-01, 2.20000e+01, 5.86000e+00, 0.00000e+00, 4.31000e-01,
        6.43300e+00, 4.91000e+01, 7.82650e+00, 7.00000e+00, 3.30000e+02,
        1.91000e+01, 3.74710e+02, 9.52000e+00],
       [4.66883e+00, 0.00000e+00, 1.81000e+01, 0.00000e+00, 7.13000e-01,
        5.97600e+00, 8.79000e+01, 2.58060e+00, 2.40000e+01, 6.66000e+02,
        2.02000e+01, 1.04800e+01, 1.90100e+01],
       [1.34284e+00, 0.00000e+00, 1.95800e+01, 0.00000e+00, 6.05000e-01,
        6.06600e+00, 1.00000e+02, 1.75730e+00, 5.00000e+00, 4.03000e+02,
        1.47000e+01, 3.53890e+02, 6.43000e+00],
       [5.51500e-02, 3.30000e+01, 2.18000e+00, 0.00000e+00, 4.72000e-01,
        7.23600e+00, 4.11000e+01, 4.02200e+00, 7.00000e+00, 2.22000e+02,
        1.84000e+01, 3.93680e+02, 6.93000e+00],
       [8.05579e+00, 0.00000e+00, 1.81000e+01, 0.00000e+00, 5.84000e-01,
        5.42700e+00, 9.54000e+01, 2.42980e+00, 2.40000e+01, 6.66000e+02,
        2.02000e+01, 3.52580e+02, 1.81400e+01],
       [9.51363e+00, 0.00000e+00, 1.81000e+01, 0.00000e+00, 7.13000e-01,
        6.72800e+00, 9.41000e+01, 2.49610e+00, 2.40000e+01, 6.66000e+02,
        2.02000e+01, 6.68000e+00, 1.87100e+01],
       [1.71340e-01, 0.00000e+00, 1.00100e+01, 0.00000e+00, 5.47000e-01,
        5.92800e+00, 8.82000e+01, 2.46310e+00, 6.00000e+00, 4.32000e+02,
        1.78000e+01, 3.44910e+02, 1.57600e+01],
       [1.02900e-01, 3.00000e+01, 4.93000e+00, 0.00000e+00, 4.28000e-01,
        6.35800e+00, 5.29000e+01, 7.03550e+00, 6.00000e+00, 3.00000e+02,
        1.66000e+01, 3.72750e+02, 1.12200e+01],
       [2.77974e+00, 0.00000e+00, 1.95800e+01, 0.00000e+00, 8.71000e-01,
        4.90300e+00, 9.78000e+01, 1.34590e+00, 5.00000e+00, 4.03000e+02,
        1.47000e+01, 3.96900e+02, 2.92900e+01],
       [7.89600e-02, 0.00000e+00, 1.28300e+01, 0.00000e+00, 4.37000e-01,
        6.27300e+00, 6.00000e+00, 4.25150e+00, 5.00000e+00, 3.98000e+02,
        1.87000e+01, 3.94920e+02, 6.78000e+00],
       [1.46336e+00, 0.00000e+00, 1.95800e+01, 0.00000e+00, 6.05000e-01,
        7.48900e+00, 9.08000e+01, 1.97090e+00, 5.00000e+00, 4.03000e+02,
        1.47000e+01, 3.74430e+02, 1.73000e+00],
       [1.44383e+01, 0.00000e+00, 1.81000e+01, 0.00000e+00, 5.97000e-01,
        6.85200e+00, 1.00000e+02, 1.46550e+00, 2.40000e+01, 6.66000e+02,
        2.02000e+01, 1.79360e+02, 1.97800e+01],
       [4.11300e-02, 2.50000e+01, 4.86000e+00, 0.00000e+00, 4.26000e-01,
        6.72700e+00, 3.35000e+01, 5.40070e+00, 4.00000e+00, 2.81000e+02,
        1.90000e+01, 3.96900e+02, 5.29000e+00],
       [6.90500e-02, 0.00000e+00, 2.18000e+00, 0.00000e+00, 4.58000e-01,
        7.14700e+00, 5.42000e+01, 6.06220e+00, 3.00000e+00, 2.22000e+02,
        1.87000e+01, 3.96900e+02, 5.33000e+00],
       [2.37857e+00, 0.00000e+00, 1.81000e+01, 0.00000e+00, 5.83000e-01,
        5.87100e+00, 4.19000e+01, 3.72400e+00, 2.40000e+01, 6.66000e+02,
        2.02000e+01, 3.70730e+02, 1.33400e+01],
       [1.07930e-01, 0.00000e+00, 8.56000e+00, 0.00000e+00, 5.20000e-01,
        6.19500e+00, 5.44000e+01, 2.77780e+00, 5.00000e+00, 3.84000e+02,
        2.09000e+01, 3.93490e+02, 1.30000e+01],
       [5.37000e-01, 0.00000e+00, 6.20000e+00, 0.00000e+00, 5.04000e-01,
        5.98100e+00, 6.81000e+01, 3.67150e+00, 8.00000e+00, 3.07000e+02,
        1.74000e+01, 3.78350e+02, 1.16500e+01],
       [1.27440e-01, 0.00000e+00, 6.91000e+00, 0.00000e+00, 4.48000e-01,
        6.77000e+00, 2.90000e+00, 5.72090e+00, 3.00000e+00, 2.33000e+02,
        1.79000e+01, 3.85410e+02, 4.84000e+00],
       [3.47428e+00, 0.00000e+00, 1.81000e+01, 1.00000e+00, 7.18000e-01,
        8.78000e+00, 8.29000e+01, 1.90470e+00, 2.40000e+01, 6.66000e+02,
        2.02000e+01, 3.54550e+02, 5.29000e+00],
       [2.53560e-01, 0.00000e+00, 9.90000e+00, 0.00000e+00, 5.44000e-01,
        5.70500e+00, 7.77000e+01, 3.94500e+00, 4.00000e+00, 3.04000e+02,
        1.84000e+01, 3.96420e+02, 1.15000e+01],
       [1.39140e-01, 0.00000e+00, 4.05000e+00, 0.00000e+00, 5.10000e-01,
        5.57200e+00, 8.85000e+01, 2.59610e+00, 5.00000e+00, 2.96000e+02,
        1.66000e+01, 3.96900e+02, 1.46900e+01],
       [4.59000e-02, 5.25000e+01, 5.32000e+00, 0.00000e+00, 4.05000e-01,
        6.31500e+00, 4.56000e+01, 7.31720e+00, 6.00000e+00, 2.93000e+02,
        1.66000e+01, 3.96900e+02, 7.60000e+00],
       [5.18800e-02, 0.00000e+00, 4.49000e+00, 0.00000e+00, 4.49000e-01,
        6.01500e+00, 4.51000e+01, 4.42720e+00, 3.00000e+00, 2.47000e+02,
        1.85000e+01, 3.95990e+02, 1.28600e+01],
       [1.43337e+01, 0.00000e+00, 1.81000e+01, 0.00000e+00, 6.14000e-01,
        6.22900e+00, 8.80000e+01, 1.95120e+00, 2.40000e+01, 6.66000e+02,
        2.02000e+01, 3.83320e+02, 1.31100e+01],
       [1.44760e-01, 0.00000e+00, 1.00100e+01, 0.00000e+00, 5.47000e-01,
        5.73100e+00, 6.52000e+01, 2.75920e+00, 6.00000e+00, 4.32000e+02,
        1.78000e+01, 3.91500e+02, 1.36100e+01],
       [5.87205e+00, 0.00000e+00, 1.81000e+01, 0.00000e+00, 6.93000e-01,
        6.40500e+00, 9.60000e+01, 1.67680e+00, 2.40000e+01, 6.66000e+02,
        2.02000e+01, 3.96900e+02, 1.93700e+01],
       [6.27390e-01, 0.00000e+00, 8.14000e+00, 0.00000e+00, 5.38000e-01,
        5.83400e+00, 5.65000e+01, 4.49860e+00, 4.00000e+00, 3.07000e+02,
        2.10000e+01, 3.95620e+02, 8.47000e+00],
       [1.26500e-01, 2.50000e+01, 5.13000e+00, 0.00000e+00, 4.53000e-01,
        6.76200e+00, 4.34000e+01, 7.98090e+00, 8.00000e+00, 2.84000e+02,
        1.97000e+01, 3.95580e+02, 9.50000e+00],
       [3.67367e+00, 0.00000e+00, 1.81000e+01, 0.00000e+00, 5.83000e-01,
        6.31200e+00, 5.19000e+01, 3.99170e+00, 2.40000e+01, 6.66000e+02,
        2.02000e+01, 3.88620e+02, 1.05800e+01],
       [3.93200e-02, 0.00000e+00, 3.41000e+00, 0.00000e+00, 4.89000e-01,
        6.40500e+00, 7.39000e+01, 3.09210e+00, 2.00000e+00, 2.70000e+02,
        1.78000e+01, 3.93550e+02, 8.20000e+00],
       [8.71675e+00, 0.00000e+00, 1.81000e+01, 0.00000e+00, 6.93000e-01,
        6.47100e+00, 9.88000e+01, 1.72570e+00, 2.40000e+01, 6.66000e+02,
        2.02000e+01, 3.91980e+02, 1.71200e+01],
       [3.25430e-01, 0.00000e+00, 2.18900e+01, 0.00000e+00, 6.24000e-01,
        6.43100e+00, 9.88000e+01, 1.81250e+00, 4.00000e+00, 4.37000e+02,
        2.12000e+01, 3.96900e+02, 1.53900e+01],
       [1.50100e-02, 8.00000e+01, 2.01000e+00, 0.00000e+00, 4.35000e-01,
        6.63500e+00, 2.97000e+01, 8.34400e+00, 4.00000e+00, 2.80000e+02,
        1.70000e+01, 3.90940e+02, 5.99000e+00],
       [4.29700e-02, 5.25000e+01, 5.32000e+00, 0.00000e+00, 4.05000e-01,
        6.56500e+00, 2.29000e+01, 7.31720e+00, 6.00000e+00, 2.93000e+02,
        1.66000e+01, 3.71720e+02, 9.51000e+00],
       [5.66637e+00, 0.00000e+00, 1.81000e+01, 0.00000e+00, 7.40000e-01,
        6.21900e+00, 1.00000e+02, 2.00480e+00, 2.40000e+01, 6.66000e+02,
        2.02000e+01, 3.95690e+02, 1.65900e+01],
       [1.29320e-01, 0.00000e+00, 1.39200e+01, 0.00000e+00, 4.37000e-01,
        6.67800e+00, 3.11000e+01, 5.96040e+00, 4.00000e+00, 2.89000e+02,
        1.60000e+01, 3.96900e+02, 6.27000e+00],
       [1.54450e-01, 2.50000e+01, 5.13000e+00, 0.00000e+00, 4.53000e-01,
        6.14500e+00, 2.92000e+01, 7.81480e+00, 8.00000e+00, 2.84000e+02,
        1.97000e+01, 3.90680e+02, 6.86000e+00]])}
INFO - BNN_UCI - Completed after 0:01:14
