INFO - BNN_UCI - Running command 'fit_bnn'
INFO - BNN_UCI - Started run with ID "371"
/home/freidanm/repos/pytorch_experiments/experiments_env/src/pysgmcmc/pysgmcmc/data/datasets.py:14: FutureWarning: Method .as_matrix will be removed in a future version. Use .values instead.
  x_train = train_data.as_matrix(feature_columns)
/home/freidanm/repos/pytorch_experiments/experiments_env/src/pysgmcmc/pysgmcmc/data/datasets.py:15: FutureWarning: Method .as_matrix will be removed in a future version. Use .values instead.
  y_train = train_data[label_column].as_matrix()
/home/freidanm/repos/pytorch_experiments/experiments_env/src/pysgmcmc/pysgmcmc/data/datasets.py:17: FutureWarning: Method .as_matrix will be removed in a future version. Use .values instead.
  x_test = test_data.as_matrix(feature_columns)
/home/freidanm/repos/pytorch_experiments/experiments_env/src/pysgmcmc/pysgmcmc/data/datasets.py:18: FutureWarning: Method .as_matrix will be removed in a future version. Use .values instead.
  y_test = test_data[label_column].as_matrix()
INFO - root - Performing 15000 iterations
INFO - BNN_UCI - Result: {'x_train': array([[6.3200e-03, 1.8000e+01, 2.3100e+00, ..., 1.5300e+01, 3.9690e+02,
        4.9800e+00],
       [2.7310e-02, 0.0000e+00, 7.0700e+00, ..., 1.7800e+01, 3.9690e+02,
        9.1400e+00],
       [3.2370e-02, 0.0000e+00, 2.1800e+00, ..., 1.8700e+01, 3.9463e+02,
        2.9400e+00],
       ...,
       [6.0760e-02, 0.0000e+00, 1.1930e+01, ..., 2.1000e+01, 3.9690e+02,
        5.6400e+00],
       [1.0959e-01, 0.0000e+00, 1.1930e+01, ..., 2.1000e+01, 3.9345e+02,
        6.4800e+00],
       [4.7410e-02, 0.0000e+00, 1.1930e+01, ..., 2.1000e+01, 3.9690e+02,
        7.8800e+00]]), 'prediction_std': array([1.3197855 , 0.79972196, 1.1230335 , 1.4347795 , 1.773014  ,
       1.1675875 , 0.59639853, 1.1675273 , 0.877457  , 0.7943536 ,
       0.7980075 , 1.7186744 , 0.789283  , 1.8185694 , 0.83826536,
       0.7877229 , 1.3490037 , 1.1557953 , 1.586986  , 1.6580876 ,
       1.4279417 , 0.88872844, 0.9376616 , 0.9018764 , 0.74929   ,
       0.9515692 , 0.54567844, 0.88029194, 0.9078533 , 1.1260517 ,
       2.6710782 , 1.2895136 , 0.56879437, 1.2842234 , 1.04808   ,
       0.8574623 , 0.7954117 , 0.80890787, 1.5394025 , 0.8242773 ,
       1.8153905 , 0.83609134, 0.5650947 , 0.9004182 , 1.837703  ,
       0.64508903, 1.4637207 , 0.90963346, 1.0291259 , 0.7597581 ,
       0.68071306], dtype=float32), 'y_train': array([24. , 21.6, 33.4, 36.2, 28.7, 22.9, 27.1, 16.5, 18.9, 21.7, 20.4,
       18.2, 19.9, 23.1, 17.5, 20.2, 18.2, 13.6, 19.6, 15.2, 14.5, 15.6,
       13.9, 14.8, 18.4, 21. , 12.7, 14.5, 13.2, 13.1, 13.5, 18.9, 20. ,
       21. , 30.8, 34.9, 26.6, 24.7, 21.2, 19.3, 20. , 16.6, 14.4, 19.4,
       19.7, 20.5, 25. , 18.9, 35.4, 24.7, 31.6, 23.3, 19.6, 18.7, 22.2,
       25. , 33. , 23.5, 19.4, 22. , 17.4, 20.9, 24.2, 21.7, 22.8, 23.4,
       20. , 20.8, 21.2, 20.3, 28. , 23.9, 24.8, 22.9, 23.9, 26.6, 22.5,
       22.2, 23.6, 28.7, 22.6, 22. , 25. , 20.6, 28.4, 21.4, 38.7, 43.8,
       33.2, 27.5, 26.5, 18.6, 19.3, 20.1, 19.5, 20.4, 19.8, 19.4, 21.7,
       22.8, 18.8, 18.7, 18.5, 18.3, 21.2, 19.2, 20.4, 19.3, 20.3, 20.5,
       17.3, 18.8, 21.4, 15.7, 16.2, 18. , 14.3, 19.2, 19.6, 23. , 18.4,
       15.6, 18.1, 17.4, 17.1, 13.3, 17.8, 14. , 14.4, 13.4, 15.6, 11.8,
       13.8, 15.6, 14.6, 17.8, 15.4, 21.5, 19.6, 15.3, 19.4, 17. , 15.6,
       13.1, 23.3, 27. , 50. , 50. , 50. , 22.7, 25. , 50. , 23.8, 23.8,
       22.3, 17.4, 19.1, 23.1, 23.6, 22.6, 29.4, 23.2, 24.6, 29.9, 37.2,
       36.2, 37.9, 32.5, 26.4, 29.6, 50. , 32. , 29.8, 34.9, 37. , 36.4,
       31.1, 29.1, 50. , 33.3, 30.3, 34.6, 34.9, 32.9, 24.1, 42.3, 50. ,
       22.6, 24.4, 22.5, 24.4, 20. , 21.7, 19.3, 22.4, 28.1, 23.7, 25. ,
       23.3, 21.5, 23. , 21.7, 27.5, 30.1, 44.8, 50. , 46.7, 24.3, 31.7,
       41.7, 48.3, 29. , 24. , 25.1, 23.7, 23.3, 22. , 20.1, 23.7, 17.6,
       18.5, 24.3, 20.5, 24.5, 26.2, 24.4, 24.8, 29.6, 42.8, 20.9, 44. ,
       50. , 36. , 30.1, 33.8, 43.1, 48.8, 31. , 36.5, 22.8, 30.7, 50. ,
       43.5, 20.7, 21.1, 25.2, 24.4, 35.2, 32.4, 32. , 33.2, 33.1, 29.1,
       35.1, 45.4, 46. , 50. , 32.2, 22. , 20.1, 23.2, 22.3, 24.8, 28.5,
       37.3, 23.9, 21.7, 28.6, 27.1, 20.3, 22.5, 29. , 24.8, 22. , 26.4,
       33.1, 28.4, 33.4, 28.2, 22.8, 16.1, 22.1, 19.4, 21.6, 23.8, 16.2,
       17.8, 19.8, 23.1, 21. , 23.8, 20.4, 18.5, 25. , 24.6, 23. , 22.2,
       22.6, 19.8, 17.1, 19.4, 20.7, 19.5, 18.5, 20.6, 19. , 18.7, 32.7,
       16.5, 23.9, 31.2, 17.5, 17.2, 23.1, 24.5, 26.6, 24.1, 30.1, 18.2,
       20.6, 17.8, 21.7, 22.7, 22.6, 25. , 19.9, 20.8, 16.8, 21.9, 27.5,
       21.9, 23.1, 50. , 50. , 50. , 50. , 50. , 13.8, 15. , 13.3, 13.1,
       10.2, 10.4, 10.9, 11.3,  8.8,  7.2,  7.4, 10.2, 15.1, 23.2,  9.7,
       13.8, 12.7, 13.1, 12.5,  8.5,  5. ,  6.3,  5.6,  7.2, 12.1,  8.3,
        8.5,  5. , 11.9, 17.2, 27.5, 15. , 17.9, 16.3,  7. ,  7.2,  7.5,
        8.8,  8.4, 16.7, 14.2, 20.8, 13.4, 10.2, 10.9, 11. ,  9.5, 14.5,
       14.1, 16.1, 14.3, 11.7,  9.6,  8.7,  8.4, 12.8, 10.5, 17.1, 18.4,
       15.4, 10.8, 11.8, 14.9, 12.6, 14.1, 13. , 13.4, 15.2, 17.8, 14.9,
       14.1, 12.7, 13.5, 14.9, 20. , 17.7, 19.5, 20.2, 21.4, 19.9, 19. ,
       19.1, 19.1, 19.9, 19.6, 23.2, 29.8, 13.8, 13.3, 16.7, 12. , 14.6,
       21.4, 23. , 23.7, 25. , 21.8, 20.6, 21.2, 19.1, 20.6, 15.2,  7. ,
        8.1, 20.1, 21.8, 24.5, 23.1, 19.7, 18.3, 21.2, 17.5, 16.8, 22.4,
       20.6, 23.9, 22. , 11.9]), 'y_test': array([37.6, 22.2, 27.9, 18.9, 31.5, 48.5, 23.4, 11.5, 24.7, 24.3, 26.7,
       20.1, 13.4, 30.5, 20.3, 22.9, 13.8, 10.4, 35.4, 41.3, 17.2, 25.3,
        8.3, 10.5, 22.2, 15. , 16.6, 18.6, 16.4, 19.3, 27.9, 28.7, 19.5,
       13.6, 11.7, 21.4, 13.9, 21.9, 36.1, 12.3, 39.8, 22.9, 23.1, 24.1,
       22. , 16. , 31.6, 34.7, 31.5, 16.1, 21.1]), 'packages': [['atomicwrites', '1.1.5'], ['attrs', '18.1.0'], ['backcall', '0.1.0'], ['coverage', '4.5.1'], ['cycler', '0.10.0'], ['decorator', '4.3.0'], ['docopt', '0.6.2'], ['hashfs', '0.7.0'], ['hypothesis', '3.57.0'], ['ipykernel', '4.8.2'], ['ipython', '6.4.0'], ['ipython-genutils', '0.2.0'], ['jedi', '0.12.0'], ['jsonpickle', '0.9.6'], ['jsonschema', '2.6.0'], ['jupyter-client', '5.2.3'], ['jupyter-core', '4.4.0'], ['kiwisolver', '1.0.1'], ['Lasagne', '0.1'], ['matplotlib', '2.2.2'], ['more-itertools', '4.2.0'], ['mpmath', '1.0.0'], ['munch', '2.3.2'], ['nbformat', '4.4.0'], ['nbval', '0.9.1'], ['numpy', '1.14.3'], ['pandas', '0.23.0'], ['parso', '0.2.1'], ['pexpect', '4.6.0'], ['pickleshare', '0.7.4'], ['Pillow', '5.1.0'], ['pip', '10.0.1'], ['pkg-resources', '0.0.0'], ['pluggy', '0.6.0'], ['prompt-toolkit', '1.0.15'], ['ptyprocess', '0.5.2'], ['py', '1.5.3'], ['py-cpuinfo', '4.0.0'], ['Pygments', '2.2.0'], ['pymongo', '3.6.1'], ['pyparsing', '2.2.0'], ['pysgmcmc', '0.0.1'], ['pytest', '3.6.0'], ['python-dateutil', '2.7.3'], ['pytz', '2018.4'], ['pyzmq', '17.0.0'], ['sacred', '0.7.3'], ['scandir', '1.7'], ['scikit-learn', '0.19.1'], ['scipy', '1.1.0'], ['seaborn', '0.8.1'], ['setuptools', '39.2.0'], ['simplegeneric', '0.8.1'], ['six', '1.11.0'], ['SQLAlchemy', '1.2.8'], ['sympy', '1.1.1'], ['Theano', '0.8.0'], ['tinydb', '3.9.0.post1'], ['tinydb-serialization', '1.0.4'], ['torch', '0.4.0'], ['torchvision', '0.2.1'], ['tornado', '5.0.2'], ['tqdm', '4.23.4'], ['traitlets', '4.3.2'], ['wcwidth', '0.1.7'], ['wheel', '0.31.1'], ['wrapt', '1.10.11']], 'prediction_mean': array([37.737823 , 20.74354  , 27.420921 , 19.475554 , 31.647633 ,
       49.649918 , 21.26104  , 10.359719 , 23.385033 , 26.685999 ,
       30.459105 , 21.693594 , 11.89735  , 30.0726   , 18.259552 ,
       23.754145 , 10.830708 ,  6.0081024, 36.43388  , 43.728027 ,
       12.0931   , 23.821726 ,  8.3040085,  7.3587103, 22.209408 ,
       24.346945 , 16.815006 , 21.211206 , 16.807001 , 18.585253 ,
       43.710594 , 27.929567 , 16.042416 , 15.250357 , 13.384608 ,
       22.3602   , 11.581719 , 21.580254 , 39.228645 , 11.415444 ,
       44.21703  , 23.773628 , 23.145123 , 23.509302 , 23.25801  ,
       17.459799 , 33.04509  , 33.74468  , 29.41239  , 17.71605  ,
       19.740305 ], dtype=float32), 'x_test': array([[3.82140e-01, 0.00000e+00, 6.20000e+00, 0.00000e+00, 5.04000e-01,
        8.04000e+00, 8.65000e+01, 3.21570e+00, 8.00000e+00, 3.07000e+02,
        1.74000e+01, 3.87380e+02, 3.13000e+00],
       [1.02900e-01, 3.00000e+01, 4.93000e+00, 0.00000e+00, 4.28000e-01,
        6.35800e+00, 5.29000e+01, 7.03550e+00, 6.00000e+00, 3.00000e+02,
        1.66000e+01, 3.72750e+02, 1.12200e+01],
       [3.61500e-02, 8.00000e+01, 4.95000e+00, 0.00000e+00, 4.11000e-01,
        6.63000e+00, 2.34000e+01, 5.11670e+00, 4.00000e+00, 2.45000e+02,
        1.92000e+01, 3.96900e+02, 4.70000e+00],
       [1.17470e-01, 1.25000e+01, 7.87000e+00, 0.00000e+00, 5.24000e-01,
        6.00900e+00, 8.29000e+01, 6.22670e+00, 5.00000e+00, 3.11000e+02,
        1.52000e+01, 3.96900e+02, 1.32700e+01],
       [5.11830e-01, 0.00000e+00, 6.20000e+00, 0.00000e+00, 5.07000e-01,
        7.35800e+00, 7.16000e+01, 4.14800e+00, 8.00000e+00, 3.07000e+02,
        1.74000e+01, 3.90070e+02, 4.73000e+00],
       [3.51000e-02, 9.50000e+01, 2.68000e+00, 0.00000e+00, 4.16100e-01,
        7.85300e+00, 3.32000e+01, 5.11800e+00, 4.00000e+00, 2.24000e+02,
        1.47000e+01, 3.92780e+02, 3.81000e+00],
       [4.98100e-02, 2.10000e+01, 5.64000e+00, 0.00000e+00, 4.39000e-01,
        5.99800e+00, 2.14000e+01, 6.81470e+00, 4.00000e+00, 2.43000e+02,
        1.68000e+01, 3.96900e+02, 8.43000e+00],
       [8.15174e+00, 0.00000e+00, 1.81000e+01, 0.00000e+00, 7.00000e-01,
        5.39000e+00, 9.89000e+01, 1.72810e+00, 2.40000e+01, 6.66000e+02,
        2.02000e+01, 3.96900e+02, 2.08500e+01],
       [1.75050e-01, 0.00000e+00, 5.96000e+00, 0.00000e+00, 4.99000e-01,
        5.96600e+00, 3.02000e+01, 3.84730e+00, 5.00000e+00, 2.79000e+02,
        1.92000e+01, 3.93430e+02, 1.01300e+01],
       [1.34284e+00, 0.00000e+00, 1.95800e+01, 0.00000e+00, 6.05000e-01,
        6.06600e+00, 1.00000e+02, 1.75730e+00, 5.00000e+00, 4.03000e+02,
        1.47000e+01, 3.53890e+02, 6.43000e+00],
       [3.58090e-01, 0.00000e+00, 6.20000e+00, 1.00000e+00, 5.07000e-01,
        6.95100e+00, 8.85000e+01, 2.86170e+00, 8.00000e+00, 3.07000e+02,
        1.74000e+01, 3.91700e+02, 9.71000e+00],
       [1.30751e+01, 0.00000e+00, 1.81000e+01, 0.00000e+00, 5.80000e-01,
        5.71300e+00, 5.67000e+01, 2.82370e+00, 2.40000e+01, 6.66000e+02,
        2.02000e+01, 3.96900e+02, 1.47600e+01],
       [1.11604e+01, 0.00000e+00, 1.81000e+01, 0.00000e+00, 7.40000e-01,
        6.62900e+00, 9.46000e+01, 2.12470e+00, 2.40000e+01, 6.66000e+02,
        2.02000e+01, 1.09850e+02, 2.32700e+01],
       [6.91100e-02, 4.50000e+01, 3.44000e+00, 0.00000e+00, 4.37000e-01,
        6.73900e+00, 3.08000e+01, 6.47980e+00, 5.00000e+00, 3.98000e+02,
        1.52000e+01, 3.89710e+02, 4.69000e+00],
       [3.49400e-01, 0.00000e+00, 9.90000e+00, 0.00000e+00, 5.44000e-01,
        5.97200e+00, 7.67000e+01, 3.10250e+00, 4.00000e+00, 3.04000e+02,
        1.84000e+01, 3.96240e+02, 9.97000e+00],
       [6.21100e-02, 4.00000e+01, 1.25000e+00, 0.00000e+00, 4.29000e-01,
        6.49000e+00, 4.44000e+01, 8.79210e+00, 1.00000e+00, 3.35000e+02,
        1.97000e+01, 3.96900e+02, 5.98000e+00],
       [1.84982e+01, 0.00000e+00, 1.81000e+01, 0.00000e+00, 6.68000e-01,
        4.13800e+00, 1.00000e+02, 1.13700e+00, 2.40000e+01, 6.66000e+02,
        2.02000e+01, 3.96900e+02, 3.79700e+01],
       [2.59406e+01, 0.00000e+00, 1.81000e+01, 0.00000e+00, 6.79000e-01,
        5.30400e+00, 8.91000e+01, 1.64750e+00, 2.40000e+01, 6.66000e+02,
        2.02000e+01, 1.27360e+02, 2.66400e+01],
       [3.70500e-02, 2.00000e+01, 3.33000e+00, 0.00000e+00, 4.42900e-01,
        6.96800e+00, 3.72000e+01, 5.24470e+00, 5.00000e+00, 2.16000e+02,
        1.49000e+01, 3.92230e+02, 4.59000e+00],
       [1.22358e+00, 0.00000e+00, 1.95800e+01, 0.00000e+00, 6.05000e-01,
        6.94300e+00, 9.74000e+01, 1.87730e+00, 5.00000e+00, 4.03000e+02,
        1.47000e+01, 3.63430e+02, 4.59000e+00],
       [1.40507e+01, 0.00000e+00, 1.81000e+01, 0.00000e+00, 5.97000e-01,
        6.65700e+00, 1.00000e+02, 1.52750e+00, 2.40000e+01, 6.66000e+02,
        2.02000e+01, 3.50500e+01, 2.12200e+01],
       [1.41500e-01, 0.00000e+00, 6.91000e+00, 0.00000e+00, 4.48000e-01,
        6.16900e+00, 6.60000e+00, 5.72090e+00, 3.00000e+00, 2.33000e+02,
        1.79000e+01, 3.83370e+02, 5.81000e+00],
       [1.58603e+01, 0.00000e+00, 1.81000e+01, 0.00000e+00, 6.79000e-01,
        5.89600e+00, 9.54000e+01, 1.90960e+00, 2.40000e+01, 6.66000e+02,
        2.02000e+01, 7.68000e+00, 2.43900e+01],
       [2.43938e+01, 0.00000e+00, 1.81000e+01, 0.00000e+00, 7.00000e-01,
        4.65200e+00, 1.00000e+02, 1.46720e+00, 2.40000e+01, 6.66000e+02,
        2.02000e+01, 3.96900e+02, 2.82800e+01],
       [5.08300e-02, 0.00000e+00, 5.19000e+00, 0.00000e+00, 5.15000e-01,
        6.31600e+00, 3.81000e+01, 6.45840e+00, 5.00000e+00, 2.24000e+02,
        2.02000e+01, 3.89710e+02, 5.68000e+00],
       [2.24890e-01, 1.25000e+01, 7.87000e+00, 0.00000e+00, 5.24000e-01,
        6.37700e+00, 9.43000e+01, 6.34670e+00, 5.00000e+00, 3.11000e+02,
        1.52000e+01, 3.92520e+02, 2.04500e+01],
       [6.71910e-01, 0.00000e+00, 8.14000e+00, 0.00000e+00, 5.38000e-01,
        5.81300e+00, 9.03000e+01, 4.68200e+00, 4.00000e+00, 3.07000e+02,
        2.10000e+01, 3.76880e+02, 1.48100e+01],
       [7.24400e-02, 6.00000e+01, 1.69000e+00, 0.00000e+00, 4.11000e-01,
        5.88400e+00, 1.85000e+01, 1.07103e+01, 4.00000e+00, 4.11000e+02,
        1.83000e+01, 3.92330e+02, 7.79000e+00],
       [4.81213e+00, 0.00000e+00, 1.81000e+01, 0.00000e+00, 7.13000e-01,
        6.70100e+00, 9.00000e+01, 2.59750e+00, 2.40000e+01, 6.66000e+02,
        2.02000e+01, 2.55230e+02, 1.64200e+01],
       [6.61700e-02, 0.00000e+00, 3.24000e+00, 0.00000e+00, 4.60000e-01,
        5.86800e+00, 2.58000e+01, 5.21460e+00, 4.00000e+00, 4.30000e+02,
        1.69000e+01, 3.82440e+02, 9.97000e+00],
       [1.19511e+01, 0.00000e+00, 1.81000e+01, 0.00000e+00, 6.59000e-01,
        5.60800e+00, 1.00000e+02, 1.28520e+00, 2.40000e+01, 6.66000e+02,
        2.02000e+01, 3.32090e+02, 1.21300e+01],
       [7.01300e-02, 0.00000e+00, 1.38900e+01, 0.00000e+00, 5.50000e-01,
        6.64200e+00, 8.51000e+01, 3.42110e+00, 5.00000e+00, 2.76000e+02,
        1.64000e+01, 3.92780e+02, 9.69000e+00],
       [1.71200e-01, 0.00000e+00, 8.56000e+00, 0.00000e+00, 5.20000e-01,
        5.83600e+00, 9.19000e+01, 2.21100e+00, 5.00000e+00, 3.84000e+02,
        2.09000e+01, 3.95670e+02, 1.86600e+01],
       [1.05740e-01, 0.00000e+00, 2.77400e+01, 0.00000e+00, 6.09000e-01,
        5.98300e+00, 9.88000e+01, 1.86810e+00, 4.00000e+00, 7.11000e+02,
        2.01000e+01, 3.90110e+02, 1.80700e+01],
       [8.79212e+00, 0.00000e+00, 1.81000e+01, 0.00000e+00, 5.84000e-01,
        5.56500e+00, 7.06000e+01, 2.06350e+00, 2.40000e+01, 6.66000e+02,
        2.02000e+01, 3.65000e+00, 1.71600e+01],
       [9.51200e-02, 0.00000e+00, 1.28300e+01, 0.00000e+00, 4.37000e-01,
        6.28600e+00, 4.50000e+01, 4.50260e+00, 5.00000e+00, 3.98000e+02,
        1.87000e+01, 3.83230e+02, 8.94000e+00],
       [1.52880e+01, 0.00000e+00, 1.81000e+01, 0.00000e+00, 6.71000e-01,
        6.64900e+00, 9.33000e+01, 1.34490e+00, 2.40000e+01, 6.66000e+02,
        2.02000e+01, 3.63020e+02, 2.32400e+01],
       [4.81900e-02, 8.00000e+01, 3.64000e+00, 0.00000e+00, 3.92000e-01,
        6.10800e+00, 3.20000e+01, 9.22030e+00, 1.00000e+00, 3.15000e+02,
        1.64000e+01, 3.92890e+02, 6.57000e+00],
       [5.51500e-02, 3.30000e+01, 2.18000e+00, 0.00000e+00, 4.72000e-01,
        7.23600e+00, 4.11000e+01, 4.02200e+00, 7.00000e+00, 2.22000e+02,
        1.84000e+01, 3.93680e+02, 6.93000e+00],
       [7.99248e+00, 0.00000e+00, 1.81000e+01, 0.00000e+00, 7.00000e-01,
        5.52000e+00, 1.00000e+02, 1.53310e+00, 2.40000e+01, 6.66000e+02,
        2.02000e+01, 3.96900e+02, 2.45600e+01],
       [6.58800e-02, 0.00000e+00, 2.46000e+00, 0.00000e+00, 4.88000e-01,
        7.76500e+00, 8.33000e+01, 2.74100e+00, 3.00000e+00, 1.93000e+02,
        1.78000e+01, 3.95560e+02, 7.56000e+00],
       [4.20300e-02, 2.80000e+01, 1.50400e+01, 0.00000e+00, 4.64000e-01,
        6.44200e+00, 5.36000e+01, 3.66590e+00, 4.00000e+00, 2.70000e+02,
        1.82000e+01, 3.95010e+02, 8.16000e+00],
       [1.81590e-01, 0.00000e+00, 7.38000e+00, 0.00000e+00, 4.93000e-01,
        6.37600e+00, 5.43000e+01, 4.54040e+00, 5.00000e+00, 2.87000e+02,
        1.96000e+01, 3.96900e+02, 6.87000e+00],
       [7.89600e-02, 0.00000e+00, 1.28300e+01, 0.00000e+00, 4.37000e-01,
        6.27300e+00, 6.00000e+00, 4.25150e+00, 5.00000e+00, 3.98000e+02,
        1.87000e+01, 3.94920e+02, 6.78000e+00],
       [6.89900e-02, 0.00000e+00, 2.56500e+01, 0.00000e+00, 5.81000e-01,
        5.87000e+00, 6.97000e+01, 2.25770e+00, 2.00000e+00, 1.88000e+02,
        1.91000e+01, 3.89150e+02, 1.43700e+01],
       [1.71710e-01, 2.50000e+01, 5.13000e+00, 0.00000e+00, 4.53000e-01,
        5.96600e+00, 9.34000e+01, 6.81850e+00, 8.00000e+00, 2.84000e+02,
        1.97000e+01, 3.78080e+02, 1.44400e+01],
       [4.12380e-01, 0.00000e+00, 6.20000e+00, 0.00000e+00, 5.04000e-01,
        7.16300e+00, 7.99000e+01, 3.21570e+00, 8.00000e+00, 3.07000e+02,
        1.74000e+01, 3.72080e+02, 6.36000e+00],
       [2.72900e-02, 0.00000e+00, 7.07000e+00, 0.00000e+00, 4.69000e-01,
        7.18500e+00, 6.11000e+01, 4.96710e+00, 2.00000e+00, 2.42000e+02,
        1.78000e+01, 3.92830e+02, 4.03000e+00],
       [4.41780e-01, 0.00000e+00, 6.20000e+00, 0.00000e+00, 5.04000e-01,
        6.55200e+00, 2.14000e+01, 3.37510e+00, 8.00000e+00, 3.07000e+02,
        1.74000e+01, 3.80340e+02, 3.76000e+00],
       [5.09017e+00, 0.00000e+00, 1.81000e+01, 0.00000e+00, 7.13000e-01,
        6.29700e+00, 9.18000e+01, 2.36820e+00, 2.40000e+01, 6.66000e+02,
        2.02000e+01, 3.85090e+02, 1.72700e+01],
       [3.96100e-02, 0.00000e+00, 5.19000e+00, 0.00000e+00, 5.15000e-01,
        6.03700e+00, 3.45000e+01, 5.98530e+00, 5.00000e+00, 2.24000e+02,
        2.02000e+01, 3.96900e+02, 8.01000e+00]])}
INFO - BNN_UCI - Completed after 0:03:38
