INFO - BNN_UCI - Running command 'fit_bnn'
INFO - BNN_UCI - Started run with ID "416"
/home/freidanm/repos/pytorch_experiments/experiments_env/src/pysgmcmc/pysgmcmc/data/datasets.py:14: FutureWarning: Method .as_matrix will be removed in a future version. Use .values instead.
  x_train = train_data.as_matrix(feature_columns)
/home/freidanm/repos/pytorch_experiments/experiments_env/src/pysgmcmc/pysgmcmc/data/datasets.py:15: FutureWarning: Method .as_matrix will be removed in a future version. Use .values instead.
  y_train = train_data[label_column].as_matrix()
/home/freidanm/repos/pytorch_experiments/experiments_env/src/pysgmcmc/pysgmcmc/data/datasets.py:17: FutureWarning: Method .as_matrix will be removed in a future version. Use .values instead.
  x_test = test_data.as_matrix(feature_columns)
/home/freidanm/repos/pytorch_experiments/experiments_env/src/pysgmcmc/pysgmcmc/data/datasets.py:18: FutureWarning: Method .as_matrix will be removed in a future version. Use .values instead.
  y_test = test_data[label_column].as_matrix()
INFO - root - Performing 15000 iterations
INFO - BNN_UCI - Result: {'x_train': array([[6.3200e-03, 1.8000e+01, 2.3100e+00, ..., 1.5300e+01, 3.9690e+02,
        4.9800e+00],
       [2.7310e-02, 0.0000e+00, 7.0700e+00, ..., 1.7800e+01, 3.9690e+02,
        9.1400e+00],
       [2.7290e-02, 0.0000e+00, 7.0700e+00, ..., 1.7800e+01, 3.9283e+02,
        4.0300e+00],
       ...,
       [6.0760e-02, 0.0000e+00, 1.1930e+01, ..., 2.1000e+01, 3.9690e+02,
        5.6400e+00],
       [1.0959e-01, 0.0000e+00, 1.1930e+01, ..., 2.1000e+01, 3.9345e+02,
        6.4800e+00],
       [4.7410e-02, 0.0000e+00, 1.1930e+01, ..., 2.1000e+01, 3.9690e+02,
        7.8800e+00]]), 'prediction_std': array([0.5764963 , 0.82399035, 0.48405057, 2.0784624 , 0.7514278 ,
       0.4811713 , 0.8409441 , 1.3086439 , 0.6968204 , 1.0371648 ,
       0.7016531 , 1.421871  , 0.5409028 , 0.7197327 , 0.5049836 ,
       1.9688346 , 0.7001601 , 0.5047011 , 0.54142034, 0.63785976,
       0.5385423 , 1.0921389 , 0.58272153, 0.79054505, 0.45953533,
       0.67909384, 0.8816306 , 0.6387443 , 0.7464878 , 0.6846629 ,
       0.3263743 , 0.8591634 , 0.32407495, 0.5138071 , 0.67161775,
       0.59262455, 0.755066  , 0.46640942, 0.6249665 , 0.44295868,
       0.4841949 , 0.9269458 , 0.6914921 , 0.40416452, 0.46964175,
       0.42987263, 1.0440384 , 0.6528675 , 0.48895442, 0.79054093,
       0.6726964 ], dtype=float32), 'y_train': array([24. , 21.6, 34.7, 33.4, 28.7, 22.9, 16.5, 18.9, 15. , 18.9, 21.7,
       20.4, 18.2, 19.9, 17.5, 20.2, 18.2, 13.6, 19.6, 15.2, 13.9, 16.6,
       14.8, 18.4, 12.7, 14.5, 13.2, 13.1, 13.5, 18.9, 20. , 21. , 24.7,
       30.8, 34.9, 25.3, 24.7, 21.2, 20. , 19.4, 19.7, 23.4, 35.4, 24.7,
       31.6, 23.3, 19.6, 18.7, 16. , 22.2, 25. , 33. , 23.5, 19.4, 22. ,
       17.4, 20.9, 21.7, 22.8, 23.4, 24.1, 20. , 20.8, 21.2, 20.3, 28. ,
       23.9, 24.8, 23.9, 26.6, 22.5, 22.2, 23.6, 28.7, 22.6, 22. , 25. ,
       20.6, 28.4, 21.4, 38.7, 43.8, 33.2, 27.5, 26.5, 18.6, 19.3, 19.5,
       19.5, 20.4, 19.8, 19.4, 21.7, 22.8, 18.8, 18.7, 18.5, 18.3, 21.2,
       19.2, 20.4, 19.3, 22. , 20.3, 17.3, 18.8, 21.4, 15.7, 16.2, 18. ,
       14.3, 19.2, 19.6, 23. , 18.4, 15.6, 18.1, 17.4, 17.1, 13.3, 17.8,
       14. , 14.4, 13.4, 15.6, 11.8, 13.8, 15.6, 14.6, 15.4, 21.5, 19.6,
       15.3, 19.4, 15.6, 13.1, 41.3, 24.3, 50. , 50. , 22.7, 25. , 50. ,
       23.8, 23.8, 22.3, 17.4, 19.1, 23.1, 22.6, 29.4, 23.2, 24.6, 29.9,
       37.2, 39.8, 36.2, 37.9, 32.5, 26.4, 29.6, 50. , 32. , 29.8, 37. ,
       30.5, 36.4, 31.1, 29.1, 50. , 33.3, 30.3, 34.6, 34.9, 24.1, 42.3,
       50. , 22.6, 24.4, 22.5, 24.4, 21.7, 22.4, 28.1, 23.7, 25. , 23.3,
       28.7, 21.5, 23. , 26.7, 21.7, 27.5, 44.8, 50. , 37.6, 31.6, 46.7,
       31.5, 24.3, 31.7, 41.7, 48.3, 29. , 25.1, 31.5, 23.7, 23.3, 20.1,
       22.2, 23.7, 17.6, 18.5, 24.3, 20.5, 24.5, 26.2, 24.4, 24.8, 29.6,
       21.9, 20.9, 44. , 50. , 36. , 30.1, 33.8, 43.1, 48.8, 31. , 36.5,
       22.8, 30.7, 50. , 43.5, 20.7, 21.1, 25.2, 24.4, 35.2, 32.4, 32. ,
       33.2, 33.1, 29.1, 45.4, 35.4, 46. , 50. , 32.2, 22. , 20.1, 23.2,
       22.3, 24.8, 28.5, 37.3, 27.9, 23.9, 21.7, 20.3, 22.5, 29. , 24.8,
       22. , 26.4, 36.1, 28.4, 33.4, 28.2, 22.8, 20.3, 16.1, 22.1, 21.6,
       16.2, 17.8, 19.8, 23.1, 21. , 23.8, 23.1, 20.4, 18.5, 25. , 24.6,
       23. , 22.2, 19.3, 22.6, 19.8, 17.1, 19.4, 22.2, 20.7, 19.5, 18.5,
       20.6, 19. , 18.7, 32.7, 16.5, 23.9, 31.2, 17.5, 17.2, 23.1, 24.5,
       26.6, 22.9, 24.1, 18.6, 30.1, 20.6, 17.8, 21.7, 22.7, 22.6, 25. ,
       19.9, 20.8, 16.8, 21.9, 27.5, 21.9, 23.1, 50. , 50. , 50. , 50. ,
       50. , 13.8, 13.8, 15. , 13.9, 13.3, 10.2, 10.4, 10.9, 11.3, 12.3,
        8.8,  7.2, 10.5,  7.4, 10.2, 11.5, 15.1, 23.2,  9.7, 13.8, 12.7,
       13.1, 12.5,  5. ,  6.3,  5.6,  7.2, 12.1,  8.3,  8.5,  5. , 11.9,
       27.9, 17.2, 27.5, 15. , 17.2, 17.9, 16.3,  7. ,  7.2,  7.5, 10.4,
        8.8,  8.4, 16.7, 14.2, 20.8, 13.4, 11.7,  8.3, 10.2, 10.9, 11. ,
        9.5, 14.5, 14.1, 16.1, 14.3, 11.7, 13.4,  9.6,  8.7,  8.4, 12.8,
       10.5, 17.1, 15.4, 10.8, 14.9, 14.1, 13. , 13.4, 15.2, 16.1, 17.8,
       14.9, 14.1, 12.7, 13.5, 14.9, 20. , 16.4, 17.7, 19.5, 20.2, 21.4,
       19.9, 19. , 19.1, 19.1, 20.1, 19.9, 19.6, 23.2, 29.8, 13.8, 13.3,
       16.7, 12. , 23. , 23.7, 25. , 21.8, 20.6, 21.2, 19.1, 20.6, 15.2,
        7. ,  8.1, 13.6, 20.1, 21.8, 24.5, 19.7, 21.2, 17.5, 16.8, 22.4,
       20.6, 23.9, 22. , 11.9]), 'y_test': array([21.1, 11.8, 12.6, 42.8, 22. , 23.1, 25. , 18.2, 35.1, 19.3, 24. ,
       17. , 34.9, 22.9, 19.4, 27. , 26.6, 19.3, 24.2, 21.4, 23.8, 17.8,
       48.5, 23.3, 21. , 36.2,  8.5, 18.3, 22.9, 20.5, 15.6, 20.5, 14.5,
       27.1, 32.9, 27.1, 20. , 14.6, 28.6, 20.1, 21.4, 18.9, 23.1, 13.1,
       18.4, 16.6, 50. , 23.6, 30.1, 33.1, 14.4]), 'packages': [['atomicwrites', '1.1.5'], ['attrs', '18.1.0'], ['backcall', '0.1.0'], ['coverage', '4.5.1'], ['cycler', '0.10.0'], ['decorator', '4.3.0'], ['docopt', '0.6.2'], ['hashfs', '0.7.0'], ['hypothesis', '3.57.0'], ['ipykernel', '4.8.2'], ['ipython', '6.4.0'], ['ipython-genutils', '0.2.0'], ['jedi', '0.12.0'], ['jsonpickle', '0.9.6'], ['jsonschema', '2.6.0'], ['jupyter-client', '5.2.3'], ['jupyter-core', '4.4.0'], ['kiwisolver', '1.0.1'], ['Lasagne', '0.1'], ['matplotlib', '2.2.2'], ['more-itertools', '4.2.0'], ['mpmath', '1.0.0'], ['munch', '2.3.2'], ['nbformat', '4.4.0'], ['nbval', '0.9.1'], ['numpy', '1.14.3'], ['pandas', '0.23.0'], ['parso', '0.2.1'], ['pexpect', '4.6.0'], ['pickleshare', '0.7.4'], ['Pillow', '5.1.0'], ['pip', '10.0.1'], ['pkg-resources', '0.0.0'], ['pluggy', '0.6.0'], ['prompt-toolkit', '1.0.15'], ['ptyprocess', '0.5.2'], ['py', '1.5.3'], ['py-cpuinfo', '4.0.0'], ['Pygments', '2.2.0'], ['pymongo', '3.6.1'], ['pyparsing', '2.2.0'], ['pysgmcmc', '0.0.1'], ['pytest', '3.6.0'], ['python-dateutil', '2.7.3'], ['pytz', '2018.4'], ['pyzmq', '17.0.0'], ['sacred', '0.7.3'], ['scandir', '1.7'], ['scikit-learn', '0.19.1'], ['scipy', '1.1.0'], ['seaborn', '0.8.1'], ['setuptools', '39.2.0'], ['simplegeneric', '0.8.1'], ['six', '1.11.0'], ['SQLAlchemy', '1.2.8'], ['sympy', '1.1.1'], ['Theano', '0.8.0'], ['tinydb', '3.9.0.post1'], ['tinydb-serialization', '1.0.4'], ['torch', '0.4.0'], ['torchvision', '0.2.1'], ['tornado', '5.0.2'], ['tqdm', '4.23.4'], ['traitlets', '4.3.2'], ['wcwidth', '0.1.7'], ['wheel', '0.31.1'], ['wrapt', '1.10.11']], 'prediction_mean': array([19.632742, 11.16732 , 15.171526, 31.19047 , 24.719666, 24.744282,
       26.63836 , 17.090925, 37.32145 , 16.432089, 22.935446, 19.13708 ,
       38.743866, 22.617994, 17.542849, 30.966267, 29.398674, 20.068205,
       24.693493, 22.055386, 19.265339, 15.196972, 48.43593 , 26.394775,
       21.102036, 34.11127 , 12.660179, 18.960203, 25.681028, 21.106071,
       15.746578, 19.608145, 13.638173, 24.546354, 34.98035 , 17.540749,
       17.490162, 17.600807, 25.807863, 19.891296, 20.648767, 11.440057,
       20.848068,  9.50121 , 16.63229 , 21.830965, 47.615425, 24.16745 ,
       24.271671, 34.23733 , 19.491823], dtype=float32), 'x_test': array([[3.96100e-02, 0.00000e+00, 5.19000e+00, 0.00000e+00, 5.15000e-01,
        6.03700e+00, 3.45000e+01, 5.98530e+00, 5.00000e+00, 2.24000e+02,
        2.02000e+01, 3.96900e+02, 8.01000e+00],
       [1.06718e+01, 0.00000e+00, 1.81000e+01, 0.00000e+00, 7.40000e-01,
        6.45900e+00, 9.48000e+01, 1.98790e+00, 2.40000e+01, 6.66000e+02,
        2.02000e+01, 4.30600e+01, 2.39800e+01],
       [9.92485e+00, 0.00000e+00, 1.81000e+01, 0.00000e+00, 7.40000e-01,
        6.25100e+00, 9.66000e+01, 2.19800e+00, 2.40000e+01, 6.66000e+02,
        2.02000e+01, 3.88520e+02, 1.64400e+01],
       [3.68940e-01, 2.20000e+01, 5.86000e+00, 0.00000e+00, 4.31000e-01,
        8.25900e+00, 8.40000e+00, 8.90670e+00, 7.00000e+00, 3.30000e+02,
        1.91000e+01, 3.96900e+02, 3.54000e+00],
       [1.13290e-01, 3.00000e+01, 4.93000e+00, 0.00000e+00, 4.28000e-01,
        6.89700e+00, 5.43000e+01, 6.33610e+00, 6.00000e+00, 3.00000e+02,
        1.66000e+01, 3.91250e+02, 1.13800e+01],
       [1.78990e-01, 0.00000e+00, 9.69000e+00, 0.00000e+00, 5.85000e-01,
        5.67000e+00, 2.88000e+01, 2.79860e+00, 6.00000e+00, 3.91000e+02,
        1.92000e+01, 3.93290e+02, 1.76000e+01],
       [5.36000e-02, 2.10000e+01, 5.64000e+00, 0.00000e+00, 4.39000e-01,
        6.51100e+00, 2.11000e+01, 6.81470e+00, 4.00000e+00, 2.43000e+02,
        1.68000e+01, 3.96900e+02, 5.28000e+00],
       [4.30100e-02, 8.00000e+01, 1.91000e+00, 0.00000e+00, 4.13000e-01,
        5.66300e+00, 2.19000e+01, 1.05857e+01, 4.00000e+00, 3.34000e+02,
        2.20000e+01, 3.82800e+02, 8.05000e+00],
       [2.10380e-01, 2.00000e+01, 3.33000e+00, 0.00000e+00, 4.42900e-01,
        6.81200e+00, 3.22000e+01, 4.10070e+00, 5.00000e+00, 2.16000e+02,
        1.49000e+01, 3.96900e+02, 4.85000e+00],
       [3.75780e-01, 0.00000e+00, 1.05900e+01, 1.00000e+00, 4.89000e-01,
        5.40400e+00, 8.86000e+01, 3.66500e+00, 4.00000e+00, 2.77000e+02,
        1.86000e+01, 3.95240e+02, 2.39800e+01],
       [3.30450e-01, 0.00000e+00, 6.20000e+00, 0.00000e+00, 5.07000e-01,
        6.08600e+00, 6.15000e+01, 3.65190e+00, 8.00000e+00, 3.07000e+02,
        1.74000e+01, 3.76750e+02, 1.08800e+01],
       [1.41385e+00, 0.00000e+00, 1.95800e+01, 1.00000e+00, 8.71000e-01,
        6.12900e+00, 9.60000e+01, 1.74940e+00, 5.00000e+00, 4.03000e+02,
        1.47000e+01, 3.21020e+02, 1.51200e+01],
       [8.37000e-02, 4.50000e+01, 3.44000e+00, 0.00000e+00, 4.37000e-01,
        7.18500e+00, 3.89000e+01, 4.56670e+00, 5.00000e+00, 3.98000e+02,
        1.52000e+01, 3.96900e+02, 5.39000e+00],
       [3.55100e-02, 2.50000e+01, 4.86000e+00, 0.00000e+00, 4.26000e-01,
        6.16700e+00, 4.67000e+01, 5.40070e+00, 4.00000e+00, 2.81000e+02,
        1.90000e+01, 3.90640e+02, 7.51000e+00],
       [2.61690e-01, 0.00000e+00, 9.90000e+00, 0.00000e+00, 5.44000e-01,
        6.02300e+00, 9.04000e+01, 2.83400e+00, 4.00000e+00, 3.04000e+02,
        1.84000e+01, 3.96300e+02, 1.17200e+01],
       [1.27346e+00, 0.00000e+00, 1.95800e+01, 1.00000e+00, 6.05000e-01,
        6.25000e+00, 9.26000e+01, 1.79840e+00, 5.00000e+00, 4.03000e+02,
        1.47000e+01, 3.38920e+02, 5.50000e+00],
       [1.27440e-01, 0.00000e+00, 6.91000e+00, 0.00000e+00, 4.48000e-01,
        6.77000e+00, 2.90000e+00, 5.72090e+00, 3.00000e+00, 2.33000e+02,
        1.79000e+01, 3.85410e+02, 4.84000e+00],
       [1.71420e-01, 0.00000e+00, 6.91000e+00, 0.00000e+00, 4.48000e-01,
        5.68200e+00, 3.38000e+01, 5.10040e+00, 3.00000e+00, 2.33000e+02,
        1.79000e+01, 3.96900e+02, 1.02100e+01],
       [8.82600e-02, 0.00000e+00, 1.08100e+01, 0.00000e+00, 4.13000e-01,
        6.41700e+00, 6.60000e+00, 5.28730e+00, 4.00000e+00, 3.05000e+02,
        1.92000e+01, 3.83730e+02, 6.72000e+00],
       [9.51200e-02, 0.00000e+00, 1.28300e+01, 0.00000e+00, 4.37000e-01,
        6.28600e+00, 4.50000e+01, 4.50260e+00, 5.00000e+00, 3.98000e+02,
        1.87000e+01, 3.83230e+02, 8.94000e+00],
       [3.69200e-01, 0.00000e+00, 9.90000e+00, 0.00000e+00, 5.44000e-01,
        6.56700e+00, 8.73000e+01, 3.60230e+00, 4.00000e+00, 3.04000e+02,
        1.84000e+01, 3.95690e+02, 9.28000e+00],
       [2.33099e+00, 0.00000e+00, 1.95800e+01, 0.00000e+00, 8.71000e-01,
        5.18600e+00, 9.38000e+01, 1.52960e+00, 5.00000e+00, 4.03000e+02,
        1.47000e+01, 3.56990e+02, 2.83200e+01],
       [3.51000e-02, 9.50000e+01, 2.68000e+00, 0.00000e+00, 4.16100e-01,
        7.85300e+00, 3.32000e+01, 5.11800e+00, 4.00000e+00, 2.24000e+02,
        1.47000e+01, 3.92780e+02, 3.81000e+00],
       [1.42502e+00, 0.00000e+00, 1.95800e+01, 0.00000e+00, 8.71000e-01,
        6.51000e+00, 1.00000e+02, 1.76590e+00, 5.00000e+00, 4.03000e+02,
        1.47000e+01, 3.64310e+02, 7.39000e+00],
       [1.00245e+00, 0.00000e+00, 8.14000e+00, 0.00000e+00, 5.38000e-01,
        6.67400e+00, 8.73000e+01, 4.23900e+00, 4.00000e+00, 3.07000e+02,
        2.10000e+01, 3.80230e+02, 1.19800e+01],
       [6.90500e-02, 0.00000e+00, 2.18000e+00, 0.00000e+00, 4.58000e-01,
        7.14700e+00, 5.42000e+01, 6.06220e+00, 3.00000e+00, 2.22000e+02,
        1.87000e+01, 3.96900e+02, 5.33000e+00],
       [7.67202e+00, 0.00000e+00, 1.81000e+01, 0.00000e+00, 6.93000e-01,
        5.74700e+00, 9.89000e+01, 1.63340e+00, 2.40000e+01, 6.66000e+02,
        2.02000e+01, 3.93100e+02, 1.99200e+01],
       [2.68380e-01, 0.00000e+00, 9.69000e+00, 0.00000e+00, 5.85000e-01,
        5.79400e+00, 7.06000e+01, 2.89270e+00, 6.00000e+00, 3.91000e+02,
        1.92000e+01, 3.96900e+02, 1.41000e+01],
       [4.20300e-02, 2.80000e+01, 1.50400e+01, 0.00000e+00, 4.64000e-01,
        6.44200e+00, 5.36000e+01, 3.66590e+00, 4.00000e+00, 2.70000e+02,
        1.82000e+01, 3.95010e+02, 8.16000e+00],
       [4.33700e-02, 2.10000e+01, 5.64000e+00, 0.00000e+00, 4.39000e-01,
        6.11500e+00, 6.30000e+01, 6.81470e+00, 4.00000e+00, 2.43000e+02,
        1.68000e+01, 3.93970e+02, 9.43000e+00],
       [7.50260e-01, 0.00000e+00, 8.14000e+00, 0.00000e+00, 5.38000e-01,
        5.92400e+00, 9.41000e+01, 4.39960e+00, 4.00000e+00, 3.07000e+02,
        2.10000e+01, 3.94330e+02, 1.63000e+01],
       [9.29900e-02, 0.00000e+00, 2.56500e+01, 0.00000e+00, 5.81000e-01,
        5.96100e+00, 9.29000e+01, 2.08690e+00, 2.00000e+00, 1.88000e+02,
        1.91000e+01, 3.78090e+02, 1.79300e+01],
       [9.88430e-01, 0.00000e+00, 8.14000e+00, 0.00000e+00, 5.38000e-01,
        5.81300e+00, 1.00000e+02, 4.09520e+00, 4.00000e+00, 3.07000e+02,
        2.10000e+01, 3.94540e+02, 1.98800e+01],
       [5.37200e-02, 0.00000e+00, 1.39200e+01, 0.00000e+00, 4.37000e-01,
        6.54900e+00, 5.10000e+01, 5.96040e+00, 4.00000e+00, 2.89000e+02,
        1.60000e+01, 3.92850e+02, 7.39000e+00],
       [1.77800e-02, 9.50000e+01, 1.47000e+00, 0.00000e+00, 4.03000e-01,
        7.13500e+00, 1.39000e+01, 7.65340e+00, 3.00000e+00, 4.02000e+02,
        1.70000e+01, 3.84300e+02, 4.45000e+00],
       [1.44550e-01, 1.25000e+01, 7.87000e+00, 0.00000e+00, 5.24000e-01,
        6.17200e+00, 9.61000e+01, 5.95050e+00, 5.00000e+00, 3.11000e+02,
        1.52000e+01, 3.96900e+02, 1.91500e+01],
       [4.35710e-01, 0.00000e+00, 1.05900e+01, 1.00000e+00, 4.89000e-01,
        5.34400e+00, 1.00000e+02, 3.87500e+00, 4.00000e+00, 2.77000e+02,
        1.86000e+01, 3.96900e+02, 2.30900e+01],
       [1.02330e+01, 0.00000e+00, 1.81000e+01, 0.00000e+00, 6.14000e-01,
        6.18500e+00, 9.67000e+01, 2.17050e+00, 2.40000e+01, 6.66000e+02,
        2.02000e+01, 3.79700e+02, 1.80300e+01],
       [1.29320e-01, 0.00000e+00, 1.39200e+01, 0.00000e+00, 4.37000e-01,
        6.67800e+00, 3.11000e+01, 5.96040e+00, 4.00000e+00, 2.89000e+02,
        1.60000e+01, 3.96900e+02, 6.27000e+00],
       [1.39600e-01, 0.00000e+00, 8.56000e+00, 0.00000e+00, 5.20000e-01,
        6.16700e+00, 9.00000e+01, 2.42100e+00, 5.00000e+00, 3.84000e+02,
        2.09000e+01, 3.92690e+02, 1.23300e+01],
       [1.43337e+01, 0.00000e+00, 1.81000e+01, 0.00000e+00, 6.14000e-01,
        6.22900e+00, 8.80000e+01, 1.95120e+00, 2.40000e+01, 6.66000e+02,
        2.02000e+01, 3.83320e+02, 1.31100e+01],
       [1.36000e-02, 7.50000e+01, 4.00000e+00, 0.00000e+00, 4.10000e-01,
        5.88800e+00, 4.76000e+01, 7.31970e+00, 3.00000e+00, 4.69000e+02,
        2.11000e+01, 3.96900e+02, 1.48000e+01],
       [1.05393e+00, 0.00000e+00, 8.14000e+00, 0.00000e+00, 5.38000e-01,
        5.93500e+00, 2.93000e+01, 4.49860e+00, 4.00000e+00, 3.07000e+02,
        2.10000e+01, 3.86850e+02, 6.58000e+00],
       [2.36482e+01, 0.00000e+00, 1.81000e+01, 0.00000e+00, 6.71000e-01,
        6.38000e+00, 9.62000e+01, 1.38610e+00, 2.40000e+01, 6.66000e+02,
        2.02000e+01, 3.96900e+02, 2.36900e+01],
       [5.66637e+00, 0.00000e+00, 1.81000e+01, 0.00000e+00, 7.40000e-01,
        6.21900e+00, 1.00000e+02, 2.00480e+00, 2.40000e+01, 6.66000e+02,
        2.02000e+01, 3.95690e+02, 1.65900e+01],
       [2.29270e-01, 0.00000e+00, 6.91000e+00, 0.00000e+00, 4.48000e-01,
        6.03000e+00, 8.55000e+01, 5.68940e+00, 3.00000e+00, 2.33000e+02,
        1.79000e+01, 3.92740e+02, 1.88000e+01],
       [1.83377e+00, 0.00000e+00, 1.95800e+01, 1.00000e+00, 6.05000e-01,
        7.80200e+00, 9.82000e+01, 2.04070e+00, 5.00000e+00, 4.03000e+02,
        1.47000e+01, 3.89610e+02, 1.92000e+00],
       [9.17800e-02, 0.00000e+00, 4.05000e+00, 0.00000e+00, 5.10000e-01,
        6.41600e+00, 8.41000e+01, 2.64630e+00, 5.00000e+00, 2.96000e+02,
        1.66000e+01, 3.95500e+02, 9.04000e+00],
       [6.14700e-01, 0.00000e+00, 6.20000e+00, 0.00000e+00, 5.07000e-01,
        6.61800e+00, 8.08000e+01, 3.27210e+00, 8.00000e+00, 3.07000e+02,
        1.74000e+01, 3.96900e+02, 7.60000e+00],
       [1.00000e-01, 3.40000e+01, 6.09000e+00, 0.00000e+00, 4.33000e-01,
        6.98200e+00, 1.77000e+01, 5.49170e+00, 7.00000e+00, 3.29000e+02,
        1.61000e+01, 3.90430e+02, 4.86000e+00],
       [2.53870e-01, 0.00000e+00, 6.91000e+00, 0.00000e+00, 4.48000e-01,
        5.39900e+00, 9.53000e+01, 5.87000e+00, 3.00000e+00, 2.33000e+02,
        1.79000e+01, 3.96900e+02, 3.08100e+01]])}
INFO - BNN_UCI - Completed after 0:01:28
