INFO - BNN_UCI - Running command 'fit_bnn'
INFO - BNN_UCI - Started run with ID "310"
/home/freidanm/repos/pytorch_experiments/experiments_env/src/pysgmcmc/pysgmcmc/data/datasets.py:14: FutureWarning: Method .as_matrix will be removed in a future version. Use .values instead.
  x_train = train_data.as_matrix(feature_columns)
/home/freidanm/repos/pytorch_experiments/experiments_env/src/pysgmcmc/pysgmcmc/data/datasets.py:15: FutureWarning: Method .as_matrix will be removed in a future version. Use .values instead.
  y_train = train_data[label_column].as_matrix()
/home/freidanm/repos/pytorch_experiments/experiments_env/src/pysgmcmc/pysgmcmc/data/datasets.py:17: FutureWarning: Method .as_matrix will be removed in a future version. Use .values instead.
  x_test = test_data.as_matrix(feature_columns)
/home/freidanm/repos/pytorch_experiments/experiments_env/src/pysgmcmc/pysgmcmc/data/datasets.py:18: FutureWarning: Method .as_matrix will be removed in a future version. Use .values instead.
  y_test = test_data[label_column].as_matrix()
INFO - root - Performing 15000 iterations
INFO - BNN_UCI - Result: {'y_test': array([33.3, 24.4, 14.4, 12.7, 19.9, 31.7, 10.5, 18.1, 24.8, 50. , 42.3,
        7.5, 13.4, 22.8, 19.3, 13.1, 23.1, 19.3, 14.3, 13.8,  8.5, 46. ,
       10.2, 16.7, 20.1, 20. , 21.9, 33. , 21.1, 23.3, 29.4, 21.7, 50. ,
       20.4, 24.8, 33.8, 22.2, 20.8, 10.9, 20.3, 19.4, 21.8, 27.5, 39.8,
       23.8, 43.1, 19.4, 25. , 21. , 35.2, 25. ]), 'x_test': array([[4.01100e-02, 8.00000e+01, 1.52000e+00, 0.00000e+00, 4.04000e-01,
        7.28700e+00, 3.41000e+01, 7.30900e+00, 2.00000e+00, 3.29000e+02,
        1.26000e+01, 3.96900e+02, 4.08000e+00],
       [1.14600e-01, 2.00000e+01, 6.96000e+00, 0.00000e+00, 4.64000e-01,
        6.53800e+00, 5.87000e+01, 3.91750e+00, 3.00000e+00, 2.23000e+02,
        1.86000e+01, 3.94960e+02, 7.73000e+00],
       [2.53870e-01, 0.00000e+00, 6.91000e+00, 0.00000e+00, 4.48000e-01,
        5.39900e+00, 9.53000e+01, 5.87000e+00, 3.00000e+00, 2.33000e+02,
        1.79000e+01, 3.96900e+02, 3.08100e+01],
       [4.66883e+00, 0.00000e+00, 1.81000e+01, 0.00000e+00, 7.13000e-01,
        5.97600e+00, 8.79000e+01, 2.58060e+00, 2.40000e+01, 6.66000e+02,
        2.02000e+01, 1.04800e+01, 1.90100e+01],
       [6.27390e-01, 0.00000e+00, 8.14000e+00, 0.00000e+00, 5.38000e-01,
        5.83400e+00, 5.65000e+01, 4.49860e+00, 4.00000e+00, 3.07000e+02,
        2.10000e+01, 3.95620e+02, 8.47000e+00],
       [4.62960e-01, 0.00000e+00, 6.20000e+00, 0.00000e+00, 5.04000e-01,
        7.41200e+00, 7.69000e+01, 3.67150e+00, 8.00000e+00, 3.07000e+02,
        1.74000e+01, 3.76140e+02, 5.25000e+00],
       [2.43938e+01, 0.00000e+00, 1.81000e+01, 0.00000e+00, 7.00000e-01,
        4.65200e+00, 1.00000e+02, 1.46720e+00, 2.40000e+01, 6.66000e+02,
        2.02000e+01, 3.96900e+02, 2.82800e+01],
       [5.57780e-01, 0.00000e+00, 2.18900e+01, 0.00000e+00, 6.24000e-01,
        6.33500e+00, 9.82000e+01, 2.11070e+00, 4.00000e+00, 4.37000e+02,
        2.12000e+01, 3.94670e+02, 1.69600e+01],
       [2.14090e-01, 2.20000e+01, 5.86000e+00, 0.00000e+00, 4.31000e-01,
        6.43800e+00, 8.90000e+00, 7.39670e+00, 7.00000e+00, 3.30000e+02,
        1.91000e+01, 3.77070e+02, 3.59000e+00],
       [9.23230e+00, 0.00000e+00, 1.81000e+01, 0.00000e+00, 6.31000e-01,
        6.21600e+00, 1.00000e+02, 1.16910e+00, 2.40000e+01, 6.66000e+02,
        2.02000e+01, 3.66150e+02, 9.53000e+00],
       [2.17700e-02, 8.25000e+01, 2.03000e+00, 0.00000e+00, 4.15000e-01,
        7.61000e+00, 1.57000e+01, 6.27000e+00, 2.00000e+00, 3.48000e+02,
        1.47000e+01, 3.95380e+02, 3.11000e+00],
       [1.08342e+01, 0.00000e+00, 1.81000e+01, 0.00000e+00, 6.79000e-01,
        6.78200e+00, 9.08000e+01, 1.81950e+00, 2.40000e+01, 6.66000e+02,
        2.02000e+01, 2.15700e+01, 2.57900e+01],
       [1.11604e+01, 0.00000e+00, 1.81000e+01, 0.00000e+00, 7.40000e-01,
        6.62900e+00, 9.46000e+01, 2.12470e+00, 2.40000e+01, 6.66000e+02,
        2.02000e+01, 1.09850e+02, 2.32700e+01],
       [9.16400e-02, 0.00000e+00, 1.08100e+01, 0.00000e+00, 4.13000e-01,
        6.06500e+00, 7.80000e+00, 5.28730e+00, 4.00000e+00, 3.05000e+02,
        1.92000e+01, 3.90910e+02, 5.52000e+00],
       [3.75780e-01, 0.00000e+00, 1.05900e+01, 1.00000e+00, 4.89000e-01,
        5.40400e+00, 8.86000e+01, 3.66500e+00, 4.00000e+00, 2.77000e+02,
        1.86000e+01, 3.95240e+02, 2.39800e+01],
       [8.71675e+00, 0.00000e+00, 1.81000e+01, 0.00000e+00, 6.93000e-01,
        6.47100e+00, 9.88000e+01, 1.72570e+00, 2.40000e+01, 6.66000e+02,
        2.02000e+01, 3.91980e+02, 1.71200e+01],
       [1.05393e+00, 0.00000e+00, 8.14000e+00, 0.00000e+00, 5.38000e-01,
        5.93500e+00, 2.93000e+01, 4.49860e+00, 4.00000e+00, 3.07000e+02,
        2.10000e+01, 3.86850e+02, 6.58000e+00],
       [6.61700e-02, 0.00000e+00, 3.24000e+00, 0.00000e+00, 4.60000e-01,
        5.86800e+00, 2.58000e+01, 5.21460e+00, 4.00000e+00, 4.30000e+02,
        1.69000e+01, 3.82440e+02, 9.97000e+00],
       [8.81250e-01, 0.00000e+00, 2.18900e+01, 0.00000e+00, 6.24000e-01,
        5.63700e+00, 9.47000e+01, 1.97990e+00, 4.00000e+00, 4.37000e+02,
        2.12000e+01, 3.96900e+02, 1.83400e+01],
       [1.11081e+01, 0.00000e+00, 1.81000e+01, 0.00000e+00, 6.68000e-01,
        4.90600e+00, 1.00000e+02, 1.17420e+00, 2.40000e+01, 6.66000e+02,
        2.02000e+01, 3.96900e+02, 3.47700e+01],
       [4.15292e+01, 0.00000e+00, 1.81000e+01, 0.00000e+00, 6.93000e-01,
        5.53100e+00, 8.54000e+01, 1.60740e+00, 2.40000e+01, 6.66000e+02,
        2.02000e+01, 3.29460e+02, 2.73800e+01],
       [6.12900e-02, 2.00000e+01, 3.33000e+00, 1.00000e+00, 4.42900e-01,
        7.64500e+00, 4.97000e+01, 5.21190e+00, 5.00000e+00, 2.16000e+02,
        1.49000e+01, 3.77070e+02, 3.01000e+00],
       [1.78667e+01, 0.00000e+00, 1.81000e+01, 0.00000e+00, 6.71000e-01,
        6.22300e+00, 1.00000e+02, 1.38610e+00, 2.40000e+01, 6.66000e+02,
        2.02000e+01, 3.93740e+02, 2.17800e+01],
       [1.10874e+01, 0.00000e+00, 1.81000e+01, 0.00000e+00, 7.18000e-01,
        6.41100e+00, 1.00000e+02, 1.85890e+00, 2.40000e+01, 6.66000e+02,
        2.02000e+01, 3.18750e+02, 1.50200e+01],
       [1.30751e+01, 0.00000e+00, 1.81000e+01, 0.00000e+00, 5.80000e-01,
        5.71300e+00, 5.67000e+01, 2.82370e+00, 2.40000e+01, 6.66000e+02,
        2.02000e+01, 3.96900e+02, 1.47600e+01],
       [6.80117e+00, 0.00000e+00, 1.81000e+01, 0.00000e+00, 7.13000e-01,
        6.08100e+00, 8.44000e+01, 2.71750e+00, 2.40000e+01, 6.66000e+02,
        2.02000e+01, 3.96900e+02, 1.47000e+01],
       [3.69695e+00, 0.00000e+00, 1.81000e+01, 0.00000e+00, 7.18000e-01,
        4.96300e+00, 9.14000e+01, 1.75230e+00, 2.40000e+01, 6.66000e+02,
        2.02000e+01, 3.16030e+02, 1.40000e+01],
       [1.95100e-02, 1.75000e+01, 1.38000e+00, 0.00000e+00, 4.16100e-01,
        7.10400e+00, 5.95000e+01, 9.22290e+00, 3.00000e+00, 2.16000e+02,
        1.86000e+01, 3.93240e+02, 8.05000e+00],
       [2.99160e-01, 2.00000e+01, 6.96000e+00, 0.00000e+00, 4.64000e-01,
        5.85600e+00, 4.21000e+01, 4.42900e+00, 3.00000e+00, 2.23000e+02,
        1.86000e+01, 3.88650e+02, 1.30000e+01],
       [1.42502e+00, 0.00000e+00, 1.95800e+01, 0.00000e+00, 8.71000e-01,
        6.51000e+00, 1.00000e+02, 1.76590e+00, 5.00000e+00, 4.03000e+02,
        1.47000e+01, 3.64310e+02, 7.39000e+00],
       [6.66400e-02, 0.00000e+00, 4.05000e+00, 0.00000e+00, 5.10000e-01,
        6.54600e+00, 3.31000e+01, 3.13230e+00, 5.00000e+00, 2.96000e+02,
        1.66000e+01, 3.90960e+02, 5.33000e+00],
       [3.84970e+00, 0.00000e+00, 1.81000e+01, 1.00000e+00, 7.70000e-01,
        6.39500e+00, 9.10000e+01, 2.50520e+00, 2.40000e+01, 6.66000e+02,
        2.02000e+01, 3.91340e+02, 1.32700e+01],
       [6.11540e-01, 2.00000e+01, 3.97000e+00, 0.00000e+00, 6.47000e-01,
        8.70400e+00, 8.69000e+01, 1.80100e+00, 5.00000e+00, 2.64000e+02,
        1.30000e+01, 3.89700e+02, 5.12000e+00],
       [3.51140e-01, 0.00000e+00, 7.38000e+00, 0.00000e+00, 4.93000e-01,
        6.04100e+00, 4.99000e+01, 4.72110e+00, 5.00000e+00, 2.87000e+02,
        1.96000e+01, 3.96900e+02, 7.70000e+00],
       [4.29700e-02, 5.25000e+01, 5.32000e+00, 0.00000e+00, 4.05000e-01,
        6.56500e+00, 2.29000e+01, 7.31720e+00, 6.00000e+00, 2.93000e+02,
        1.66000e+01, 3.71720e+02, 9.51000e+00],
       [5.40110e-01, 2.00000e+01, 3.97000e+00, 0.00000e+00, 6.47000e-01,
        7.20300e+00, 8.18000e+01, 2.11210e+00, 5.00000e+00, 2.64000e+02,
        1.30000e+01, 3.92800e+02, 9.59000e+00],
       [7.15100e-02, 0.00000e+00, 4.49000e+00, 0.00000e+00, 4.49000e-01,
        6.12100e+00, 5.68000e+01, 3.74760e+00, 3.00000e+00, 2.47000e+02,
        1.85000e+01, 3.95150e+02, 8.44000e+00],
       [8.70700e-02, 0.00000e+00, 1.28300e+01, 0.00000e+00, 4.37000e-01,
        6.14000e+00, 4.58000e+01, 4.09050e+00, 5.00000e+00, 3.98000e+02,
        1.87000e+01, 3.86960e+02, 1.02700e+01],
       [3.76619e+01, 0.00000e+00, 1.81000e+01, 0.00000e+00, 6.79000e-01,
        6.20200e+00, 7.87000e+01, 1.86290e+00, 2.40000e+01, 6.66000e+02,
        2.02000e+01, 1.88200e+01, 1.45200e+01],
       [8.38700e-02, 0.00000e+00, 1.28300e+01, 0.00000e+00, 4.37000e-01,
        5.87400e+00, 3.66000e+01, 4.50260e+00, 5.00000e+00, 3.98000e+02,
        1.87000e+01, 3.96060e+02, 9.10000e+00],
       [3.46600e-02, 3.50000e+01, 6.06000e+00, 0.00000e+00, 4.37900e-01,
        6.03100e+00, 2.33000e+01, 6.64070e+00, 1.00000e+00, 3.04000e+02,
        1.69000e+01, 3.62250e+02, 7.83000e+00],
       [1.73310e-01, 0.00000e+00, 9.69000e+00, 0.00000e+00, 5.85000e-01,
        5.70700e+00, 5.40000e+01, 2.38170e+00, 6.00000e+00, 3.91000e+02,
        1.92000e+01, 3.96900e+02, 1.20100e+01],
       [1.48660e-01, 0.00000e+00, 8.56000e+00, 0.00000e+00, 5.20000e-01,
        6.72700e+00, 7.99000e+01, 2.77780e+00, 5.00000e+00, 3.84000e+02,
        2.09000e+01, 3.94760e+02, 9.42000e+00],
       [6.58800e-02, 0.00000e+00, 2.46000e+00, 0.00000e+00, 4.88000e-01,
        7.76500e+00, 8.33000e+01, 2.74100e+00, 3.00000e+00, 1.93000e+02,
        1.78000e+01, 3.95560e+02, 7.56000e+00],
       [3.69200e-01, 0.00000e+00, 9.90000e+00, 0.00000e+00, 5.44000e-01,
        6.56700e+00, 8.73000e+01, 3.60230e+00, 4.00000e+00, 3.04000e+02,
        1.84000e+01, 3.95690e+02, 9.28000e+00],
       [5.34120e-01, 2.00000e+01, 3.97000e+00, 0.00000e+00, 6.47000e-01,
        7.52000e+00, 8.94000e+01, 2.13980e+00, 5.00000e+00, 2.64000e+02,
        1.30000e+01, 3.88370e+02, 7.26000e+00],
       [2.14918e+00, 0.00000e+00, 1.95800e+01, 0.00000e+00, 8.71000e-01,
        5.70900e+00, 9.85000e+01, 1.62320e+00, 5.00000e+00, 4.03000e+02,
        1.47000e+01, 2.61950e+02, 1.57900e+01],
       [2.87500e-02, 2.80000e+01, 1.50400e+01, 0.00000e+00, 4.64000e-01,
        6.21100e+00, 2.89000e+01, 3.66590e+00, 4.00000e+00, 2.70000e+02,
        1.82000e+01, 3.96330e+02, 6.21000e+00],
       [8.01400e-02, 0.00000e+00, 5.96000e+00, 0.00000e+00, 4.99000e-01,
        5.85000e+00, 4.15000e+01, 3.93420e+00, 5.00000e+00, 2.79000e+02,
        1.92000e+01, 3.96900e+02, 8.77000e+00],
       [2.21880e-01, 2.00000e+01, 6.96000e+00, 1.00000e+00, 4.64000e-01,
        7.69100e+00, 5.18000e+01, 4.36650e+00, 3.00000e+00, 2.23000e+02,
        1.86000e+01, 3.90770e+02, 6.58000e+00],
       [1.26500e-01, 2.50000e+01, 5.13000e+00, 0.00000e+00, 4.53000e-01,
        6.76200e+00, 4.34000e+01, 7.98090e+00, 8.00000e+00, 2.84000e+02,
        1.97000e+01, 3.95580e+02, 9.50000e+00]]), 'y_train': array([24. , 21.6, 34.7, 33.4, 36.2, 28.7, 22.9, 27.1, 16.5, 18.9, 15. ,
       18.9, 21.7, 20.4, 18.2, 17.5, 20.2, 18.2, 13.6, 19.6, 15.2, 14.5,
       15.6, 13.9, 16.6, 14.8, 18.4, 21. , 12.7, 14.5, 13.2, 13.1, 13.5,
       18.9, 20. , 24.7, 30.8, 34.9, 26.6, 25.3, 24.7, 21.2, 19.3, 20. ,
       16.6, 19.4, 19.7, 20.5, 25. , 23.4, 18.9, 35.4, 24.7, 31.6, 23.3,
       19.6, 18.7, 16. , 22.2, 23.5, 19.4, 22. , 17.4, 20.9, 24.2, 21.7,
       23.4, 24.1, 21.4, 20. , 21.2, 28. , 23.9, 24.8, 22.9, 23.9, 26.6,
       22.5, 23.6, 28.7, 22.6, 22. , 22.9, 20.6, 28.4, 21.4, 38.7, 43.8,
       33.2, 26.5, 18.6, 19.3, 20.1, 19.5, 19.5, 20.4, 19.8, 19.4, 21.7,
       22.8, 18.8, 18.7, 18.5, 18.3, 21.2, 19.2, 20.4, 19.3, 22. , 20.3,
       20.5, 17.3, 18.8, 21.4, 15.7, 16.2, 18. , 19.2, 19.6, 23. , 18.4,
       15.6, 17.4, 17.1, 13.3, 17.8, 14. , 14.4, 13.4, 15.6, 11.8, 13.8,
       15.6, 14.6, 17.8, 15.4, 21.5, 19.6, 15.3, 17. , 15.6, 13.1, 41.3,
       24.3, 27. , 50. , 50. , 50. , 22.7, 25. , 50. , 23.8, 23.8, 22.3,
       17.4, 19.1, 23.1, 23.6, 22.6, 23.2, 24.6, 29.9, 37.2, 36.2, 37.9,
       32.5, 26.4, 29.6, 50. , 32. , 29.8, 34.9, 37. , 30.5, 36.4, 31.1,
       29.1, 50. , 30.3, 34.6, 34.9, 32.9, 24.1, 48.5, 50. , 22.6, 24.4,
       22.5, 24.4, 20. , 21.7, 22.4, 28.1, 23.7, 25. , 23.3, 28.7, 21.5,
       23. , 26.7, 21.7, 27.5, 30.1, 44.8, 50. , 37.6, 31.6, 46.7, 31.5,
       24.3, 41.7, 48.3, 29. , 24. , 25.1, 31.5, 23.7, 23.3, 22. , 20.1,
       22.2, 23.7, 17.6, 18.5, 24.3, 20.5, 24.5, 26.2, 24.4, 29.6, 42.8,
       21.9, 20.9, 44. , 36. , 30.1, 48.8, 31. , 36.5, 22.8, 30.7, 50. ,
       43.5, 20.7, 25.2, 32.4, 32. , 33.2, 33.1, 29.1, 35.1, 45.4, 35.4,
       50. , 32.2, 22. , 20.1, 23.2, 22.3, 28.5, 37.3, 27.9, 23.9, 21.7,
       28.6, 27.1, 20.3, 22.5, 29. , 24.8, 22. , 26.4, 33.1, 36.1, 28.4,
       33.4, 28.2, 22.8, 20.3, 16.1, 22.1, 19.4, 21.6, 16.2, 17.8, 19.8,
       23.1, 21. , 23.8, 23.1, 18.5, 25. , 24.6, 23. , 22.2, 22.6, 19.8,
       17.1, 22.2, 20.7, 21.1, 19.5, 18.5, 20.6, 19. , 18.7, 32.7, 16.5,
       23.9, 31.2, 17.5, 17.2, 23.1, 24.5, 26.6, 22.9, 24.1, 18.6, 30.1,
       18.2, 20.6, 17.8, 22.7, 22.6, 25. , 19.9, 20.8, 16.8, 21.9, 27.5,
       23.1, 50. , 50. , 50. , 50. , 13.8, 15. , 13.9, 13.3, 13.1, 10.4,
       10.9, 11.3, 12.3,  8.8,  7.2,  7.4, 10.2, 11.5, 15.1, 23.2,  9.7,
       13.8, 12.7, 12.5,  8.5,  5. ,  6.3,  5.6,  7.2, 12.1,  8.3,  5. ,
       11.9, 27.9, 17.2, 27.5, 15. , 17.2, 17.9, 16.3,  7. ,  7.2, 10.4,
        8.8,  8.4, 14.2, 20.8, 13.4, 11.7,  8.3, 10.2, 11. ,  9.5, 14.5,
       14.1, 16.1, 14.3, 11.7,  9.6,  8.7,  8.4, 12.8, 10.5, 17.1, 18.4,
       15.4, 10.8, 11.8, 14.9, 12.6, 14.1, 13. , 13.4, 15.2, 16.1, 17.8,
       14.9, 14.1, 13.5, 14.9, 16.4, 17.7, 19.5, 20.2, 21.4, 19.9, 19. ,
       19.1, 19.1, 19.9, 19.6, 23.2, 29.8, 13.8, 13.3, 16.7, 12. , 14.6,
       21.4, 23. , 23.7, 25. , 21.8, 20.6, 21.2, 19.1, 20.6, 15.2,  7. ,
        8.1, 13.6, 20.1, 24.5, 23.1, 19.7, 18.3, 21.2, 17.5, 16.8, 22.4,
       20.6, 23.9, 22. , 11.9]), 'x_train': array([[6.3200e-03, 1.8000e+01, 2.3100e+00, ..., 1.5300e+01, 3.9690e+02,
        4.9800e+00],
       [2.7310e-02, 0.0000e+00, 7.0700e+00, ..., 1.7800e+01, 3.9690e+02,
        9.1400e+00],
       [2.7290e-02, 0.0000e+00, 7.0700e+00, ..., 1.7800e+01, 3.9283e+02,
        4.0300e+00],
       ...,
       [6.0760e-02, 0.0000e+00, 1.1930e+01, ..., 2.1000e+01, 3.9690e+02,
        5.6400e+00],
       [1.0959e-01, 0.0000e+00, 1.1930e+01, ..., 2.1000e+01, 3.9345e+02,
        6.4800e+00],
       [4.7410e-02, 0.0000e+00, 1.1930e+01, ..., 2.1000e+01, 3.9690e+02,
        7.8800e+00]]), 'packages': [['atomicwrites', '1.1.5'], ['attrs', '18.1.0'], ['backcall', '0.1.0'], ['coverage', '4.5.1'], ['cycler', '0.10.0'], ['decorator', '4.3.0'], ['docopt', '0.6.2'], ['hashfs', '0.7.0'], ['hypothesis', '3.57.0'], ['ipykernel', '4.8.2'], ['ipython', '6.4.0'], ['ipython-genutils', '0.2.0'], ['jedi', '0.12.0'], ['jsonpickle', '0.9.6'], ['jsonschema', '2.6.0'], ['jupyter-client', '5.2.3'], ['jupyter-core', '4.4.0'], ['kiwisolver', '1.0.1'], ['Lasagne', '0.1'], ['matplotlib', '2.2.2'], ['more-itertools', '4.2.0'], ['mpmath', '1.0.0'], ['munch', '2.3.2'], ['nbformat', '4.4.0'], ['nbval', '0.9.1'], ['numpy', '1.14.3'], ['pandas', '0.23.0'], ['parso', '0.2.1'], ['pexpect', '4.6.0'], ['pickleshare', '0.7.4'], ['Pillow', '5.1.0'], ['pip', '10.0.1'], ['pkg-resources', '0.0.0'], ['pluggy', '0.6.0'], ['prompt-toolkit', '1.0.15'], ['ptyprocess', '0.5.2'], ['py', '1.5.3'], ['py-cpuinfo', '4.0.0'], ['Pygments', '2.2.0'], ['pymongo', '3.6.1'], ['pyparsing', '2.2.0'], ['pysgmcmc', '0.0.1'], ['pytest', '3.6.0'], ['python-dateutil', '2.7.3'], ['pytz', '2018.4'], ['pyzmq', '17.0.0'], ['sacred', '0.7.3'], ['scandir', '1.7'], ['scikit-learn', '0.19.1'], ['scipy', '1.1.0'], ['seaborn', '0.8.1'], ['setuptools', '39.2.0'], ['simplegeneric', '0.8.1'], ['six', '1.11.0'], ['SQLAlchemy', '1.2.8'], ['sympy', '1.1.1'], ['Theano', '0.8.0'], ['tinydb', '3.9.0.post1'], ['tinydb-serialization', '1.0.4'], ['torch', '0.4.0'], ['torchvision', '0.2.1'], ['tornado', '5.0.2'], ['tqdm', '4.23.4'], ['traitlets', '4.3.2'], ['wcwidth', '0.1.7'], ['wheel', '0.31.1'], ['wrapt', '1.10.11']], 'prediction_mean': array([37.490376 , 23.92561  , 18.406857 , 16.769901 , 19.64853  ,
       33.51207  ,  8.190407 , 16.629416 , 25.35985  , 28.352114 ,
       43.5526   , 10.151426 ,  9.894969 , 23.869787 , 21.024918 ,
       12.4469185, 21.522629 , 20.020748 , 15.819714 , 12.536675 ,
       10.574498 , 42.49284  , 10.115446 , 15.56546  , 21.554386 ,
       18.228632 , 17.179611 , 28.059258 , 19.849203 , 28.402428 ,
       30.905207 , 20.027412 , 50.21517  , 21.820961 , 24.435019 ,
       34.831352 , 22.306067 , 21.510876 , 11.876103 , 21.179699 ,
       20.761913 , 19.652283 , 24.215221 , 42.53619  , 24.504244 ,
       40.45307  , 16.99096  , 25.373667 , 21.587029 , 34.007637 ,
       25.472082 ], dtype=float32), 'prediction_std': array([0.9198742 , 0.69919217, 0.69254184, 0.72402924, 0.5277691 ,
       0.9537328 , 0.6272986 , 0.5074734 , 0.6538666 , 0.8375777 ,
       0.7690087 , 0.5489263 , 0.6236057 , 0.54283714, 0.23169842,
       0.95010215, 0.54990846, 0.4792983 , 0.55915236, 0.60758793,
       0.78912556, 0.9149757 , 0.6538668 , 0.9103706 , 0.69918996,
       0.73658234, 0.83232945, 0.8178034 , 0.6292994 , 0.6804497 ,
       0.7548891 , 0.99165946, 0.6703391 , 0.6119818 , 0.74906474,
       0.7537696 , 0.5655196 , 0.3814124 , 0.6600587 , 0.4043872 ,
       0.63784015, 0.4245389 , 0.58211714, 0.5986289 , 0.51523453,
       0.7694185 , 0.66789776, 0.7595964 , 0.5953545 , 0.8692833 ,
       0.6485897 ], dtype=float32)}
INFO - BNN_UCI - Completed after 0:01:23
