INFO - BNN_UCI - Running command 'fit_bnn'
INFO - BNN_UCI - Started run with ID "291"
/home/freidanm/repos/pytorch_experiments/experiments_env/src/pysgmcmc/pysgmcmc/data/datasets.py:14: FutureWarning: Method .as_matrix will be removed in a future version. Use .values instead.
  x_train = train_data.as_matrix(feature_columns)
/home/freidanm/repos/pytorch_experiments/experiments_env/src/pysgmcmc/pysgmcmc/data/datasets.py:15: FutureWarning: Method .as_matrix will be removed in a future version. Use .values instead.
  y_train = train_data[label_column].as_matrix()
/home/freidanm/repos/pytorch_experiments/experiments_env/src/pysgmcmc/pysgmcmc/data/datasets.py:17: FutureWarning: Method .as_matrix will be removed in a future version. Use .values instead.
  x_test = test_data.as_matrix(feature_columns)
/home/freidanm/repos/pytorch_experiments/experiments_env/src/pysgmcmc/pysgmcmc/data/datasets.py:18: FutureWarning: Method .as_matrix will be removed in a future version. Use .values instead.
  y_test = test_data[label_column].as_matrix()
INFO - root - Performing 15000 iterations
INFO - BNN_UCI - Result: {'x_test': array([[2.31390e+00, 0.00000e+00, 1.95800e+01, 0.00000e+00, 6.05000e-01,
        5.88000e+00, 9.73000e+01, 2.38870e+00, 5.00000e+00, 4.03000e+02,
        1.47000e+01, 3.48130e+02, 1.20300e+01],
       [5.51500e-02, 3.30000e+01, 2.18000e+00, 0.00000e+00, 4.72000e-01,
        7.23600e+00, 4.11000e+01, 4.02200e+00, 7.00000e+00, 2.22000e+02,
        1.84000e+01, 3.93680e+02, 6.93000e+00],
       [1.39600e-01, 0.00000e+00, 8.56000e+00, 0.00000e+00, 5.20000e-01,
        6.16700e+00, 9.00000e+01, 2.42100e+00, 5.00000e+00, 3.84000e+02,
        2.09000e+01, 3.92690e+02, 1.23300e+01],
       [2.14918e+00, 0.00000e+00, 1.95800e+01, 0.00000e+00, 8.71000e-01,
        5.70900e+00, 9.85000e+01, 1.62320e+00, 5.00000e+00, 4.03000e+02,
        1.47000e+01, 2.61950e+02, 1.57900e+01],
       [9.72418e+00, 0.00000e+00, 1.81000e+01, 0.00000e+00, 7.40000e-01,
        6.40600e+00, 9.72000e+01, 2.06510e+00, 2.40000e+01, 6.66000e+02,
        2.02000e+01, 3.85960e+02, 1.95200e+01],
       [8.30800e-02, 0.00000e+00, 2.46000e+00, 0.00000e+00, 4.88000e-01,
        5.60400e+00, 8.98000e+01, 2.98790e+00, 3.00000e+00, 1.93000e+02,
        1.78000e+01, 3.91000e+02, 1.39800e+01],
       [2.05500e-02, 8.50000e+01, 7.40000e-01, 0.00000e+00, 4.10000e-01,
        6.38300e+00, 3.57000e+01, 9.18760e+00, 2.00000e+00, 3.13000e+02,
        1.73000e+01, 3.96900e+02, 5.77000e+00],
       [1.12658e+00, 0.00000e+00, 1.95800e+01, 1.00000e+00, 8.71000e-01,
        5.01200e+00, 8.80000e+01, 1.61020e+00, 5.00000e+00, 4.03000e+02,
        1.47000e+01, 3.43280e+02, 1.21200e+01],
       [9.51363e+00, 0.00000e+00, 1.81000e+01, 0.00000e+00, 7.13000e-01,
        6.72800e+00, 9.41000e+01, 2.49610e+00, 2.40000e+01, 6.66000e+02,
        2.02000e+01, 6.68000e+00, 1.87100e+01],
       [1.55757e+01, 0.00000e+00, 1.81000e+01, 0.00000e+00, 5.80000e-01,
        5.92600e+00, 7.10000e+01, 2.90840e+00, 2.40000e+01, 6.66000e+02,
        2.02000e+01, 3.68740e+02, 1.81300e+01],
       [1.44760e-01, 0.00000e+00, 1.00100e+01, 0.00000e+00, 5.47000e-01,
        5.73100e+00, 6.52000e+01, 2.75920e+00, 6.00000e+00, 4.32000e+02,
        1.78000e+01, 3.91500e+02, 1.36100e+01],
       [3.76619e+01, 0.00000e+00, 1.81000e+01, 0.00000e+00, 6.79000e-01,
        6.20200e+00, 7.87000e+01, 1.86290e+00, 2.40000e+01, 6.66000e+02,
        2.02000e+01, 1.88200e+01, 1.45200e+01],
       [9.84900e-02, 0.00000e+00, 2.56500e+01, 0.00000e+00, 5.81000e-01,
        5.87900e+00, 9.58000e+01, 2.00630e+00, 2.00000e+00, 1.88000e+02,
        1.91000e+01, 3.79380e+02, 1.75800e+01],
       [1.80846e+01, 0.00000e+00, 1.81000e+01, 0.00000e+00, 6.79000e-01,
        6.43400e+00, 1.00000e+02, 1.83470e+00, 2.40000e+01, 6.66000e+02,
        2.02000e+01, 2.72500e+01, 2.90500e+01],
       [2.89600e-01, 0.00000e+00, 9.69000e+00, 0.00000e+00, 5.85000e-01,
        5.39000e+00, 7.29000e+01, 2.79860e+00, 6.00000e+00, 3.91000e+02,
        1.92000e+01, 3.96900e+02, 2.11400e+01],
       [4.92980e-01, 0.00000e+00, 9.90000e+00, 0.00000e+00, 5.44000e-01,
        6.63500e+00, 8.25000e+01, 3.31750e+00, 4.00000e+00, 3.04000e+02,
        1.84000e+01, 3.96900e+02, 4.54000e+00],
       [1.77830e-01, 0.00000e+00, 9.69000e+00, 0.00000e+00, 5.85000e-01,
        5.56900e+00, 7.35000e+01, 2.39990e+00, 6.00000e+00, 3.91000e+02,
        1.92000e+01, 3.95770e+02, 1.51000e+01],
       [1.74460e-01, 0.00000e+00, 1.05900e+01, 1.00000e+00, 4.89000e-01,
        5.96000e+00, 9.21000e+01, 3.87710e+00, 4.00000e+00, 2.77000e+02,
        1.86000e+01, 3.93250e+02, 1.72700e+01],
       [1.15172e+00, 0.00000e+00, 8.14000e+00, 0.00000e+00, 5.38000e-01,
        5.70100e+00, 9.50000e+01, 3.78720e+00, 4.00000e+00, 3.07000e+02,
        2.10000e+01, 3.58770e+02, 1.83500e+01],
       [4.46200e-02, 2.50000e+01, 4.86000e+00, 0.00000e+00, 4.26000e-01,
        6.61900e+00, 7.04000e+01, 5.40070e+00, 4.00000e+00, 2.81000e+02,
        1.90000e+01, 3.95630e+02, 7.22000e+00],
       [1.80028e+00, 0.00000e+00, 1.95800e+01, 0.00000e+00, 6.05000e-01,
        5.87700e+00, 7.92000e+01, 2.42590e+00, 5.00000e+00, 4.03000e+02,
        1.47000e+01, 2.27610e+02, 1.21400e+01],
       [9.39063e+00, 0.00000e+00, 1.81000e+01, 0.00000e+00, 7.40000e-01,
        5.62700e+00, 9.39000e+01, 1.81720e+00, 2.40000e+01, 6.66000e+02,
        2.02000e+01, 3.96900e+02, 2.28800e+01],
       [4.55587e+00, 0.00000e+00, 1.81000e+01, 0.00000e+00, 7.18000e-01,
        3.56100e+00, 8.79000e+01, 1.61320e+00, 2.40000e+01, 6.66000e+02,
        2.02000e+01, 3.54700e+02, 7.12000e+00],
       [1.58744e+01, 0.00000e+00, 1.81000e+01, 0.00000e+00, 6.71000e-01,
        6.54500e+00, 9.91000e+01, 1.51920e+00, 2.40000e+01, 6.66000e+02,
        2.02000e+01, 3.96900e+02, 2.10800e+01],
       [1.35870e-01, 0.00000e+00, 1.05900e+01, 1.00000e+00, 4.89000e-01,
        6.06400e+00, 5.91000e+01, 4.23920e+00, 4.00000e+00, 2.77000e+02,
        1.86000e+01, 3.81320e+02, 1.46600e+01],
       [1.38100e-02, 8.00000e+01, 4.60000e-01, 0.00000e+00, 4.22000e-01,
        7.87500e+00, 3.20000e+01, 5.64840e+00, 4.00000e+00, 2.55000e+02,
        1.44000e+01, 3.94230e+02, 2.97000e+00],
       [8.26725e+00, 0.00000e+00, 1.81000e+01, 1.00000e+00, 6.68000e-01,
        5.87500e+00, 8.96000e+01, 1.12960e+00, 2.40000e+01, 6.66000e+02,
        2.02000e+01, 3.47880e+02, 8.88000e+00],
       [4.29700e-02, 5.25000e+01, 5.32000e+00, 0.00000e+00, 4.05000e-01,
        6.56500e+00, 2.29000e+01, 7.31720e+00, 6.00000e+00, 2.93000e+02,
        1.66000e+01, 3.71720e+02, 9.51000e+00],
       [4.74100e-02, 0.00000e+00, 1.19300e+01, 0.00000e+00, 5.73000e-01,
        6.03000e+00, 8.08000e+01, 2.50500e+00, 1.00000e+00, 2.73000e+02,
        2.10000e+01, 3.96900e+02, 7.88000e+00],
       [9.06500e-02, 2.00000e+01, 6.96000e+00, 1.00000e+00, 4.64000e-01,
        5.92000e+00, 6.15000e+01, 3.91750e+00, 3.00000e+00, 2.23000e+02,
        1.86000e+01, 3.91340e+02, 1.36500e+01],
       [2.61690e-01, 0.00000e+00, 9.90000e+00, 0.00000e+00, 5.44000e-01,
        6.02300e+00, 9.04000e+01, 2.83400e+00, 4.00000e+00, 3.04000e+02,
        1.84000e+01, 3.96300e+02, 1.17200e+01],
       [7.83932e+00, 0.00000e+00, 1.81000e+01, 0.00000e+00, 6.55000e-01,
        6.20900e+00, 6.54000e+01, 2.96340e+00, 2.40000e+01, 6.66000e+02,
        2.02000e+01, 3.96900e+02, 1.32200e+01],
       [3.61500e-02, 8.00000e+01, 4.95000e+00, 0.00000e+00, 4.11000e-01,
        6.63000e+00, 2.34000e+01, 5.11670e+00, 4.00000e+00, 2.45000e+02,
        1.92000e+01, 3.96900e+02, 4.70000e+00],
       [3.41090e-01, 0.00000e+00, 7.38000e+00, 0.00000e+00, 4.93000e-01,
        6.41500e+00, 4.01000e+01, 4.72110e+00, 5.00000e+00, 2.87000e+02,
        1.96000e+01, 3.96900e+02, 6.12000e+00],
       [7.97800e-02, 4.00000e+01, 6.41000e+00, 0.00000e+00, 4.47000e-01,
        6.48200e+00, 3.21000e+01, 4.14030e+00, 4.00000e+00, 2.54000e+02,
        1.76000e+01, 3.96900e+02, 7.19000e+00],
       [2.83920e-01, 0.00000e+00, 7.38000e+00, 0.00000e+00, 4.93000e-01,
        5.70800e+00, 7.43000e+01, 4.72110e+00, 5.00000e+00, 2.87000e+02,
        1.96000e+01, 3.91130e+02, 1.17400e+01],
       [1.61282e+00, 0.00000e+00, 8.14000e+00, 0.00000e+00, 5.38000e-01,
        6.09600e+00, 9.69000e+01, 3.75980e+00, 4.00000e+00, 3.07000e+02,
        2.10000e+01, 2.48310e+02, 2.03400e+01],
       [1.13290e-01, 3.00000e+01, 4.93000e+00, 0.00000e+00, 4.28000e-01,
        6.89700e+00, 5.43000e+01, 6.33610e+00, 6.00000e+00, 3.00000e+02,
        1.66000e+01, 3.91250e+02, 1.13800e+01],
       [5.40500e-01, 2.00000e+01, 3.97000e+00, 0.00000e+00, 5.75000e-01,
        7.47000e+00, 5.26000e+01, 2.87200e+00, 5.00000e+00, 2.64000e+02,
        1.30000e+01, 3.90300e+02, 3.16000e+00],
       [8.18700e-02, 0.00000e+00, 2.89000e+00, 0.00000e+00, 4.45000e-01,
        7.82000e+00, 3.69000e+01, 3.49520e+00, 2.00000e+00, 2.76000e+02,
        1.80000e+01, 3.93530e+02, 3.57000e+00],
       [1.52880e+01, 0.00000e+00, 1.81000e+01, 0.00000e+00, 6.71000e-01,
        6.64900e+00, 9.33000e+01, 1.34490e+00, 2.40000e+01, 6.66000e+02,
        2.02000e+01, 3.63020e+02, 2.32400e+01],
       [2.68380e-01, 0.00000e+00, 9.69000e+00, 0.00000e+00, 5.85000e-01,
        5.79400e+00, 7.06000e+01, 2.89270e+00, 6.00000e+00, 3.91000e+02,
        1.92000e+01, 3.96900e+02, 1.41000e+01],
       [1.25179e+00, 0.00000e+00, 8.14000e+00, 0.00000e+00, 5.38000e-01,
        5.57000e+00, 9.81000e+01, 3.79790e+00, 4.00000e+00, 3.07000e+02,
        2.10000e+01, 3.76570e+02, 2.10200e+01],
       [3.57800e-02, 2.00000e+01, 3.33000e+00, 0.00000e+00, 4.42900e-01,
        7.82000e+00, 6.45000e+01, 4.69470e+00, 5.00000e+00, 2.16000e+02,
        1.49000e+01, 3.87310e+02, 3.76000e+00],
       [8.98296e+00, 0.00000e+00, 1.81000e+01, 1.00000e+00, 7.70000e-01,
        6.21200e+00, 9.74000e+01, 2.12220e+00, 2.40000e+01, 6.66000e+02,
        2.02000e+01, 3.77730e+02, 1.76000e+01],
       [7.90410e-01, 0.00000e+00, 9.90000e+00, 0.00000e+00, 5.44000e-01,
        6.12200e+00, 5.28000e+01, 2.64030e+00, 4.00000e+00, 3.04000e+02,
        1.84000e+01, 3.96900e+02, 5.98000e+00],
       [3.65900e-02, 2.50000e+01, 4.86000e+00, 0.00000e+00, 4.26000e-01,
        6.30200e+00, 3.22000e+01, 5.40070e+00, 4.00000e+00, 2.81000e+02,
        1.90000e+01, 3.96900e+02, 6.72000e+00],
       [5.11358e+01, 0.00000e+00, 1.81000e+01, 0.00000e+00, 5.97000e-01,
        5.75700e+00, 1.00000e+02, 1.41300e+00, 2.40000e+01, 6.66000e+02,
        2.02000e+01, 2.60000e+00, 1.01100e+01],
       [4.56000e-02, 0.00000e+00, 1.38900e+01, 1.00000e+00, 5.50000e-01,
        5.88800e+00, 5.60000e+01, 3.11210e+00, 5.00000e+00, 2.76000e+02,
        1.64000e+01, 3.92800e+02, 1.35100e+01],
       [2.98500e-02, 0.00000e+00, 2.18000e+00, 0.00000e+00, 4.58000e-01,
        6.43000e+00, 5.87000e+01, 6.06220e+00, 3.00000e+00, 2.22000e+02,
        1.87000e+01, 3.94120e+02, 5.21000e+00],
       [5.90050e-01, 0.00000e+00, 2.18900e+01, 0.00000e+00, 6.24000e-01,
        6.37200e+00, 9.79000e+01, 2.32740e+00, 4.00000e+00, 4.37000e+02,
        2.12000e+01, 3.85760e+02, 1.11200e+01]]), 'prediction_std': array([0.60689014, 1.2586765 , 0.85650766, 0.6027732 , 0.71141756,
       0.3323896 , 0.8509242 , 0.6675767 , 0.58608943, 0.77565277,
       0.38798177, 0.7034233 , 0.49610385, 0.6679912 , 0.7603056 ,
       0.8321922 , 0.48582083, 0.4010898 , 0.71251535, 0.8896617 ,
       0.49995932, 0.60952437, 0.60818326, 0.6998668 , 0.45958284,
       0.7698245 , 1.0566198 , 0.74652565, 0.31365687, 0.69964105,
       0.6299374 , 0.5437902 , 1.1322786 , 0.47998613, 0.77248716,
       0.5205134 , 1.0866541 , 1.0839807 , 1.7707361 , 0.8639735 ,
       0.84572   , 0.42826694, 0.73610604, 1.0600264 , 0.6398594 ,
       0.39404377, 0.61164945, 0.80243933, 0.73154724, 0.80131006,
       0.35168514], dtype=float32), 'prediction_mean': array([21.536533 , 39.503628 , 19.347496 , 17.184956 , 13.7351265,
       24.881115 , 21.369781 , 14.780155 , 12.214161 , 16.436218 ,
       19.834002 , 14.479917 , 18.974525 , 10.441398 , 17.177586 ,
       26.58115  , 18.144096 , 22.760984 , 15.044529 , 23.059113 ,
       18.388062 ,  8.287919 , 22.232573 , 11.269766 , 22.46921  ,
       47.378395 , 36.366585 , 23.849813 , 21.912474 , 24.75959  ,
       20.979118 , 21.912363 , 27.209251 , 24.366924 , 27.081379 ,
       15.201786 , 13.360009 , 25.826193 , 46.666374 , 49.114704 ,
       14.4192095, 18.362871 , 14.619476 , 38.498215 , 17.52927  ,
       27.696993 , 22.917002 , 18.327353 , 20.461166 , 25.32876  ,
       20.33972  ], dtype=float32), 'y_train': array([24. , 21.6, 34.7, 33.4, 36.2, 22.9, 27.1, 16.5, 18.9, 15. , 18.9,
       21.7, 20.4, 18.2, 19.9, 23.1, 17.5, 20.2, 18.2, 19.6, 15.2, 14.5,
       15.6, 13.9, 16.6, 14.8, 18.4, 21. , 12.7, 14.5, 13.2, 18.9, 20. ,
       21. , 24.7, 30.8, 34.9, 26.6, 25.3, 24.7, 21.2, 19.3, 20. , 16.6,
       14.4, 19.4, 19.7, 20.5, 25. , 23.4, 18.9, 35.4, 31.6, 23.3, 19.6,
       18.7, 16. , 22.2, 25. , 33. , 23.5, 19.4, 22. , 17.4, 20.9, 24.2,
       21.7, 22.8, 23.4, 24.1, 21.4, 20. , 20.8, 21.2, 20.3, 28. , 22.9,
       23.9, 26.6, 22.5, 22.2, 23.6, 28.7, 22.6, 22. , 22.9, 25. , 20.6,
       28.4, 21.4, 38.7, 33.2, 27.5, 26.5, 18.6, 19.3, 19.5, 19.5, 20.4,
       19.8, 19.4, 21.7, 22.8, 18.8, 18.7, 18.5, 18.3, 21.2, 19.2, 20.4,
       22. , 20.3, 20.5, 17.3, 21.4, 15.7, 16.2, 18. , 14.3, 19.2, 19.6,
       18.4, 15.6, 18.1, 17.4, 17.1, 13.3, 17.8, 14. , 14.4, 13.4, 15.6,
       11.8, 13.8, 15.6, 14.6, 17.8, 15.4, 21.5, 19.6, 17. , 15.6, 13.1,
       41.3, 24.3, 23.3, 27. , 50. , 50. , 50. , 22.7, 25. , 50. , 23.8,
       22.3, 17.4, 23.1, 23.6, 22.6, 29.4, 23.2, 24.6, 29.9, 37.2, 39.8,
       36.2, 37.9, 32.5, 29.6, 50. , 32. , 29.8, 34.9, 37. , 30.5, 36.4,
       31.1, 29.1, 33.3, 30.3, 34.6, 34.9, 32.9, 24.1, 42.3, 48.5, 50. ,
       22.6, 24.4, 22.5, 20. , 19.3, 22.4, 28.1, 23.7, 25. , 28.7, 21.5,
       23. , 26.7, 21.7, 27.5, 30.1, 44.8, 50. , 37.6, 31.6, 46.7, 31.5,
       24.3, 31.7, 41.7, 48.3, 29. , 24. , 25.1, 31.5, 23.7, 23.3, 20.1,
       22.2, 23.7, 17.6, 18.5, 24.3, 20.5, 24.5, 26.2, 24.4, 24.8, 29.6,
       42.8, 21.9, 20.9, 44. , 50. , 36. , 30.1, 33.8, 43.1, 48.8, 31. ,
       36.5, 22.8, 30.7, 50. , 21.1, 25.2, 24.4, 35.2, 32.4, 32. , 33.2,
       33.1, 35.1, 35.4, 46. , 50. , 32.2, 22. , 20.1, 23.2, 22.3, 28.5,
       37.3, 23.9, 21.7, 28.6, 27.1, 20.3, 22.5, 29. , 24.8, 22. , 26.4,
       33.1, 28.4, 33.4, 28.2, 20.3, 16.1, 21.6, 23.8, 16.2, 17.8, 19.8,
       23.1, 21. , 23.8, 23.1, 20.4, 24.6, 23. , 22.2, 19.3, 22.6, 19.8,
       17.1, 19.4, 22.2, 20.7, 21.1, 19.5, 18.5, 20.6, 19. , 18.7, 32.7,
       16.5, 23.9, 31.2, 17.5, 17.2, 23.1, 24.5, 26.6, 22.9, 24.1, 18.6,
       30.1, 18.2, 20.6, 21.7, 22.7, 22.6, 25. , 19.9, 20.8, 16.8, 21.9,
       21.9, 23.1, 50. , 50. , 50. , 50. , 13.8, 13.8, 15. , 13.3, 13.1,
       10.2, 10.4, 11.3, 12.3,  8.8,  7.2, 10.5,  7.4, 10.2, 11.5, 15.1,
       23.2,  9.7, 13.8, 12.7, 13.1, 12.5,  8.5,  5. ,  6.3,  5.6,  7.2,
       12.1,  8.3,  8.5,  5. , 11.9, 27.9, 17.2, 27.5, 17.2, 17.9, 16.3,
        7. ,  7.5, 10.4,  8.8,  8.4, 16.7, 14.2, 20.8, 13.4, 11.7,  8.3,
       10.2, 11. ,  9.5, 14.5, 14.1, 16.1, 14.3, 11.7, 13.4,  9.6,  8.7,
        8.4, 10.5, 18.4, 15.4, 10.8, 11.8, 14.9, 12.6, 14.1, 13. , 13.4,
       15.2, 16.1, 17.8, 14.1, 12.7, 13.5, 14.9, 20. , 16.4, 17.7, 19.5,
       20.2, 19.9, 19. , 19.1, 20.1, 19.9, 19.6, 23.2, 29.8, 13.8, 13.3,
       16.7, 12. , 14.6, 21.4, 23. , 23.7, 25. , 21.8, 20.6, 21.2, 19.1,
       20.6, 15.2,  7. ,  8.1, 13.6, 20.1, 21.8, 24.5, 23.1, 21.2, 16.8,
       22.4, 20.6, 23.9, 22. ]), 'x_train': array([[6.3200e-03, 1.8000e+01, 2.3100e+00, ..., 1.5300e+01, 3.9690e+02,
        4.9800e+00],
       [2.7310e-02, 0.0000e+00, 7.0700e+00, ..., 1.7800e+01, 3.9690e+02,
        9.1400e+00],
       [2.7290e-02, 0.0000e+00, 7.0700e+00, ..., 1.7800e+01, 3.9283e+02,
        4.0300e+00],
       ...,
       [4.5270e-02, 0.0000e+00, 1.1930e+01, ..., 2.1000e+01, 3.9690e+02,
        9.0800e+00],
       [6.0760e-02, 0.0000e+00, 1.1930e+01, ..., 2.1000e+01, 3.9690e+02,
        5.6400e+00],
       [1.0959e-01, 0.0000e+00, 1.1930e+01, ..., 2.1000e+01, 3.9345e+02,
        6.4800e+00]]), 'packages': [['atomicwrites', '1.1.5'], ['attrs', '18.1.0'], ['backcall', '0.1.0'], ['coverage', '4.5.1'], ['cycler', '0.10.0'], ['decorator', '4.3.0'], ['docopt', '0.6.2'], ['hashfs', '0.7.0'], ['hypothesis', '3.57.0'], ['ipykernel', '4.8.2'], ['ipython', '6.4.0'], ['ipython-genutils', '0.2.0'], ['jedi', '0.12.0'], ['jsonpickle', '0.9.6'], ['jsonschema', '2.6.0'], ['jupyter-client', '5.2.3'], ['jupyter-core', '4.4.0'], ['kiwisolver', '1.0.1'], ['Lasagne', '0.1'], ['matplotlib', '2.2.2'], ['more-itertools', '4.2.0'], ['mpmath', '1.0.0'], ['munch', '2.3.2'], ['nbformat', '4.4.0'], ['nbval', '0.9.1'], ['numpy', '1.14.3'], ['pandas', '0.23.0'], ['parso', '0.2.1'], ['pexpect', '4.6.0'], ['pickleshare', '0.7.4'], ['Pillow', '5.1.0'], ['pip', '10.0.1'], ['pkg-resources', '0.0.0'], ['pluggy', '0.6.0'], ['prompt-toolkit', '1.0.15'], ['ptyprocess', '0.5.2'], ['py', '1.5.3'], ['py-cpuinfo', '4.0.0'], ['Pygments', '2.2.0'], ['pymongo', '3.6.1'], ['pyparsing', '2.2.0'], ['pysgmcmc', '0.0.1'], ['pytest', '3.6.0'], ['python-dateutil', '2.7.3'], ['pytz', '2018.4'], ['pyzmq', '17.0.0'], ['sacred', '0.7.3'], ['scandir', '1.7'], ['scikit-learn', '0.19.1'], ['scipy', '1.1.0'], ['seaborn', '0.8.1'], ['setuptools', '39.2.0'], ['simplegeneric', '0.8.1'], ['six', '1.11.0'], ['SQLAlchemy', '1.2.8'], ['sympy', '1.1.1'], ['Theano', '0.8.0'], ['tinydb', '3.9.0.post1'], ['tinydb-serialization', '1.0.4'], ['torch', '0.4.0'], ['torchvision', '0.2.1'], ['tornado', '5.0.2'], ['tqdm', '4.23.4'], ['traitlets', '4.3.2'], ['wcwidth', '0.1.7'], ['wheel', '0.31.1'], ['wrapt', '1.10.11']], 'y_test': array([19.1, 36.1, 20.1, 19.4, 17.1, 26.4, 24.7, 15.3, 14.9, 19.1, 19.3,
       10.9, 18.8,  7.2, 19.7, 22.8, 17.5, 21.7, 13.1, 23.9, 23.8, 12.8,
       27.5, 10.9, 24.4, 50. , 50. , 24.8, 11.9, 20.7, 19.4, 21.4, 27.9,
       25. , 29.1, 18.5, 13.5, 22. , 43.5, 43.8, 13.9, 18.3, 13.6, 45.4,
       17.8, 22.1, 24.8, 15. , 23.3, 28.7, 23. ])}
INFO - BNN_UCI - Completed after 0:01:20
